seed;gen;elapsed.time;best.sensing;best.locomotion;knee.locomotion;knee.sensing;locomotions;sensings;pareto.locomotions;pareto.sensings;best.sensing.g;best.locomotion.g
3;1;1002.9863049983978;31;55;0.06173;0.0;5.0/0.283863/5.0/0.177258/5.0/0.165051/5.0/5.0/0.169956/0.206475/0.12938/0.232579/5.0/0.358318/5.0/5.0/5.0/5.0/0.192333/5.0/0.180806/5.0/0.145192/0.143988/5.0/0.091484/0.184388/5.0/0.132992/5.0/5.0/0.161019/0.173827/5.0/0.173971/5.0/5.0/5.0/0.129055/5.0/5.0/0.142573/0.483918/0.490167/0.219756/5.0/0.202302/0.151015/5.0/0.220203/0.232748/5.0/0.186204/0.212897/5.0/0.06173/0.190811/5.0/0.179821/5.0/5.0/0.19972/0.144491/5.0/0.181866/5.0/0.204955/0.100796/5.0/5.0/5.0/5.0/5.0/0.164356/5.0/0.180233/5.0/5.0/5.0/0.084595/0.351078/5.0/5.0/5.0/5.0/5.0/5.0/5.0/5.0/0.498856/5.0/5.0/0.180145/0.185508/5.0/0.261697/5.0/5.0/5.0/5.0;0.0/0.0/0.0/0.0/0.0/0.0/0.0/0.0/0.0/0.0/0.0/0.0/0.0/0.0/0.0/0.0/0.0/0.0/0.0/0.0/0.0/0.0/0.0/0.0/0.0/0.0/0.0/0.0/0.0024/0.0/0.0/0.074874/0.0/0.0/0.0/0.0/0.0/0.0/0.0/0.0/0.0/0.0/0.0/0.0/0.0/0.0/0.0/0.0/0.0/0.0/0.0/0.0/0.0/0.0/0.0/0.0/0.0/0.0/0.0/0.0/0.0/0.0/0.0/0.0/0.0/0.0/0.0/0.0/0.0/0.0/0.0/0.0/0.0/0.0/0.0/0.0/0.0/0.0/0.0/0.0/0.0/0.0/0.0/0.0/0.0/0.0/0.0/0.0/0.0/0.0/0.0/0.0/0.0/0.0/0.0/0.0/0.0/0.0/0.0/0.0;0.161019/0.132992/0.06173;0.074874/0.0024/0.0;-0.16588940104981154,-0.05783722116556156,0.1578717443488482,-0.08992576526753471,0.4196651376212419,-0.1830477862050801,-0.43155188782335707,-0.7599737528195181,-0.09104781078308566,-0.6363669761549025,-0.6088994459227213,-0.6528693824591043,-0.2867929565614469,0.8198166359040779,0.02315457879649996,-0.44630109866581424,-0.052176221373395615,-0.08316478498990132,-0.8958047697963116,0.6169025398061738,0.014907965414941993,0.9817381361468291,0.2664041811299247,-0.5121393144890534,0.9651936664404754,-0.777520519199211,-0.6681935150066685,-0.711004100922416,-0.6889968610588706,-0.7325086124190159,0.8014493254240462,-0.713128764715518,-0.024842338151280563,-0.7120690684826894,-0.3766317062377489,-0.8182834086767754,-0.2627703504566663,-0.43585302214864274,0.4522522913538314,0.9806321805549925,-0.6186853348360655,-0.06847631145591282,0.23469034323278226,0.9735803002326997,-0.8694093790059725,0.3110313454606115,-0.19264081589742088,0.0040504889969659175,0.4017244797710702,0.38932009986279836,-0.2274289868410031,0.6282804887738682,0.16113658280590526,-0.5374762021375101,-0.6115440997026018,-0.6020392530483956,0.6238513014041585,0.7255700462426142,-0.6758938592083765,0.18207281210088988,-0.8505287970234121,-0.8750699361538823,0.36140218111532474,0.11278724402145768,-0.14096628088554541,-0.1296981884582633,-0.09188677879775975,-0.24586595655551835,-0.43062018348247033,0.8695855341835983,-0.8600253602368364,0.1803812707757404,-0.6461205102681846,-0.2714852954336051,-0.9145496985335078,-0.7129856327954416,0.22166775979117115,-0.93621863472461,-0.1685451893555583,0.22373485056495657,0.14209061412414892,-0.7950890812980551,-0.15676465113420757,-0.3471709989263465,0.6066073214107801,0.7306178240890169,0.1849394902072108,0.5689660989558671,-0.17201846703445378,0.9560002021225622,0.43358891549197875,0.7812610288089279,-0.671783064319917,0.3892028228862825,0.3385334916673901,0.39012172394846334,0.7876140667783089,-0.5441832397345583,-0.7613366870433014,0.12189176173265182,-0.5565266767807733,0.9372522899865885,0.8242549940714496,-0.0382848788124277,0.6146858076397164,0.2283709971996024,0.8268917001811777,0.10209111451064778,-0.5912042696346147,0.9839420361237319,-0.46782129505664405,-0.7733012283491585,0.558223098226132,0.30442212644113087,0.7295203954526135,-0.557986041611386,0.8464378755580353,0.659573946630863,0.28485779604229045,-0.9685147941158643,0.5296779640764135,-0.25491811565594924,-0.7267792903502039,-0.34534113603591887,0.8949861183161678,-0.36923971791444665,-0.07245055731520167,0.8033790959250149,0.4230628623765398,-0.2562161751160168,-0.3331206911945024,0.09604166713459539,0.07491697528207797,0.44991597735341626,0.2893080634358405,-0.6350696135984808,0.7477370929580944,0.6020571674171138,0.001771713039280698,-0.7094260629533149,-0.09423304085252115,0.7253726421698705,-0.4577315297664355,-0.35972187880760353,0.38365274612868383,0.48152346800027956,0.6632935612566331,-0.20925339245593189,0.4654847399278308,-0.5405589124571535,-0.900737458355422,0.3793563434064102,-0.5270785821740867,0.7546266324007951,-0.34966280539938976,-0.319258772111809,0.6914611914130684,-0.9444805535251899;-0.3242478292883946,0.24700067540075277,0.5578336383042968,-0.93561181579189,-0.48151512757400594,-0.12876183742142633,0.7819766026921477,0.09939721891414721,-0.1546071229437571,0.09300225260197026,-0.2226574516087496,-0.5189291453123441,-0.6024997271827746,-0.7495103303436628,0.9566376639460992,-0.5500162282401457,0.100078707186666,0.21101408867188676,-0.6822608011429854,-0.6119962356817006,-0.8252965328131443,0.06239917406318485,-0.6999061986699204,0.4176507444833786,0.8671393303459605,-0.9584772125313616,0.7677562001938143,0.46582819551654153,-0.6852558127584232,0.1728571249938584,-0.27396364140043716,-0.425134809312784,-0.3092782965267096,0.9111551550372488,-0.20663975826888148,-0.1035428192527641,-0.7272865237532637,0.7587000646032032,-0.3641407064707025,-0.4632779786456376,-0.4773268991377235,0.6999116090979149,-0.720785864421936,-0.23328619904268733,0.23849630312448156,-0.42694831508456454,0.31321731805866193,0.8981846979579129,-0.6998936191007787,0.7482434246542369,0.05323030767883785,0.7727657283597733,-0.6551488399812229,-0.8167015329277478,0.812379885731322,-0.5758543492075616,0.7737850824020438,-0.6072531798233023,0.7316638353656699,0.6951732113554923,-0.6445177294669211,0.7915541376951902,0.09329657620192333,0.594446941979242,-0.5592608898862736,0.17380903930075497,-0.043267241957548164,-0.6253916237196488,-0.3385811338696225,0.9891366168446982,-0.4753538145738476,0.9035070696538661,-0.17300958556489365,-0.3501605036966733,0.3210278776369444,0.3137764211999374,-0.1723309104347306,-0.38475750137880094,0.34111881854404036,-0.7127132687784599,-0.4567091021518106,0.8651539764306195,-0.3661283449604278,0.064122097837509,0.9068782920537357,-0.5409782013253808,-0.8868516781817204,0.26643312243283135,0.3129626122684763,0.5398684993688538,0.9661222991345744,0.14484458110625575,0.37811311195348174,0.4550872962437076,-0.9311876423806642,0.9016645867005166,-0.7287273217618198,-0.5474822311984837,-0.7093423040088338,0.6505429081629972,0.8872164155344062,0.12584655063524353,-0.8599977519555317,-0.8341156249936894,-0.7169303968763376,-0.5169653527261926,-0.60728266421531,0.8907015064307515,0.004819213530583566,-0.7208699958676008,0.9876878935206803,-0.3044382144667448,-0.8368235882428778,-0.9045087077822047,-0.28476628878725685,0.25454422383562303,0.5518831217668827,0.10752860702249611,0.9186154999408351,0.3985213404898642,0.8147187198544648,-0.06201850960482913,-0.3020789393656069,-0.6216146999237537,0.5006537825273263,-0.7793355103536934,-0.2247329102055371,-0.19926587843784604,-0.3522258179962834,0.22330480396795682,-0.22588171811861435,-0.7889869089196901,-0.288559159335509,-0.8376338496654032,0.09715511987744763,-0.7983745532167714,-0.47398021275345803,-0.09244656609996338,-0.8721464015642741,-0.6364397396298571,-0.2065497077922973,-0.34020076583917636,0.11031430032033662,-0.0693565450082918,0.2785260218767076,-0.6387084113211436,0.12750894815277336,-0.8333331485445188,0.8589299181075292,-0.6531212217954234,-0.7274293419483395,0.9248978455501906,-0.01372470151153582,-0.8463842009483491,-0.6661851177722089,-0.6964795884027131,0.1203556931472467,-0.5071516326978249
3;2;1491.250952720642;31;55;0.06173;0.0;5.0/0.283863/0.177258/0.165051/0.169956/0.206475/0.12938/0.232579/0.358318/0.192333/0.180806/0.145192/0.143988/0.091484/0.184388/0.132992/0.161019/0.173827/0.173971/0.129055/0.142573/0.483918/0.490167/0.219756/0.202302/0.151015/0.220203/0.232748/0.186204/0.212897/0.06173/0.190811/0.179821/0.19972/0.144491/0.181866/0.204955/0.100796/0.164356/0.180233/0.084595/0.351078/0.498856/0.180145/0.185508/0.261697/5.0/5.0/5.0/5.0/0.119814/0.140023/5.0/0.18001/5.0/5.0/5.0/5.0/5.0/0.206795/5.0/0.201309/0.141466/5.0/0.188664/5.0/5.0/0.301862/0.149985/5.0/5.0/0.166846/0.147973/5.0/5.0/5.0/0.153028/5.0/0.176808/5.0/0.157949/0.180006/0.180338/0.29834/5.0/5.0/0.097976/0.186181/0.147344/5.0/0.174844/0.186712/0.40387/5.0/5.0/0.495851/5.0/0.295678/0.138813/0.150553;0.0/0.0/0.0/0.0/0.0/0.0/0.0/0.0/0.0/0.0/0.0/0.0/0.0/0.0/0.0/0.0024/0.074874/0.0/0.0/0.0/0.0/0.0/0.0/0.0/0.0/0.0/0.0/0.0/0.0/0.0/0.0/0.0/0.0/0.0/0.0/0.0/0.0/0.0/0.0/0.0/0.0/0.0/0.0/0.0/0.0/0.0/0.0/0.0/0.0/0.0/0.001444/0.0/0.0/0.0/0.0/0.0/0.0/0.0/0.0/0.0/0.0/0.0/0.0/0.0/0.0/0.0/0.0/0.0/0.007918/0.0/0.0/0.0/0.0/0.0/0.0/0.0/0.0/0.0/0.0/0.0/0.0/0.0/0.0/0.0/0.0/0.0/0.00021/0.0/0.0/0.0/0.0/0.0/0.0/0.0/0.0/0.0/0.0/0.0/0.0/0.0;0.161019/0.149985/0.132992/0.119814/0.097976/0.06173;0.074874/0.007918/0.0024/0.001444/0.00021/0.0;-0.16588940104981154,-0.05783722116556156,0.1578717443488482,-0.08992576526753471,0.4196651376212419,-0.1830477862050801,-0.43155188782335707,-0.7599737528195181,-0.09104781078308566,-0.6363669761549025,-0.6088994459227213,-0.6528693824591043,-0.2867929565614469,0.8198166359040779,0.02315457879649996,-0.44630109866581424,-0.052176221373395615,-0.08316478498990132,-0.8958047697963116,0.6169025398061738,0.014907965414941993,0.9817381361468291,0.2664041811299247,-0.5121393144890534,0.9651936664404754,-0.777520519199211,-0.6681935150066685,-0.711004100922416,-0.6889968610588706,-0.7325086124190159,0.8014493254240462,-0.713128764715518,-0.024842338151280563,-0.7120690684826894,-0.3766317062377489,-0.8182834086767754,-0.2627703504566663,-0.43585302214864274,0.4522522913538314,0.9806321805549925,-0.6186853348360655,-0.06847631145591282,0.23469034323278226,0.9735803002326997,-0.8694093790059725,0.3110313454606115,-0.19264081589742088,0.0040504889969659175,0.4017244797710702,0.38932009986279836,-0.2274289868410031,0.6282804887738682,0.16113658280590526,-0.5374762021375101,-0.6115440997026018,-0.6020392530483956,0.6238513014041585,0.7255700462426142,-0.6758938592083765,0.18207281210088988,-0.8505287970234121,-0.8750699361538823,0.36140218111532474,0.11278724402145768,-0.14096628088554541,-0.1296981884582633,-0.09188677879775975,-0.24586595655551835,-0.43062018348247033,0.8695855341835983,-0.8600253602368364,0.1803812707757404,-0.6461205102681846,-0.2714852954336051,-0.9145496985335078,-0.7129856327954416,0.22166775979117115,-0.93621863472461,-0.1685451893555583,0.22373485056495657,0.14209061412414892,-0.7950890812980551,-0.15676465113420757,-0.3471709989263465,0.6066073214107801,0.7306178240890169,0.1849394902072108,0.5689660989558671,-0.17201846703445378,0.9560002021225622,0.43358891549197875,0.7812610288089279,-0.671783064319917,0.3892028228862825,0.3385334916673901,0.39012172394846334,0.7876140667783089,-0.5441832397345583,-0.7613366870433014,0.12189176173265182,-0.5565266767807733,0.9372522899865885,0.8242549940714496,-0.0382848788124277,0.6146858076397164,0.2283709971996024,0.8268917001811777,0.10209111451064778,-0.5912042696346147,0.9839420361237319,-0.46782129505664405,-0.7733012283491585,0.558223098226132,0.30442212644113087,0.7295203954526135,-0.557986041611386,0.8464378755580353,0.659573946630863,0.28485779604229045,-0.9685147941158643,0.5296779640764135,-0.25491811565594924,-0.7267792903502039,-0.34534113603591887,0.8949861183161678,-0.36923971791444665,-0.07245055731520167,0.8033790959250149,0.4230628623765398,-0.2562161751160168,-0.3331206911945024,0.09604166713459539,0.07491697528207797,0.44991597735341626,0.2893080634358405,-0.6350696135984808,0.7477370929580944,0.6020571674171138,0.001771713039280698,-0.7094260629533149,-0.09423304085252115,0.7253726421698705,-0.4577315297664355,-0.35972187880760353,0.38365274612868383,0.48152346800027956,0.6632935612566331,-0.20925339245593189,0.4654847399278308,-0.5405589124571535,-0.900737458355422,0.3793563434064102,-0.5270785821740867,0.7546266324007951,-0.34966280539938976,-0.319258772111809,0.6914611914130684,-0.9444805535251899;-0.3242478292883946,0.24700067540075277,0.5578336383042968,-0.93561181579189,-0.48151512757400594,-0.12876183742142633,0.7819766026921477,0.09939721891414721,-0.1546071229437571,0.09300225260197026,-0.2226574516087496,-0.5189291453123441,-0.6024997271827746,-0.7495103303436628,0.9566376639460992,-0.5500162282401457,0.100078707186666,0.21101408867188676,-0.6822608011429854,-0.6119962356817006,-0.8252965328131443,0.06239917406318485,-0.6999061986699204,0.4176507444833786,0.8671393303459605,-0.9584772125313616,0.7677562001938143,0.46582819551654153,-0.6852558127584232,0.1728571249938584,-0.27396364140043716,-0.425134809312784,-0.3092782965267096,0.9111551550372488,-0.20663975826888148,-0.1035428192527641,-0.7272865237532637,0.7587000646032032,-0.3641407064707025,-0.4632779786456376,-0.4773268991377235,0.6999116090979149,-0.720785864421936,-0.23328619904268733,0.23849630312448156,-0.42694831508456454,0.31321731805866193,0.8981846979579129,-0.6998936191007787,0.7482434246542369,0.05323030767883785,0.7727657283597733,-0.6551488399812229,-0.8167015329277478,0.812379885731322,-0.5758543492075616,0.7737850824020438,-0.6072531798233023,0.7316638353656699,0.6951732113554923,-0.6445177294669211,0.7915541376951902,0.09329657620192333,0.594446941979242,-0.5592608898862736,0.17380903930075497,-0.043267241957548164,-0.6253916237196488,-0.3385811338696225,0.9891366168446982,-0.4753538145738476,0.9035070696538661,-0.17300958556489365,-0.3501605036966733,0.3210278776369444,0.3137764211999374,-0.1723309104347306,-0.38475750137880094,0.34111881854404036,-0.7127132687784599,-0.4567091021518106,0.8651539764306195,-0.3661283449604278,0.064122097837509,0.9068782920537357,-0.5409782013253808,-0.8868516781817204,0.26643312243283135,0.3129626122684763,0.5398684993688538,0.9661222991345744,0.14484458110625575,0.37811311195348174,0.4550872962437076,-0.9311876423806642,0.9016645867005166,-0.7287273217618198,-0.5474822311984837,-0.7093423040088338,0.6505429081629972,0.8872164155344062,0.12584655063524353,-0.8599977519555317,-0.8341156249936894,-0.7169303968763376,-0.5169653527261926,-0.60728266421531,0.8907015064307515,0.004819213530583566,-0.7208699958676008,0.9876878935206803,-0.3044382144667448,-0.8368235882428778,-0.9045087077822047,-0.28476628878725685,0.25454422383562303,0.5518831217668827,0.10752860702249611,0.9186154999408351,0.3985213404898642,0.8147187198544648,-0.06201850960482913,-0.3020789393656069,-0.6216146999237537,0.5006537825273263,-0.7793355103536934,-0.2247329102055371,-0.19926587843784604,-0.3522258179962834,0.22330480396795682,-0.22588171811861435,-0.7889869089196901,-0.288559159335509,-0.8376338496654032,0.09715511987744763,-0.7983745532167714,-0.47398021275345803,-0.09244656609996338,-0.8721464015642741,-0.6364397396298571,-0.2065497077922973,-0.34020076583917636,0.11031430032033662,-0.0693565450082918,0.2785260218767076,-0.6387084113211436,0.12750894815277336,-0.8333331485445188,0.8589299181075292,-0.6531212217954234,-0.7274293419483395,0.9248978455501906,-0.01372470151153582,-0.8463842009483491,-0.6661851177722089,-0.6964795884027131,0.1203556931472467,-0.5071516326978249
3;3;1968.112044095993;31;162;0.055966;0.0;0.283863/0.177258/0.165051/0.169956/0.206475/0.12938/0.232579/0.358318/0.192333/0.180806/0.145192/0.143988/0.091484/0.184388/0.132992/0.161019/0.173827/0.173971/0.129055/0.142573/0.219756/0.202302/0.151015/0.220203/0.232748/0.186204/0.212897/0.06173/0.190811/0.179821/0.19972/0.144491/0.181866/0.204955/0.100796/0.164356/0.180233/0.084595/0.351078/0.180145/0.185508/0.261697/0.119814/0.140023/0.18001/0.206795/0.201309/0.141466/0.188664/0.301862/0.149985/0.166846/0.147973/0.153028/0.176808/0.157949/0.180006/0.180338/0.29834/0.097976/0.186181/0.147344/0.174844/0.186712/0.40387/0.295678/0.138813/0.150553/0.184421/0.179999/0.14613/0.179543/0.180007/0.184677/0.167325/0.055966/0.166701/0.251936/0.149237/0.411811/0.208385/0.196737/0.125938/0.144468/0.237967/0.097209/0.091897/0.180363/0.140962/0.179946/0.285591/0.174358/0.335426/0.30518/0.176262/0.220181/0.173876/0.101638/0.07844/0.341131;0.0/0.0/0.0/0.0/0.0/0.0/0.0/0.0/0.0/0.0/0.0/0.0/0.0/0.0/0.0024/0.074874/0.0/0.0/0.0/0.0/0.0/0.0/0.0/0.0/0.0/0.0/0.0/0.0/0.0/0.0/0.0/0.0/0.0/0.0/0.0/0.0/0.0/0.0/0.0/0.0/0.0/0.0/0.001444/0.0/0.0/0.0/0.0/0.0/0.0/0.0/0.007918/0.0/0.0/0.0/0.0/0.0/0.0/0.0/0.0/0.00021/0.0/0.0/0.0/0.0/0.0/0.0/0.0/0.0/0.0/0.0/0.0/0.0/0.0/0.0/0.0/0.0/0.0/0.0/0.0/0.0/0.0/0.0/0.0/0.0/0.0/0.0/0.0/0.0/0.0/0.0/0.0/0.0/0.0/0.0/0.0/0.0/0.0/0.0/0.0/0.0;0.161019/0.149985/0.132992/0.119814/0.097976/0.055966;0.074874/0.007918/0.0024/0.001444/0.00021/0.0;-0.16588940104981154,-0.05783722116556156,0.1578717443488482,-0.08992576526753471,0.4196651376212419,-0.1830477862050801,-0.43155188782335707,-0.7599737528195181,-0.09104781078308566,-0.6363669761549025,-0.6088994459227213,-0.6528693824591043,-0.2867929565614469,0.8198166359040779,0.02315457879649996,-0.44630109866581424,-0.052176221373395615,-0.08316478498990132,-0.8958047697963116,0.6169025398061738,0.014907965414941993,0.9817381361468291,0.2664041811299247,-0.5121393144890534,0.9651936664404754,-0.777520519199211,-0.6681935150066685,-0.711004100922416,-0.6889968610588706,-0.7325086124190159,0.8014493254240462,-0.713128764715518,-0.024842338151280563,-0.7120690684826894,-0.3766317062377489,-0.8182834086767754,-0.2627703504566663,-0.43585302214864274,0.4522522913538314,0.9806321805549925,-0.6186853348360655,-0.06847631145591282,0.23469034323278226,0.9735803002326997,-0.8694093790059725,0.3110313454606115,-0.19264081589742088,0.0040504889969659175,0.4017244797710702,0.38932009986279836,-0.2274289868410031,0.6282804887738682,0.16113658280590526,-0.5374762021375101,-0.6115440997026018,-0.6020392530483956,0.6238513014041585,0.7255700462426142,-0.6758938592083765,0.18207281210088988,-0.8505287970234121,-0.8750699361538823,0.36140218111532474,0.11278724402145768,-0.14096628088554541,-0.1296981884582633,-0.09188677879775975,-0.24586595655551835,-0.43062018348247033,0.8695855341835983,-0.8600253602368364,0.1803812707757404,-0.6461205102681846,-0.2714852954336051,-0.9145496985335078,-0.7129856327954416,0.22166775979117115,-0.93621863472461,-0.1685451893555583,0.22373485056495657,0.14209061412414892,-0.7950890812980551,-0.15676465113420757,-0.3471709989263465,0.6066073214107801,0.7306178240890169,0.1849394902072108,0.5689660989558671,-0.17201846703445378,0.9560002021225622,0.43358891549197875,0.7812610288089279,-0.671783064319917,0.3892028228862825,0.3385334916673901,0.39012172394846334,0.7876140667783089,-0.5441832397345583,-0.7613366870433014,0.12189176173265182,-0.5565266767807733,0.9372522899865885,0.8242549940714496,-0.0382848788124277,0.6146858076397164,0.2283709971996024,0.8268917001811777,0.10209111451064778,-0.5912042696346147,0.9839420361237319,-0.46782129505664405,-0.7733012283491585,0.558223098226132,0.30442212644113087,0.7295203954526135,-0.557986041611386,0.8464378755580353,0.659573946630863,0.28485779604229045,-0.9685147941158643,0.5296779640764135,-0.25491811565594924,-0.7267792903502039,-0.34534113603591887,0.8949861183161678,-0.36923971791444665,-0.07245055731520167,0.8033790959250149,0.4230628623765398,-0.2562161751160168,-0.3331206911945024,0.09604166713459539,0.07491697528207797,0.44991597735341626,0.2893080634358405,-0.6350696135984808,0.7477370929580944,0.6020571674171138,0.001771713039280698,-0.7094260629533149,-0.09423304085252115,0.7253726421698705,-0.4577315297664355,-0.35972187880760353,0.38365274612868383,0.48152346800027956,0.6632935612566331,-0.20925339245593189,0.4654847399278308,-0.5405589124571535,-0.900737458355422,0.3793563434064102,-0.5270785821740867,0.7546266324007951,-0.34966280539938976,-0.319258772111809,0.6914611914130684,-0.9444805535251899;1.677522265581715,1.468101175322507,-0.06893704142611468,0.7377495036373761,0.1471585961778779,-0.5829765054294946,1.5791604123635197,-0.613083311455223,-0.024175869286500784,1.125842191486218,-0.005473173153156652,-0.22973062095424987,-0.19120994379814585,-0.2877314850629938,-0.9946442842013576,-1.3767587310455407,-1.1755947546878114,1.1354990129540576,1.5063228055384021,1.2202809590403958,-0.6243053503830269,1.0218535302063552,0.6342567663917542,-0.51034625008583,-0.23892963644894488,-0.8090886077817621,-1.0312914812920146,0.594039005682774,-0.4494473591421536,-1.4901400275739978,-0.013036483765132084,0.22673096190739836,-0.36466659003896407,-0.5484938183468621,-1.0046220792844127,0.08154305211890284,-0.19603682857828364,1.2793983160903115,-0.14945645149040349,0.2450447209712755,0.3604587963233167,1.3263820471272023,0.29728635603412557,-0.8203240806902349,-0.6694756414778682,-0.09554772889462826,0.5605273326084063,0.3615426705478374,-1.260821489292375,0.32292824350451177,-0.9729697275085276,0.9199261770246502,0.4045310478339933,0.18497372835090736,-1.0130810618159072,-1.0647674314597817,1.371540747358884,0.5266129285714714,-0.2972804728458951,0.25794373167375045,0.25084295978601867,-0.8529559032726237,-0.2029709966972661,0.721013009031587,1.0079250588109072,0.29484115992287163,0.5271575290967425,-0.84112598805061,-1.853428296315237,-0.008578993326973705,0.4844182957243628,1.1214991367874432,0.2524355828129005,-0.1186896218857633,-0.734385764520006,-0.7643207301344557,-1.1349186237571947,0.7021827998799535,0.6481222148959824,0.30875360395391915,1.1844808834838898,0.07692929870541232,-1.4501467824610752,-0.7710594063199635,-1.2710363427613627,-0.5694698798058581,1.6026725498210699,1.6569934480935236,-0.04793232888755178,-0.6468150841632818,-1.753381196153626,-0.6270026476474306,-0.08186533195659063,0.17003143478867966,-1.060414134719951,-0.3274576832385872,0.47724150643347585,-0.7675038165213226,-1.7089345576056303,0.7724680805157169,-0.030846807459924797,0.20476908151883744,-0.35967003360161254,0.8205942638023247,-1.8716714641969388,-0.29798939428770643,0.2929529005506582,-0.6866401493074218,0.3161217941492858,-1.5334587428853441,-0.9110879260078112,-0.699026358270771,-1.1130607778796597,-1.3544659281531968,0.6174849764190705,-0.27252105584333064,-0.3285822714646607,1.4604687741131843,1.4210389258721516,-0.44823635338439766,-0.5643251229315666,0.10964702288022454,0.7890014323621471,0.7020611603206397,0.5785407044644812,-1.0178844361660633,-0.1974180542826483,0.21999755203618404,0.33548807332691305,-0.395183066883519,-0.45366397914032397,0.9489977369626504,-0.2975033840309992,0.10342002045713294,0.48384820939819323,0.743770516749975,-0.13052001444570135,0.14705525959684784,0.0873944129761714,-0.3672243063269013,-0.4277812990118782,-1.201695641551564,-0.8512066880225162,-0.41189698880752457,-0.06955889108452146,-0.23434605381718193,1.516325925305761,-0.2511681598770046,0.16360844367377209,-1.4641802451876889,0.21475035589371033,-0.11195099767065743,0.05862953520982128,-0.16112486072648408,-0.5018742101653524,-0.6559688506443052,0.4231401372196473,0.26933268211602746
3;4;2475.9914631843567;220;162;0.055966;0.0;0.177258/0.165051/0.169956/0.12938/0.192333/0.180806/0.145192/0.143988/0.091484/0.184388/0.132992/0.161019/0.173827/0.173971/0.129055/0.142573/0.202302/0.151015/0.186204/0.06173/0.190811/0.179821/0.19972/0.144491/0.181866/0.100796/0.164356/0.180233/0.084595/0.180145/0.185508/0.119814/0.140023/0.18001/0.201309/0.141466/0.188664/0.149985/0.166846/0.147973/0.153028/0.176808/0.157949/0.180006/0.180338/0.097976/0.186181/0.147344/0.174844/0.186712/0.138813/0.150553/0.184421/0.179999/0.14613/0.179543/0.180007/0.184677/0.167325/0.055966/0.166701/0.149237/0.196737/0.125938/0.144468/0.097209/0.091897/0.180363/0.140962/0.179946/0.174358/0.176262/0.173876/0.101638/0.07844/0.186732/0.080963/0.105772/0.185962/0.144474/0.183173/0.204952/0.160048/0.181244/0.10281/0.179909/0.179972/0.181328/0.103585/0.169307/0.143252/0.178504/0.187524/0.181991/0.179932/0.182081/0.175208/0.146473/0.174178/0.180005;0.0/0.0/0.0/0.0/0.0/0.0/0.0/0.0/0.0/0.0/0.0024/0.074874/0.0/0.0/0.0/0.0/0.0/0.0/0.0/0.0/0.0/0.0/0.0/0.0/0.0/0.0/0.0/0.0/0.0/0.0/0.0/0.001444/0.0/0.0/0.0/0.0/0.0/0.007918/0.0/0.0/0.0/0.0/0.0/0.0/0.0/0.00021/0.0/0.0/0.0/0.0/0.0/0.0/0.0/0.0/0.0/0.0/0.0/0.0/0.0/0.0/0.0/0.0/0.0/0.0/0.0/0.0/0.0/0.0/0.0/0.0/0.0/0.0/0.0/0.0/0.0/0.0/0.0/0.0/0.0/0.083729/0.0/0.0/0.0/0.0/0.197456/0.0/0.0/0.0/0.0/0.0/0.0/0.0/0.0/0.0/0.0/0.0/0.0/0.0/0.0/0.0;0.10281/0.097976/0.055966;0.197456/0.00021/0.0;-0.8857392771455178,-0.08009801786304324,-0.4109623566239826,2.223193514345349,-0.5496873720478235,-0.8173049209953359,-1.7220253621191357,0.5499569442439259,0.15132219861539697,0.43379409383205525,0.2570350922241611,-0.2599626781489773,-1.0556548107131405,-0.9593705064951177,0.8011326988198051,0.4845778892801421,-0.474819482142984,-0.38485112714198644,1.0475961583760687,-0.7024081718539642,0.8386693188131371,0.5454866138513947,-0.5835327106731449,0.14811551015258387,-0.3081690508658339,-0.40746487391517355,0.9312676947640324,0.4771693860322961,0.7955443843363972,0.6000807106938156,-0.22241556794727319,-0.25314524298484936,1.0383085115479789,-0.754403386721711,1.5302176119699427,-0.3495532999153602,0.7425860890027296,-1.3836842491375747,-0.21054854032517756,-0.609620220414562,-0.8167440308770149,-0.7588857160558322,-0.21423771607477649,0.8496205039392155,-0.5658748846879406,-0.17052579788291533,0.009087864032420845,0.5167600932078896,-1.3101700652347552,-0.23733619968366293,-0.3667489577527687,-0.12447571921292983,1.1281717378817484,0.2414673867968079,0.19394350922819256,-0.5473510755806137,0.4015473506252717,0.7035270434100849,1.2591516384767174,0.4721553028554317,0.44304538786957587,0.7044600634174297,1.6029132903182246,-1.0175534185760107,-1.2089865854878945,0.058596418211898746,-0.4211560616831893,-0.8588340567524491,-1.2447761892308888,0.6355596450988801,-0.08833178128731106,0.7626978277184997,-1.844644728949099,-0.4702789372904064,-0.5068925548131106,0.19016170741665034,0.09137717885610763,0.6348744165644807,-0.7802274368557325,1.2766680597799436,0.264245028847616,-1.0923888218009135,-0.15883369795891325,-0.6670247235152335,1.2771734598310034,-0.17368953835662862,0.9524829915740511,0.7633229803943309,0.4733964550428244,0.8963311257583184,1.2027188093822727,0.6461958977692406,0.23170550734834897,-0.3786857003426565,-0.619413539202178,-0.1067429518148087,0.10239993516000571,-1.2745392997064673,0.7648699213847776,0.6592513800268756,-0.7063278638024896,-0.7111768672071869,-0.6122405856825035,-0.05684018274756242,-0.6422623891341843,-0.24128459674975222,-0.3695796024627792,0.7114518980196294,-0.7530494201705678,-1.3758814750751387,-0.17477413147601623,-1.8976756005999744,-0.8490239929080194,0.13396374377956155,0.8818775230950446,-1.2144626558840708,0.3073601703127402,-0.7050876023880849,0.10699675371338938,0.6466081192414471,1.214714554195989,-0.6360729318887198,1.2942838981280969,0.6660014213339869,-0.7040056909937645,0.5237440523044408,-0.8018345206507844,-0.3300784113692605,0.7634322751428024,-0.2106912956016343,-0.49321269248179317,-0.7435179529098492,0.5666491563065496,0.27117060772384527,-0.7355000842951677,0.334630617815749,-1.4136064552902656,-0.44878956913640805,-0.1808497108057065,1.2259025658302938,0.9844965740725904,-1.4572862588247366,-0.3690985725986214,-0.7499132324779867,0.49302976970173007,-0.799209068083437,-0.3435600355388761,0.5912720792849226,-0.4071333793212024,-0.2656455506424338,-0.8578660675117042,-1.2455780883295147,0.0024144447015495007,-0.033708816560612004,0.6907096078975212,1.5413416385727523,-0.6655064785804261,1.2312485959531996;1.677522265581715,1.468101175322507,-0.06893704142611468,0.7377495036373761,0.1471585961778779,-0.5829765054294946,1.5791604123635197,-0.613083311455223,-0.024175869286500784,1.125842191486218,-0.005473173153156652,-0.22973062095424987,-0.19120994379814585,-0.2877314850629938,-0.9946442842013576,-1.3767587310455407,-1.1755947546878114,1.1354990129540576,1.5063228055384021,1.2202809590403958,-0.6243053503830269,1.0218535302063552,0.6342567663917542,-0.51034625008583,-0.23892963644894488,-0.8090886077817621,-1.0312914812920146,0.594039005682774,-0.4494473591421536,-1.4901400275739978,-0.013036483765132084,0.22673096190739836,-0.36466659003896407,-0.5484938183468621,-1.0046220792844127,0.08154305211890284,-0.19603682857828364,1.2793983160903115,-0.14945645149040349,0.2450447209712755,0.3604587963233167,1.3263820471272023,0.29728635603412557,-0.8203240806902349,-0.6694756414778682,-0.09554772889462826,0.5605273326084063,0.3615426705478374,-1.260821489292375,0.32292824350451177,-0.9729697275085276,0.9199261770246502,0.4045310478339933,0.18497372835090736,-1.0130810618159072,-1.0647674314597817,1.371540747358884,0.5266129285714714,-0.2972804728458951,0.25794373167375045,0.25084295978601867,-0.8529559032726237,-0.2029709966972661,0.721013009031587,1.0079250588109072,0.29484115992287163,0.5271575290967425,-0.84112598805061,-1.853428296315237,-0.008578993326973705,0.4844182957243628,1.1214991367874432,0.2524355828129005,-0.1186896218857633,-0.734385764520006,-0.7643207301344557,-1.1349186237571947,0.7021827998799535,0.6481222148959824,0.30875360395391915,1.1844808834838898,0.07692929870541232,-1.4501467824610752,-0.7710594063199635,-1.2710363427613627,-0.5694698798058581,1.6026725498210699,1.6569934480935236,-0.04793232888755178,-0.6468150841632818,-1.753381196153626,-0.6270026476474306,-0.08186533195659063,0.17003143478867966,-1.060414134719951,-0.3274576832385872,0.47724150643347585,-0.7675038165213226,-1.7089345576056303,0.7724680805157169,-0.030846807459924797,0.20476908151883744,-0.35967003360161254,0.8205942638023247,-1.8716714641969388,-0.29798939428770643,0.2929529005506582,-0.6866401493074218,0.3161217941492858,-1.5334587428853441,-0.9110879260078112,-0.699026358270771,-1.1130607778796597,-1.3544659281531968,0.6174849764190705,-0.27252105584333064,-0.3285822714646607,1.4604687741131843,1.4210389258721516,-0.44823635338439766,-0.5643251229315666,0.10964702288022454,0.7890014323621471,0.7020611603206397,0.5785407044644812,-1.0178844361660633,-0.1974180542826483,0.21999755203618404,0.33548807332691305,-0.395183066883519,-0.45366397914032397,0.9489977369626504,-0.2975033840309992,0.10342002045713294,0.48384820939819323,0.743770516749975,-0.13052001444570135,0.14705525959684784,0.0873944129761714,-0.3672243063269013,-0.4277812990118782,-1.201695641551564,-0.8512066880225162,-0.41189698880752457,-0.06955889108452146,-0.23434605381718193,1.516325925305761,-0.2511681598770046,0.16360844367377209,-1.4641802451876889,0.21475035589371033,-0.11195099767065743,0.05862953520982128,-0.16112486072648408,-0.5018742101653524,-0.6559688506443052,0.4231401372196473,0.26933268211602746
3;5;2971.184330701828;274;162;0.055966;0.0;0.177258/0.165051/0.169956/0.12938/0.180806/0.145192/0.143988/0.091484/0.132992/0.161019/0.173827/0.173971/0.129055/0.142573/0.151015/0.06173/0.179821/0.144491/0.181866/0.100796/0.164356/0.180233/0.084595/0.180145/0.119814/0.140023/0.18001/0.141466/0.149985/0.166846/0.147973/0.153028/0.176808/0.157949/0.180006/0.180338/0.097976/0.147344/0.174844/0.138813/0.150553/0.179999/0.14613/0.179543/0.180007/0.167325/0.055966/0.166701/0.149237/0.125938/0.144468/0.097209/0.091897/0.180363/0.140962/0.179946/0.174358/0.176262/0.173876/0.101638/0.07844/0.080963/0.105772/0.144474/0.160048/0.181244/0.10281/0.179909/0.179972/0.181328/0.103585/0.169307/0.143252/0.178504/0.179932/0.175208/0.146473/0.174178/0.180005/0.16831/0.176377/0.137817/0.139092/0.16566/0.101816/0.156457/0.097159/0.175626/0.126638/0.179992/0.111898/0.180379/0.135907/0.102261/0.180001/0.180132/0.147592/0.149128/0.137314/0.176859;0.0/0.0/0.0/0.0/0.0/0.0/0.0/0.0/0.0024/0.074874/0.0/0.0/0.0/0.0/0.0/0.0/0.0/0.0/0.0/0.0/0.0/0.0/0.0/0.0/0.001444/0.0/0.0/0.0/0.007918/0.0/0.0/0.0/0.0/0.0/0.0/0.0/0.00021/0.0/0.0/0.0/0.0/0.0/0.0/0.0/0.0/0.0/0.0/0.0/0.0/0.0/0.0/0.0/0.0/0.0/0.0/0.0/0.0/0.0/0.0/0.0/0.0/0.0/0.0/0.083729/0.0/0.0/0.197456/0.0/0.0/0.0/0.0/0.0/0.0/0.0/0.0/0.0/0.0/0.0/0.0/0.0/0.0/0.0/0.0/0.0/0.0/0.0/0.0/0.0/0.025551/0.0/0.21531/0.0/0.0/0.0/0.0/0.0/0.0/0.0/0.115879/0.0;0.111898/0.10281/0.097976/0.055966;0.21531/0.197456/0.00021/0.0;-0.9550309216969637,0.24259403038404867,-0.4211048364241237,2.5002549696369307,-0.3352587905295684,-0.6113382116308892,-2.113776555993586,0.8925694269180577,0.6647278047416231,0.8179541887184207,-0.3562876420055705,-0.4820931356957834,-1.5183760611898227,-0.38796891596345684,0.8913245148845621,0.04795356813388568,-0.8593567011354997,-0.14343132250206692,0.6724019962026548,-1.1093545419658142,1.071695777520505,0.20111205769131024,-0.7282706208365146,0.48840801943772405,-0.3461445772676369,-1.018897352622076,1.2291823310740961,0.5225902105383549,1.2186279464550387,0.37107069215567,0.1564550866516689,0.37895667989513043,1.5701530930006826,-1.550233577336642,1.5358618586125636,-0.1463189961965801,0.7556893614001401,-1.7494936946397344,0.22740155854098082,-0.24131716250655227,-1.4241741876178244,-0.4029539333597398,0.220919225510873,0.4412958161616958,-0.7526687959810935,-0.2076628755692585,0.05690672275238367,0.9040365752183168,-1.5006552884168243,-0.16136806931671882,-0.21794665601286645,0.015194021728785922,1.2590617024263686,0.2033130751372716,0.30862558037964977,-0.18664275544431358,0.29114355781903156,0.9373615763747818,1.395188595178695,0.9175959109369132,0.42445598123064204,0.2749911975786969,1.613162916275188,-1.132080306080474,-0.772060224376985,-0.2097136550079683,-0.5269555070309658,-0.563597502204843,-1.7701621389945394,0.9325127930502335,-0.15282301527612108,0.6507473053921108,-1.3838522416876209,-0.8558684121404053,-0.02375929686681666,0.6400988562398011,0.5598233095767091,0.24747353725161036,-0.8091629885790629,1.4826872726777827,0.5443125451326387,-0.7786993205252071,-0.6143094545871423,-0.768220899708243,1.1110047428855558,-0.5249307941456247,0.986927546405619,0.30187192779243327,-0.40558812388738746,0.7717781439507101,1.0176808571352767,-0.05413075987076532,0.4014038064509625,-0.6539633976149817,-0.4052934473864608,-0.038533479369926654,0.47461913834668623,-1.6969647838043806,1.0663780948118426,0.551124382732769,-0.8736418826671275,-0.8035043086390474,-1.075083720217667,-0.2103785770225639,0.02991126096914165,0.12936204549215646,-0.36593426391377903,0.3397560237233503,-0.1723420267756004,-1.1151175056644629,0.24281783665757595,-1.7764865476964433,-1.3954277213174007,-0.13215559093722745,1.3997422029360145,-1.0196958250883181,0.09702856153582962,-0.9760721675122327,0.6751641045659696,0.6282149720790149,1.371062483990742,-0.3254814233479618,1.2861755027547421,0.46819681736389396,-0.7031941739775709,0.6799447695870012,-0.8853432658108988,-0.22873477634188294,0.9077327538089426,0.3779528306215552,-0.2587338551127866,-1.068915600584918,0.33462320705880877,0.5736937337948489,-0.13599654577633769,0.028735443881672484,-1.4029593445339754,-0.15332175298792367,0.2367019097833159,1.2974927126398923,1.138939055737668,-1.222061465360735,-0.028350245450387945,-0.7031699099825938,0.7670476175682313,-0.23010606699448455,0.38348249833187514,0.7879403664548761,-0.6332772516978855,-0.19918300907777547,-0.8201635476883768,-1.5286697697779223,-0.7657006159316638,-0.5057097242046935,0.7435942141609237,1.6437460093395797,-0.7342057208698752,1.059909543207126;1.677522265581715,1.468101175322507,-0.06893704142611468,0.7377495036373761,0.1471585961778779,-0.5829765054294946,1.5791604123635197,-0.613083311455223,-0.024175869286500784,1.125842191486218,-0.005473173153156652,-0.22973062095424987,-0.19120994379814585,-0.2877314850629938,-0.9946442842013576,-1.3767587310455407,-1.1755947546878114,1.1354990129540576,1.5063228055384021,1.2202809590403958,-0.6243053503830269,1.0218535302063552,0.6342567663917542,-0.51034625008583,-0.23892963644894488,-0.8090886077817621,-1.0312914812920146,0.594039005682774,-0.4494473591421536,-1.4901400275739978,-0.013036483765132084,0.22673096190739836,-0.36466659003896407,-0.5484938183468621,-1.0046220792844127,0.08154305211890284,-0.19603682857828364,1.2793983160903115,-0.14945645149040349,0.2450447209712755,0.3604587963233167,1.3263820471272023,0.29728635603412557,-0.8203240806902349,-0.6694756414778682,-0.09554772889462826,0.5605273326084063,0.3615426705478374,-1.260821489292375,0.32292824350451177,-0.9729697275085276,0.9199261770246502,0.4045310478339933,0.18497372835090736,-1.0130810618159072,-1.0647674314597817,1.371540747358884,0.5266129285714714,-0.2972804728458951,0.25794373167375045,0.25084295978601867,-0.8529559032726237,-0.2029709966972661,0.721013009031587,1.0079250588109072,0.29484115992287163,0.5271575290967425,-0.84112598805061,-1.853428296315237,-0.008578993326973705,0.4844182957243628,1.1214991367874432,0.2524355828129005,-0.1186896218857633,-0.734385764520006,-0.7643207301344557,-1.1349186237571947,0.7021827998799535,0.6481222148959824,0.30875360395391915,1.1844808834838898,0.07692929870541232,-1.4501467824610752,-0.7710594063199635,-1.2710363427613627,-0.5694698798058581,1.6026725498210699,1.6569934480935236,-0.04793232888755178,-0.6468150841632818,-1.753381196153626,-0.6270026476474306,-0.08186533195659063,0.17003143478867966,-1.060414134719951,-0.3274576832385872,0.47724150643347585,-0.7675038165213226,-1.7089345576056303,0.7724680805157169,-0.030846807459924797,0.20476908151883744,-0.35967003360161254,0.8205942638023247,-1.8716714641969388,-0.29798939428770643,0.2929529005506582,-0.6866401493074218,0.3161217941492858,-1.5334587428853441,-0.9110879260078112,-0.699026358270771,-1.1130607778796597,-1.3544659281531968,0.6174849764190705,-0.27252105584333064,-0.3285822714646607,1.4604687741131843,1.4210389258721516,-0.44823635338439766,-0.5643251229315666,0.10964702288022454,0.7890014323621471,0.7020611603206397,0.5785407044644812,-1.0178844361660633,-0.1974180542826483,0.21999755203618404,0.33548807332691305,-0.395183066883519,-0.45366397914032397,0.9489977369626504,-0.2975033840309992,0.10342002045713294,0.48384820939819323,0.743770516749975,-0.13052001444570135,0.14705525959684784,0.0873944129761714,-0.3672243063269013,-0.4277812990118782,-1.201695641551564,-0.8512066880225162,-0.41189698880752457,-0.06955889108452146,-0.23434605381718193,1.516325925305761,-0.2511681598770046,0.16360844367377209,-1.4641802451876889,0.21475035589371033,-0.11195099767065743,0.05862953520982128,-0.16112486072648408,-0.5018742101653524,-0.6559688506443052,0.4231401372196473,0.26933268211602746
3;6;3463.0020451545715;330;162;0.055966;0.0;0.177258/0.165051/0.169956/0.12938/0.145192/0.143988/0.091484/0.132992/0.161019/0.173827/0.173971/0.129055/0.142573/0.151015/0.06173/0.179821/0.144491/0.100796/0.164356/0.084595/0.119814/0.140023/0.141466/0.149985/0.166846/0.147973/0.153028/0.176808/0.157949/0.097976/0.147344/0.174844/0.138813/0.150553/0.14613/0.179543/0.167325/0.055966/0.166701/0.149237/0.125938/0.144468/0.097209/0.091897/0.140962/0.179946/0.174358/0.176262/0.173876/0.101638/0.07844/0.080963/0.105772/0.144474/0.160048/0.10281/0.179909/0.179972/0.103585/0.169307/0.143252/0.178504/0.179932/0.175208/0.146473/0.174178/0.16831/0.176377/0.137817/0.139092/0.16566/0.101816/0.156457/0.097159/0.175626/0.126638/0.179992/0.111898/0.135907/0.102261/0.147592/0.149128/0.137314/0.176859/0.175937/0.142125/0.17717/0.082766/0.177288/0.068748/0.171887/0.080014/0.153723/0.121149/0.110501/0.153663/0.178321/0.067252/0.106885/0.156921;0.0/0.0/0.0/0.0/0.0/0.0/0.0/0.0024/0.074874/0.0/0.0/0.0/0.0/0.0/0.0/0.0/0.0/0.0/0.0/0.0/0.001444/0.0/0.0/0.007918/0.0/0.0/0.0/0.0/0.0/0.00021/0.0/0.0/0.0/0.0/0.0/0.0/0.0/0.0/0.0/0.0/0.0/0.0/0.0/0.0/0.0/0.0/0.0/0.0/0.0/0.0/0.0/0.0/0.0/0.083729/0.0/0.197456/0.0/0.0/0.0/0.0/0.0/0.0/0.0/0.0/0.0/0.0/0.0/0.0/0.0/0.0/0.0/0.0/0.0/0.0/0.0/0.025551/0.0/0.21531/0.0/0.0/0.0/0.0/0.115879/0.0/0.0/0.0/0.0/0.0/0.0/0.0/0.0/0.0/0.0/1e-05/0.0/0.364523/0.0/0.0/0.234712/0.0;0.153663/0.106885/0.10281/0.097976/0.055966;0.364523/0.234712/0.197456/0.00021/0.0;-0.8593481011193491,0.18553710380774335,-0.13971472524410672,2.5976621229288077,-0.08115855416830675,-0.5448090719655155,-2.3909935000558185,0.7352891997850042,0.8895638626292462,1.1515768193240388,-0.8309529103023838,-1.0964138038004156,-1.4386295370813462,-0.063792317488917,1.014171643843457,0.061632148798590136,-1.3383033235932933,0.006298702703224912,1.029590403921926,-0.9579976070822878,1.1749463875265957,-0.741266781967282,-0.4084133822174541,0.41926640135741783,0.28681339063920797,-1.370086378968037,0.8698267436591914,0.31310402532221615,0.9002202204609075,0.2749488283264311,0.44019830607232546,0.18517958464574064,1.4297959730492988,-1.4059130145414267,1.7420184485875154,-0.561884158682131,0.5783874466497524,-1.4151884110883461,-0.28563076259359604,-0.03434849353341904,-1.6421030429787973,-0.7456568474510801,-0.08309806335246306,0.22439659262721878,-0.799100605674644,0.14112609812335974,-0.5260436227818086,0.9072821674917467,-1.5717492397869792,-0.023873931001228532,-0.38640402993970807,-0.06329189472202786,1.8706024451036756,-0.07411540586936627,0.37660569650035153,-0.5215718995582221,-0.23871386520111715,1.2712244289516539,1.5469267253599766,0.3785730899695169,0.04017809555511043,0.3134382426800641,1.6821149847015229,-0.8591068132870178,-0.775179286200192,0.15721968476774095,-0.6781654810252499,-0.5748548849303767,-1.7897070866909313,0.3202548062246984,-0.29980612345552615,-0.11332954619787572,-1.5542703734234762,-1.0633079571170523,-0.3299373162767346,0.8370102500614419,1.070193031641173,0.4880880748557489,-1.094850649289272,1.768116449925341,1.088810838941771,-0.23493991866226516,0.00037568669485532613,-0.8576892819825408,1.6049250452255954,-0.614798540022821,1.0342523895925542,0.36954747851663206,-0.5664618488972437,0.3349812205617434,0.389124850623794,0.13401002197298367,0.8660118769006172,-0.47019049375769784,-0.028833020104389595,-0.5199353163720585,0.148893773436594,-1.446022782152467,0.933575406408879,0.4239062641227383,-0.6168995010733569,-0.7179787282736293,-0.8525136824602951,0.24090089604244863,-0.3175226585268325,0.21843563781986114,-0.2002457172046269,-0.07585429732246746,0.16711824150823607,-1.3490225769420172,0.31569759894293015,-1.6151241197332389,-0.8599619046443209,-0.22557278092214322,1.7306373036542684,-1.2502889031194269,0.2604538794187037,-1.227091695766514,0.6351110234003392,0.4542629761157463,0.9630335446291292,-0.27696823622947947,1.4013932438177585,0.19512169186409017,-0.3137598438827967,0.35100366949613476,-1.1297164564234792,-0.0869242423384688,1.0453440109965793,0.9109535421356096,-0.23547100454066733,-0.9002448809142984,0.25868311467258387,0.5971739536807185,-0.807138456866515,0.7973348892618929,-0.9292402062208274,0.39489630917628155,0.9509765096073344,1.7962769581094373,0.5015131689593803,-1.5460088754050283,0.23514066086174062,0.090586791343083,1.222943292588209,-0.14636749866943652,0.3175749706407742,0.9763392689538356,-0.43203421837781986,-0.1641647319795397,-0.8404627734331426,-1.4625479825933594,-0.5037608227352237,-0.9952687956458386,1.135084984924608,1.0257210534851633,-0.44760820568944976,0.9386424783883381;1.677522265581715,1.468101175322507,-0.06893704142611468,0.7377495036373761,0.1471585961778779,-0.5829765054294946,1.5791604123635197,-0.613083311455223,-0.024175869286500784,1.125842191486218,-0.005473173153156652,-0.22973062095424987,-0.19120994379814585,-0.2877314850629938,-0.9946442842013576,-1.3767587310455407,-1.1755947546878114,1.1354990129540576,1.5063228055384021,1.2202809590403958,-0.6243053503830269,1.0218535302063552,0.6342567663917542,-0.51034625008583,-0.23892963644894488,-0.8090886077817621,-1.0312914812920146,0.594039005682774,-0.4494473591421536,-1.4901400275739978,-0.013036483765132084,0.22673096190739836,-0.36466659003896407,-0.5484938183468621,-1.0046220792844127,0.08154305211890284,-0.19603682857828364,1.2793983160903115,-0.14945645149040349,0.2450447209712755,0.3604587963233167,1.3263820471272023,0.29728635603412557,-0.8203240806902349,-0.6694756414778682,-0.09554772889462826,0.5605273326084063,0.3615426705478374,-1.260821489292375,0.32292824350451177,-0.9729697275085276,0.9199261770246502,0.4045310478339933,0.18497372835090736,-1.0130810618159072,-1.0647674314597817,1.371540747358884,0.5266129285714714,-0.2972804728458951,0.25794373167375045,0.25084295978601867,-0.8529559032726237,-0.2029709966972661,0.721013009031587,1.0079250588109072,0.29484115992287163,0.5271575290967425,-0.84112598805061,-1.853428296315237,-0.008578993326973705,0.4844182957243628,1.1214991367874432,0.2524355828129005,-0.1186896218857633,-0.734385764520006,-0.7643207301344557,-1.1349186237571947,0.7021827998799535,0.6481222148959824,0.30875360395391915,1.1844808834838898,0.07692929870541232,-1.4501467824610752,-0.7710594063199635,-1.2710363427613627,-0.5694698798058581,1.6026725498210699,1.6569934480935236,-0.04793232888755178,-0.6468150841632818,-1.753381196153626,-0.6270026476474306,-0.08186533195659063,0.17003143478867966,-1.060414134719951,-0.3274576832385872,0.47724150643347585,-0.7675038165213226,-1.7089345576056303,0.7724680805157169,-0.030846807459924797,0.20476908151883744,-0.35967003360161254,0.8205942638023247,-1.8716714641969388,-0.29798939428770643,0.2929529005506582,-0.6866401493074218,0.3161217941492858,-1.5334587428853441,-0.9110879260078112,-0.699026358270771,-1.1130607778796597,-1.3544659281531968,0.6174849764190705,-0.27252105584333064,-0.3285822714646607,1.4604687741131843,1.4210389258721516,-0.44823635338439766,-0.5643251229315666,0.10964702288022454,0.7890014323621471,0.7020611603206397,0.5785407044644812,-1.0178844361660633,-0.1974180542826483,0.21999755203618404,0.33548807332691305,-0.395183066883519,-0.45366397914032397,0.9489977369626504,-0.2975033840309992,0.10342002045713294,0.48384820939819323,0.743770516749975,-0.13052001444570135,0.14705525959684784,0.0873944129761714,-0.3672243063269013,-0.4277812990118782,-1.201695641551564,-0.8512066880225162,-0.41189698880752457,-0.06955889108452146,-0.23434605381718193,1.516325925305761,-0.2511681598770046,0.16360844367377209,-1.4641802451876889,0.21475035589371033,-0.11195099767065743,0.05862953520982128,-0.16112486072648408,-0.5018742101653524,-0.6559688506443052,0.4231401372196473,0.26933268211602746
3;7;3973.625733613968;330;162;0.057297;0.001673;0.165051/0.169956/0.12938/0.145192/0.143988/0.091484/0.132992/0.161019/0.173827/0.173971/0.129055/0.142573/0.151015/0.06173/0.144491/0.100796/0.164356/0.084595/0.119814/0.140023/0.141466/0.149985/0.166846/0.147973/0.153028/0.157949/0.097976/0.147344/0.174844/0.138813/0.150553/0.14613/0.167325/0.055966/0.166701/0.149237/0.125938/0.144468/0.097209/0.091897/0.140962/0.174358/0.176262/0.173876/0.101638/0.07844/0.080963/0.105772/0.144474/0.160048/0.10281/0.103585/0.169307/0.143252/0.175208/0.146473/0.174178/0.16831/0.137817/0.139092/0.16566/0.101816/0.156457/0.097159/0.175626/0.126638/0.111898/0.135907/0.102261/0.147592/0.149128/0.137314/0.175937/0.142125/0.082766/0.068748/0.171887/0.080014/0.153723/0.121149/0.110501/0.153663/0.067252/0.106885/0.156921/0.17208/0.174797/0.112799/0.17289/0.142524/0.1752/0.101533/0.165031/0.057297/0.090706/0.095166/0.137296/0.143488/0.075812/0.090332;0.0/0.0/0.0/0.0/0.0/0.0/0.0024/0.074874/0.0/0.0/0.0/0.0/0.0/0.0/0.0/0.0/0.0/0.0/0.001444/0.0/0.0/0.007918/0.0/0.0/0.0/0.0/0.00021/0.0/0.0/0.0/0.0/0.0/0.0/0.0/0.0/0.0/0.0/0.0/0.0/0.0/0.0/0.0/0.0/0.0/0.0/0.0/0.0/0.0/0.083729/0.0/0.197456/0.0/0.0/0.0/0.0/0.0/0.0/0.0/0.0/0.0/0.0/0.0/0.0/0.0/0.0/0.025551/0.21531/0.0/0.0/0.0/0.0/0.115879/0.0/0.0/0.0/0.0/0.0/0.0/0.0/1e-05/0.0/0.364523/0.0/0.234712/0.0/0.0/0.0/0.0/0.0/0.0/0.0/0.0/0.0/0.001673/0.0/0.0/0.073153/0.0/0.0/0.0;0.153663/0.106885/0.10281/0.057297/0.055966;0.364523/0.234712/0.197456/0.001673/0.0;-0.8593481011193491,0.18553710380774335,-0.13971472524410672,2.5976621229288077,-0.08115855416830675,-0.5448090719655155,-2.3909935000558185,0.7352891997850042,0.8895638626292462,1.1515768193240388,-0.8309529103023838,-1.0964138038004156,-1.4386295370813462,-0.063792317488917,1.014171643843457,0.061632148798590136,-1.3383033235932933,0.006298702703224912,1.029590403921926,-0.9579976070822878,1.1749463875265957,-0.741266781967282,-0.4084133822174541,0.41926640135741783,0.28681339063920797,-1.370086378968037,0.8698267436591914,0.31310402532221615,0.9002202204609075,0.2749488283264311,0.44019830607232546,0.18517958464574064,1.4297959730492988,-1.4059130145414267,1.7420184485875154,-0.561884158682131,0.5783874466497524,-1.4151884110883461,-0.28563076259359604,-0.03434849353341904,-1.6421030429787973,-0.7456568474510801,-0.08309806335246306,0.22439659262721878,-0.799100605674644,0.14112609812335974,-0.5260436227818086,0.9072821674917467,-1.5717492397869792,-0.023873931001228532,-0.38640402993970807,-0.06329189472202786,1.8706024451036756,-0.07411540586936627,0.37660569650035153,-0.5215718995582221,-0.23871386520111715,1.2712244289516539,1.5469267253599766,0.3785730899695169,0.04017809555511043,0.3134382426800641,1.6821149847015229,-0.8591068132870178,-0.775179286200192,0.15721968476774095,-0.6781654810252499,-0.5748548849303767,-1.7897070866909313,0.3202548062246984,-0.29980612345552615,-0.11332954619787572,-1.5542703734234762,-1.0633079571170523,-0.3299373162767346,0.8370102500614419,1.070193031641173,0.4880880748557489,-1.094850649289272,1.768116449925341,1.088810838941771,-0.23493991866226516,0.00037568669485532613,-0.8576892819825408,1.6049250452255954,-0.614798540022821,1.0342523895925542,0.36954747851663206,-0.5664618488972437,0.3349812205617434,0.389124850623794,0.13401002197298367,0.8660118769006172,-0.47019049375769784,-0.028833020104389595,-0.5199353163720585,0.148893773436594,-1.446022782152467,0.933575406408879,0.4239062641227383,-0.6168995010733569,-0.7179787282736293,-0.8525136824602951,0.24090089604244863,-0.3175226585268325,0.21843563781986114,-0.2002457172046269,-0.07585429732246746,0.16711824150823607,-1.3490225769420172,0.31569759894293015,-1.6151241197332389,-0.8599619046443209,-0.22557278092214322,1.7306373036542684,-1.2502889031194269,0.2604538794187037,-1.227091695766514,0.6351110234003392,0.4542629761157463,0.9630335446291292,-0.27696823622947947,1.4013932438177585,0.19512169186409017,-0.3137598438827967,0.35100366949613476,-1.1297164564234792,-0.0869242423384688,1.0453440109965793,0.9109535421356096,-0.23547100454066733,-0.9002448809142984,0.25868311467258387,0.5971739536807185,-0.807138456866515,0.7973348892618929,-0.9292402062208274,0.39489630917628155,0.9509765096073344,1.7962769581094373,0.5015131689593803,-1.5460088754050283,0.23514066086174062,0.090586791343083,1.222943292588209,-0.14636749866943652,0.3175749706407742,0.9763392689538356,-0.43203421837781986,-0.1641647319795397,-0.8404627734331426,-1.4625479825933594,-0.5037608227352237,-0.9952687956458386,1.135084984924608,1.0257210534851633,-0.44760820568944976,0.9386424783883381;1.677522265581715,1.468101175322507,-0.06893704142611468,0.7377495036373761,0.1471585961778779,-0.5829765054294946,1.5791604123635197,-0.613083311455223,-0.024175869286500784,1.125842191486218,-0.005473173153156652,-0.22973062095424987,-0.19120994379814585,-0.2877314850629938,-0.9946442842013576,-1.3767587310455407,-1.1755947546878114,1.1354990129540576,1.5063228055384021,1.2202809590403958,-0.6243053503830269,1.0218535302063552,0.6342567663917542,-0.51034625008583,-0.23892963644894488,-0.8090886077817621,-1.0312914812920146,0.594039005682774,-0.4494473591421536,-1.4901400275739978,-0.013036483765132084,0.22673096190739836,-0.36466659003896407,-0.5484938183468621,-1.0046220792844127,0.08154305211890284,-0.19603682857828364,1.2793983160903115,-0.14945645149040349,0.2450447209712755,0.3604587963233167,1.3263820471272023,0.29728635603412557,-0.8203240806902349,-0.6694756414778682,-0.09554772889462826,0.5605273326084063,0.3615426705478374,-1.260821489292375,0.32292824350451177,-0.9729697275085276,0.9199261770246502,0.4045310478339933,0.18497372835090736,-1.0130810618159072,-1.0647674314597817,1.371540747358884,0.5266129285714714,-0.2972804728458951,0.25794373167375045,0.25084295978601867,-0.8529559032726237,-0.2029709966972661,0.721013009031587,1.0079250588109072,0.29484115992287163,0.5271575290967425,-0.84112598805061,-1.853428296315237,-0.008578993326973705,0.4844182957243628,1.1214991367874432,0.2524355828129005,-0.1186896218857633,-0.734385764520006,-0.7643207301344557,-1.1349186237571947,0.7021827998799535,0.6481222148959824,0.30875360395391915,1.1844808834838898,0.07692929870541232,-1.4501467824610752,-0.7710594063199635,-1.2710363427613627,-0.5694698798058581,1.6026725498210699,1.6569934480935236,-0.04793232888755178,-0.6468150841632818,-1.753381196153626,-0.6270026476474306,-0.08186533195659063,0.17003143478867966,-1.060414134719951,-0.3274576832385872,0.47724150643347585,-0.7675038165213226,-1.7089345576056303,0.7724680805157169,-0.030846807459924797,0.20476908151883744,-0.35967003360161254,0.8205942638023247,-1.8716714641969388,-0.29798939428770643,0.2929529005506582,-0.6866401493074218,0.3161217941492858,-1.5334587428853441,-0.9110879260078112,-0.699026358270771,-1.1130607778796597,-1.3544659281531968,0.6174849764190705,-0.27252105584333064,-0.3285822714646607,1.4604687741131843,1.4210389258721516,-0.44823635338439766,-0.5643251229315666,0.10964702288022454,0.7890014323621471,0.7020611603206397,0.5785407044644812,-1.0178844361660633,-0.1974180542826483,0.21999755203618404,0.33548807332691305,-0.395183066883519,-0.45366397914032397,0.9489977369626504,-0.2975033840309992,0.10342002045713294,0.48384820939819323,0.743770516749975,-0.13052001444570135,0.14705525959684784,0.0873944129761714,-0.3672243063269013,-0.4277812990118782,-1.201695641551564,-0.8512066880225162,-0.41189698880752457,-0.06955889108452146,-0.23434605381718193,1.516325925305761,-0.2511681598770046,0.16360844367377209,-1.4641802451876889,0.21475035589371033,-0.11195099767065743,0.05862953520982128,-0.16112486072648408,-0.5018742101653524,-0.6559688506443052,0.4231401372196473,0.26933268211602746
3;8;4476.041322469711;330;162;0.057297;0.001673;0.165051/0.12938/0.145192/0.143988/0.091484/0.132992/0.161019/0.129055/0.142573/0.151015/0.06173/0.144491/0.100796/0.164356/0.084595/0.119814/0.140023/0.141466/0.149985/0.147973/0.153028/0.157949/0.097976/0.147344/0.138813/0.150553/0.14613/0.055966/0.149237/0.125938/0.144468/0.097209/0.091897/0.140962/0.101638/0.07844/0.080963/0.105772/0.144474/0.160048/0.10281/0.103585/0.143252/0.146473/0.137817/0.139092/0.101816/0.156457/0.097159/0.126638/0.111898/0.135907/0.102261/0.147592/0.149128/0.137314/0.142125/0.082766/0.068748/0.080014/0.153723/0.121149/0.110501/0.153663/0.067252/0.106885/0.156921/0.112799/0.142524/0.101533/0.165031/0.057297/0.090706/0.095166/0.137296/0.143488/0.075812/0.090332/0.152629/0.06785/0.125733/0.137407/0.164053/0.148325/0.094751/0.13958/0.154061/0.140234/0.066463/0.14741/0.080236/0.089141/0.161088/0.107461/0.159783/0.128007/0.15279/0.103034/0.139081/0.159484;0.0/0.0/0.0/0.0/0.0/0.0024/0.074874/0.0/0.0/0.0/0.0/0.0/0.0/0.0/0.0/0.001444/0.0/0.0/0.007918/0.0/0.0/0.0/0.00021/0.0/0.0/0.0/0.0/0.0/0.0/0.0/0.0/0.0/0.0/0.0/0.0/0.0/0.0/0.0/0.083729/0.0/0.197456/0.0/0.0/0.0/0.0/0.0/0.0/0.0/0.0/0.025551/0.21531/0.0/0.0/0.0/0.0/0.115879/0.0/0.0/0.0/0.0/0.0/1e-05/0.0/0.364523/0.0/0.234712/0.0/0.0/0.0/0.0/0.0/0.001673/0.0/0.0/0.073153/0.0/0.0/0.0/0.0/0.0/0.00263/0.0/0.0/0.0/0.0/0.0/0.0/0.0/0.0/0.0/0.0/0.0/0.0/0.0/0.0/0.0/0.0/0.332785/0.0/0.0;0.153663/0.103034/0.10281/0.057297/0.055966;0.364523/0.332785/0.197456/0.001673/0.0;-0.8593481011193491,0.18553710380774335,-0.13971472524410672,2.5976621229288077,-0.08115855416830675,-0.5448090719655155,-2.3909935000558185,0.7352891997850042,0.8895638626292462,1.1515768193240388,-0.8309529103023838,-1.0964138038004156,-1.4386295370813462,-0.063792317488917,1.014171643843457,0.061632148798590136,-1.3383033235932933,0.006298702703224912,1.029590403921926,-0.9579976070822878,1.1749463875265957,-0.741266781967282,-0.4084133822174541,0.41926640135741783,0.28681339063920797,-1.370086378968037,0.8698267436591914,0.31310402532221615,0.9002202204609075,0.2749488283264311,0.44019830607232546,0.18517958464574064,1.4297959730492988,-1.4059130145414267,1.7420184485875154,-0.561884158682131,0.5783874466497524,-1.4151884110883461,-0.28563076259359604,-0.03434849353341904,-1.6421030429787973,-0.7456568474510801,-0.08309806335246306,0.22439659262721878,-0.799100605674644,0.14112609812335974,-0.5260436227818086,0.9072821674917467,-1.5717492397869792,-0.023873931001228532,-0.38640402993970807,-0.06329189472202786,1.8706024451036756,-0.07411540586936627,0.37660569650035153,-0.5215718995582221,-0.23871386520111715,1.2712244289516539,1.5469267253599766,0.3785730899695169,0.04017809555511043,0.3134382426800641,1.6821149847015229,-0.8591068132870178,-0.775179286200192,0.15721968476774095,-0.6781654810252499,-0.5748548849303767,-1.7897070866909313,0.3202548062246984,-0.29980612345552615,-0.11332954619787572,-1.5542703734234762,-1.0633079571170523,-0.3299373162767346,0.8370102500614419,1.070193031641173,0.4880880748557489,-1.094850649289272,1.768116449925341,1.088810838941771,-0.23493991866226516,0.00037568669485532613,-0.8576892819825408,1.6049250452255954,-0.614798540022821,1.0342523895925542,0.36954747851663206,-0.5664618488972437,0.3349812205617434,0.389124850623794,0.13401002197298367,0.8660118769006172,-0.47019049375769784,-0.028833020104389595,-0.5199353163720585,0.148893773436594,-1.446022782152467,0.933575406408879,0.4239062641227383,-0.6168995010733569,-0.7179787282736293,-0.8525136824602951,0.24090089604244863,-0.3175226585268325,0.21843563781986114,-0.2002457172046269,-0.07585429732246746,0.16711824150823607,-1.3490225769420172,0.31569759894293015,-1.6151241197332389,-0.8599619046443209,-0.22557278092214322,1.7306373036542684,-1.2502889031194269,0.2604538794187037,-1.227091695766514,0.6351110234003392,0.4542629761157463,0.9630335446291292,-0.27696823622947947,1.4013932438177585,0.19512169186409017,-0.3137598438827967,0.35100366949613476,-1.1297164564234792,-0.0869242423384688,1.0453440109965793,0.9109535421356096,-0.23547100454066733,-0.9002448809142984,0.25868311467258387,0.5971739536807185,-0.807138456866515,0.7973348892618929,-0.9292402062208274,0.39489630917628155,0.9509765096073344,1.7962769581094373,0.5015131689593803,-1.5460088754050283,0.23514066086174062,0.090586791343083,1.222943292588209,-0.14636749866943652,0.3175749706407742,0.9763392689538356,-0.43203421837781986,-0.1641647319795397,-0.8404627734331426,-1.4625479825933594,-0.5037608227352237,-0.9952687956458386,1.135084984924608,1.0257210534851633,-0.44760820568944976,0.9386424783883381;1.677522265581715,1.468101175322507,-0.06893704142611468,0.7377495036373761,0.1471585961778779,-0.5829765054294946,1.5791604123635197,-0.613083311455223,-0.024175869286500784,1.125842191486218,-0.005473173153156652,-0.22973062095424987,-0.19120994379814585,-0.2877314850629938,-0.9946442842013576,-1.3767587310455407,-1.1755947546878114,1.1354990129540576,1.5063228055384021,1.2202809590403958,-0.6243053503830269,1.0218535302063552,0.6342567663917542,-0.51034625008583,-0.23892963644894488,-0.8090886077817621,-1.0312914812920146,0.594039005682774,-0.4494473591421536,-1.4901400275739978,-0.013036483765132084,0.22673096190739836,-0.36466659003896407,-0.5484938183468621,-1.0046220792844127,0.08154305211890284,-0.19603682857828364,1.2793983160903115,-0.14945645149040349,0.2450447209712755,0.3604587963233167,1.3263820471272023,0.29728635603412557,-0.8203240806902349,-0.6694756414778682,-0.09554772889462826,0.5605273326084063,0.3615426705478374,-1.260821489292375,0.32292824350451177,-0.9729697275085276,0.9199261770246502,0.4045310478339933,0.18497372835090736,-1.0130810618159072,-1.0647674314597817,1.371540747358884,0.5266129285714714,-0.2972804728458951,0.25794373167375045,0.25084295978601867,-0.8529559032726237,-0.2029709966972661,0.721013009031587,1.0079250588109072,0.29484115992287163,0.5271575290967425,-0.84112598805061,-1.853428296315237,-0.008578993326973705,0.4844182957243628,1.1214991367874432,0.2524355828129005,-0.1186896218857633,-0.734385764520006,-0.7643207301344557,-1.1349186237571947,0.7021827998799535,0.6481222148959824,0.30875360395391915,1.1844808834838898,0.07692929870541232,-1.4501467824610752,-0.7710594063199635,-1.2710363427613627,-0.5694698798058581,1.6026725498210699,1.6569934480935236,-0.04793232888755178,-0.6468150841632818,-1.753381196153626,-0.6270026476474306,-0.08186533195659063,0.17003143478867966,-1.060414134719951,-0.3274576832385872,0.47724150643347585,-0.7675038165213226,-1.7089345576056303,0.7724680805157169,-0.030846807459924797,0.20476908151883744,-0.35967003360161254,0.8205942638023247,-1.8716714641969388,-0.29798939428770643,0.2929529005506582,-0.6866401493074218,0.3161217941492858,-1.5334587428853441,-0.9110879260078112,-0.699026358270771,-1.1130607778796597,-1.3544659281531968,0.6174849764190705,-0.27252105584333064,-0.3285822714646607,1.4604687741131843,1.4210389258721516,-0.44823635338439766,-0.5643251229315666,0.10964702288022454,0.7890014323621471,0.7020611603206397,0.5785407044644812,-1.0178844361660633,-0.1974180542826483,0.21999755203618404,0.33548807332691305,-0.395183066883519,-0.45366397914032397,0.9489977369626504,-0.2975033840309992,0.10342002045713294,0.48384820939819323,0.743770516749975,-0.13052001444570135,0.14705525959684784,0.0873944129761714,-0.3672243063269013,-0.4277812990118782,-1.201695641551564,-0.8512066880225162,-0.41189698880752457,-0.06955889108452146,-0.23434605381718193,1.516325925305761,-0.2511681598770046,0.16360844367377209,-1.4641802451876889,0.21475035589371033,-0.11195099767065743,0.05862953520982128,-0.16112486072648408,-0.5018742101653524,-0.6559688506443052,0.4231401372196473,0.26933268211602746
3;9;4977.506242513657;330;162;0.057297;0.001673;0.12938/0.145192/0.143988/0.091484/0.132992/0.161019/0.129055/0.142573/0.151015/0.06173/0.144491/0.100796/0.084595/0.119814/0.140023/0.141466/0.149985/0.147973/0.097976/0.147344/0.138813/0.150553/0.14613/0.055966/0.149237/0.125938/0.144468/0.097209/0.091897/0.140962/0.101638/0.07844/0.080963/0.105772/0.144474/0.10281/0.103585/0.143252/0.146473/0.137817/0.139092/0.101816/0.097159/0.126638/0.111898/0.135907/0.102261/0.147592/0.149128/0.137314/0.142125/0.082766/0.068748/0.080014/0.121149/0.110501/0.153663/0.067252/0.106885/0.112799/0.142524/0.101533/0.057297/0.090706/0.095166/0.137296/0.143488/0.075812/0.090332/0.06785/0.125733/0.137407/0.148325/0.094751/0.13958/0.140234/0.066463/0.14741/0.080236/0.089141/0.107461/0.128007/0.103034/0.139081/0.061375/0.125721/0.072338/0.148779/0.117911/0.139832/0.097424/0.147967/0.142575/0.102397/0.13021/0.124164/0.150388/0.135863/0.073013/0.115527;0.0/0.0/0.0/0.0/0.0024/0.074874/0.0/0.0/0.0/0.0/0.0/0.0/0.0/0.001444/0.0/0.0/0.007918/0.0/0.00021/0.0/0.0/0.0/0.0/0.0/0.0/0.0/0.0/0.0/0.0/0.0/0.0/0.0/0.0/0.0/0.083729/0.197456/0.0/0.0/0.0/0.0/0.0/0.0/0.0/0.025551/0.21531/0.0/0.0/0.0/0.0/0.115879/0.0/0.0/0.0/0.0/1e-05/0.0/0.364523/0.0/0.234712/0.0/0.0/0.0/0.001673/0.0/0.0/0.073153/0.0/0.0/0.0/0.0/0.00263/0.0/0.0/0.0/0.0/0.0/0.0/0.0/0.0/0.0/0.0/0.0/0.332785/0.0/0.0/0.0/0.0/0.0/0.0/0.0/0.0/0.0/0.0/0.0/0.0/0.0/0.147607/0.0/0.0/0.0;0.153663/0.103034/0.10281/0.057297/0.055966;0.364523/0.332785/0.197456/0.001673/0.0;-0.8593481011193491,0.18553710380774335,-0.13971472524410672,2.5976621229288077,-0.08115855416830675,-0.5448090719655155,-2.3909935000558185,0.7352891997850042,0.8895638626292462,1.1515768193240388,-0.8309529103023838,-1.0964138038004156,-1.4386295370813462,-0.063792317488917,1.014171643843457,0.061632148798590136,-1.3383033235932933,0.006298702703224912,1.029590403921926,-0.9579976070822878,1.1749463875265957,-0.741266781967282,-0.4084133822174541,0.41926640135741783,0.28681339063920797,-1.370086378968037,0.8698267436591914,0.31310402532221615,0.9002202204609075,0.2749488283264311,0.44019830607232546,0.18517958464574064,1.4297959730492988,-1.4059130145414267,1.7420184485875154,-0.561884158682131,0.5783874466497524,-1.4151884110883461,-0.28563076259359604,-0.03434849353341904,-1.6421030429787973,-0.7456568474510801,-0.08309806335246306,0.22439659262721878,-0.799100605674644,0.14112609812335974,-0.5260436227818086,0.9072821674917467,-1.5717492397869792,-0.023873931001228532,-0.38640402993970807,-0.06329189472202786,1.8706024451036756,-0.07411540586936627,0.37660569650035153,-0.5215718995582221,-0.23871386520111715,1.2712244289516539,1.5469267253599766,0.3785730899695169,0.04017809555511043,0.3134382426800641,1.6821149847015229,-0.8591068132870178,-0.775179286200192,0.15721968476774095,-0.6781654810252499,-0.5748548849303767,-1.7897070866909313,0.3202548062246984,-0.29980612345552615,-0.11332954619787572,-1.5542703734234762,-1.0633079571170523,-0.3299373162767346,0.8370102500614419,1.070193031641173,0.4880880748557489,-1.094850649289272,1.768116449925341,1.088810838941771,-0.23493991866226516,0.00037568669485532613,-0.8576892819825408,1.6049250452255954,-0.614798540022821,1.0342523895925542,0.36954747851663206,-0.5664618488972437,0.3349812205617434,0.389124850623794,0.13401002197298367,0.8660118769006172,-0.47019049375769784,-0.028833020104389595,-0.5199353163720585,0.148893773436594,-1.446022782152467,0.933575406408879,0.4239062641227383,-0.6168995010733569,-0.7179787282736293,-0.8525136824602951,0.24090089604244863,-0.3175226585268325,0.21843563781986114,-0.2002457172046269,-0.07585429732246746,0.16711824150823607,-1.3490225769420172,0.31569759894293015,-1.6151241197332389,-0.8599619046443209,-0.22557278092214322,1.7306373036542684,-1.2502889031194269,0.2604538794187037,-1.227091695766514,0.6351110234003392,0.4542629761157463,0.9630335446291292,-0.27696823622947947,1.4013932438177585,0.19512169186409017,-0.3137598438827967,0.35100366949613476,-1.1297164564234792,-0.0869242423384688,1.0453440109965793,0.9109535421356096,-0.23547100454066733,-0.9002448809142984,0.25868311467258387,0.5971739536807185,-0.807138456866515,0.7973348892618929,-0.9292402062208274,0.39489630917628155,0.9509765096073344,1.7962769581094373,0.5015131689593803,-1.5460088754050283,0.23514066086174062,0.090586791343083,1.222943292588209,-0.14636749866943652,0.3175749706407742,0.9763392689538356,-0.43203421837781986,-0.1641647319795397,-0.8404627734331426,-1.4625479825933594,-0.5037608227352237,-0.9952687956458386,1.135084984924608,1.0257210534851633,-0.44760820568944976,0.9386424783883381;1.677522265581715,1.468101175322507,-0.06893704142611468,0.7377495036373761,0.1471585961778779,-0.5829765054294946,1.5791604123635197,-0.613083311455223,-0.024175869286500784,1.125842191486218,-0.005473173153156652,-0.22973062095424987,-0.19120994379814585,-0.2877314850629938,-0.9946442842013576,-1.3767587310455407,-1.1755947546878114,1.1354990129540576,1.5063228055384021,1.2202809590403958,-0.6243053503830269,1.0218535302063552,0.6342567663917542,-0.51034625008583,-0.23892963644894488,-0.8090886077817621,-1.0312914812920146,0.594039005682774,-0.4494473591421536,-1.4901400275739978,-0.013036483765132084,0.22673096190739836,-0.36466659003896407,-0.5484938183468621,-1.0046220792844127,0.08154305211890284,-0.19603682857828364,1.2793983160903115,-0.14945645149040349,0.2450447209712755,0.3604587963233167,1.3263820471272023,0.29728635603412557,-0.8203240806902349,-0.6694756414778682,-0.09554772889462826,0.5605273326084063,0.3615426705478374,-1.260821489292375,0.32292824350451177,-0.9729697275085276,0.9199261770246502,0.4045310478339933,0.18497372835090736,-1.0130810618159072,-1.0647674314597817,1.371540747358884,0.5266129285714714,-0.2972804728458951,0.25794373167375045,0.25084295978601867,-0.8529559032726237,-0.2029709966972661,0.721013009031587,1.0079250588109072,0.29484115992287163,0.5271575290967425,-0.84112598805061,-1.853428296315237,-0.008578993326973705,0.4844182957243628,1.1214991367874432,0.2524355828129005,-0.1186896218857633,-0.734385764520006,-0.7643207301344557,-1.1349186237571947,0.7021827998799535,0.6481222148959824,0.30875360395391915,1.1844808834838898,0.07692929870541232,-1.4501467824610752,-0.7710594063199635,-1.2710363427613627,-0.5694698798058581,1.6026725498210699,1.6569934480935236,-0.04793232888755178,-0.6468150841632818,-1.753381196153626,-0.6270026476474306,-0.08186533195659063,0.17003143478867966,-1.060414134719951,-0.3274576832385872,0.47724150643347585,-0.7675038165213226,-1.7089345576056303,0.7724680805157169,-0.030846807459924797,0.20476908151883744,-0.35967003360161254,0.8205942638023247,-1.8716714641969388,-0.29798939428770643,0.2929529005506582,-0.6866401493074218,0.3161217941492858,-1.5334587428853441,-0.9110879260078112,-0.699026358270771,-1.1130607778796597,-1.3544659281531968,0.6174849764190705,-0.27252105584333064,-0.3285822714646607,1.4604687741131843,1.4210389258721516,-0.44823635338439766,-0.5643251229315666,0.10964702288022454,0.7890014323621471,0.7020611603206397,0.5785407044644812,-1.0178844361660633,-0.1974180542826483,0.21999755203618404,0.33548807332691305,-0.395183066883519,-0.45366397914032397,0.9489977369626504,-0.2975033840309992,0.10342002045713294,0.48384820939819323,0.743770516749975,-0.13052001444570135,0.14705525959684784,0.0873944129761714,-0.3672243063269013,-0.4277812990118782,-1.201695641551564,-0.8512066880225162,-0.41189698880752457,-0.06955889108452146,-0.23434605381718193,1.516325925305761,-0.2511681598770046,0.16360844367377209,-1.4641802451876889,0.21475035589371033,-0.11195099767065743,0.05862953520982128,-0.16112486072648408,-0.5018742101653524,-0.6559688506443052,0.4231401372196473,0.26933268211602746
3;10;5488.59335231781;330;162;0.057297;0.001673;0.12938/0.145192/0.143988/0.091484/0.132992/0.161019/0.129055/0.142573/0.06173/0.144491/0.100796/0.084595/0.119814/0.140023/0.141466/0.149985/0.097976/0.138813/0.14613/0.055966/0.125938/0.144468/0.097209/0.091897/0.140962/0.101638/0.07844/0.080963/0.105772/0.144474/0.10281/0.103585/0.143252/0.137817/0.139092/0.101816/0.097159/0.126638/0.111898/0.135907/0.102261/0.137314/0.142125/0.082766/0.068748/0.080014/0.121149/0.110501/0.153663/0.067252/0.106885/0.112799/0.142524/0.101533/0.057297/0.090706/0.095166/0.137296/0.143488/0.075812/0.090332/0.06785/0.125733/0.137407/0.094751/0.13958/0.140234/0.066463/0.080236/0.089141/0.107461/0.128007/0.103034/0.139081/0.061375/0.125721/0.072338/0.117911/0.139832/0.097424/0.142575/0.102397/0.13021/0.124164/0.150388/0.135863/0.073013/0.115527/0.140716/0.144269/0.154936/0.147235/0.089172/0.146639/0.128/0.140982/0.110998/0.116284/0.140803/0.126427;0.0/0.0/0.0/0.0/0.0024/0.074874/0.0/0.0/0.0/0.0/0.0/0.0/0.001444/0.0/0.0/0.007918/0.00021/0.0/0.0/0.0/0.0/0.0/0.0/0.0/0.0/0.0/0.0/0.0/0.0/0.083729/0.197456/0.0/0.0/0.0/0.0/0.0/0.0/0.025551/0.21531/0.0/0.0/0.115879/0.0/0.0/0.0/0.0/1e-05/0.0/0.364523/0.0/0.234712/0.0/0.0/0.0/0.001673/0.0/0.0/0.073153/0.0/0.0/0.0/0.0/0.00263/0.0/0.0/0.0/0.0/0.0/0.0/0.0/0.0/0.0/0.332785/0.0/0.0/0.0/0.0/0.0/0.0/0.0/0.0/0.0/0.0/0.0/0.147607/0.0/0.0/0.0/0.000602/0.0/7.7e-05/0.101879/0.252011/0.074109/0.0/0.0/0.18601/0.086235/0.0/0.0;0.153663/0.103034/0.089172/0.057297/0.055966;0.364523/0.332785/0.252011/0.001673/0.0;-0.8593481011193491,0.18553710380774335,-0.13971472524410672,2.5976621229288077,-0.08115855416830675,-0.5448090719655155,-2.3909935000558185,0.7352891997850042,0.8895638626292462,1.1515768193240388,-0.8309529103023838,-1.0964138038004156,-1.4386295370813462,-0.063792317488917,1.014171643843457,0.061632148798590136,-1.3383033235932933,0.006298702703224912,1.029590403921926,-0.9579976070822878,1.1749463875265957,-0.741266781967282,-0.4084133822174541,0.41926640135741783,0.28681339063920797,-1.370086378968037,0.8698267436591914,0.31310402532221615,0.9002202204609075,0.2749488283264311,0.44019830607232546,0.18517958464574064,1.4297959730492988,-1.4059130145414267,1.7420184485875154,-0.561884158682131,0.5783874466497524,-1.4151884110883461,-0.28563076259359604,-0.03434849353341904,-1.6421030429787973,-0.7456568474510801,-0.08309806335246306,0.22439659262721878,-0.799100605674644,0.14112609812335974,-0.5260436227818086,0.9072821674917467,-1.5717492397869792,-0.023873931001228532,-0.38640402993970807,-0.06329189472202786,1.8706024451036756,-0.07411540586936627,0.37660569650035153,-0.5215718995582221,-0.23871386520111715,1.2712244289516539,1.5469267253599766,0.3785730899695169,0.04017809555511043,0.3134382426800641,1.6821149847015229,-0.8591068132870178,-0.775179286200192,0.15721968476774095,-0.6781654810252499,-0.5748548849303767,-1.7897070866909313,0.3202548062246984,-0.29980612345552615,-0.11332954619787572,-1.5542703734234762,-1.0633079571170523,-0.3299373162767346,0.8370102500614419,1.070193031641173,0.4880880748557489,-1.094850649289272,1.768116449925341,1.088810838941771,-0.23493991866226516,0.00037568669485532613,-0.8576892819825408,1.6049250452255954,-0.614798540022821,1.0342523895925542,0.36954747851663206,-0.5664618488972437,0.3349812205617434,0.389124850623794,0.13401002197298367,0.8660118769006172,-0.47019049375769784,-0.028833020104389595,-0.5199353163720585,0.148893773436594,-1.446022782152467,0.933575406408879,0.4239062641227383,-0.6168995010733569,-0.7179787282736293,-0.8525136824602951,0.24090089604244863,-0.3175226585268325,0.21843563781986114,-0.2002457172046269,-0.07585429732246746,0.16711824150823607,-1.3490225769420172,0.31569759894293015,-1.6151241197332389,-0.8599619046443209,-0.22557278092214322,1.7306373036542684,-1.2502889031194269,0.2604538794187037,-1.227091695766514,0.6351110234003392,0.4542629761157463,0.9630335446291292,-0.27696823622947947,1.4013932438177585,0.19512169186409017,-0.3137598438827967,0.35100366949613476,-1.1297164564234792,-0.0869242423384688,1.0453440109965793,0.9109535421356096,-0.23547100454066733,-0.9002448809142984,0.25868311467258387,0.5971739536807185,-0.807138456866515,0.7973348892618929,-0.9292402062208274,0.39489630917628155,0.9509765096073344,1.7962769581094373,0.5015131689593803,-1.5460088754050283,0.23514066086174062,0.090586791343083,1.222943292588209,-0.14636749866943652,0.3175749706407742,0.9763392689538356,-0.43203421837781986,-0.1641647319795397,-0.8404627734331426,-1.4625479825933594,-0.5037608227352237,-0.9952687956458386,1.135084984924608,1.0257210534851633,-0.44760820568944976,0.9386424783883381;1.677522265581715,1.468101175322507,-0.06893704142611468,0.7377495036373761,0.1471585961778779,-0.5829765054294946,1.5791604123635197,-0.613083311455223,-0.024175869286500784,1.125842191486218,-0.005473173153156652,-0.22973062095424987,-0.19120994379814585,-0.2877314850629938,-0.9946442842013576,-1.3767587310455407,-1.1755947546878114,1.1354990129540576,1.5063228055384021,1.2202809590403958,-0.6243053503830269,1.0218535302063552,0.6342567663917542,-0.51034625008583,-0.23892963644894488,-0.8090886077817621,-1.0312914812920146,0.594039005682774,-0.4494473591421536,-1.4901400275739978,-0.013036483765132084,0.22673096190739836,-0.36466659003896407,-0.5484938183468621,-1.0046220792844127,0.08154305211890284,-0.19603682857828364,1.2793983160903115,-0.14945645149040349,0.2450447209712755,0.3604587963233167,1.3263820471272023,0.29728635603412557,-0.8203240806902349,-0.6694756414778682,-0.09554772889462826,0.5605273326084063,0.3615426705478374,-1.260821489292375,0.32292824350451177,-0.9729697275085276,0.9199261770246502,0.4045310478339933,0.18497372835090736,-1.0130810618159072,-1.0647674314597817,1.371540747358884,0.5266129285714714,-0.2972804728458951,0.25794373167375045,0.25084295978601867,-0.8529559032726237,-0.2029709966972661,0.721013009031587,1.0079250588109072,0.29484115992287163,0.5271575290967425,-0.84112598805061,-1.853428296315237,-0.008578993326973705,0.4844182957243628,1.1214991367874432,0.2524355828129005,-0.1186896218857633,-0.734385764520006,-0.7643207301344557,-1.1349186237571947,0.7021827998799535,0.6481222148959824,0.30875360395391915,1.1844808834838898,0.07692929870541232,-1.4501467824610752,-0.7710594063199635,-1.2710363427613627,-0.5694698798058581,1.6026725498210699,1.6569934480935236,-0.04793232888755178,-0.6468150841632818,-1.753381196153626,-0.6270026476474306,-0.08186533195659063,0.17003143478867966,-1.060414134719951,-0.3274576832385872,0.47724150643347585,-0.7675038165213226,-1.7089345576056303,0.7724680805157169,-0.030846807459924797,0.20476908151883744,-0.35967003360161254,0.8205942638023247,-1.8716714641969388,-0.29798939428770643,0.2929529005506582,-0.6866401493074218,0.3161217941492858,-1.5334587428853441,-0.9110879260078112,-0.699026358270771,-1.1130607778796597,-1.3544659281531968,0.6174849764190705,-0.27252105584333064,-0.3285822714646607,1.4604687741131843,1.4210389258721516,-0.44823635338439766,-0.5643251229315666,0.10964702288022454,0.7890014323621471,0.7020611603206397,0.5785407044644812,-1.0178844361660633,-0.1974180542826483,0.21999755203618404,0.33548807332691305,-0.395183066883519,-0.45366397914032397,0.9489977369626504,-0.2975033840309992,0.10342002045713294,0.48384820939819323,0.743770516749975,-0.13052001444570135,0.14705525959684784,0.0873944129761714,-0.3672243063269013,-0.4277812990118782,-1.201695641551564,-0.8512066880225162,-0.41189698880752457,-0.06955889108452146,-0.23434605381718193,1.516325925305761,-0.2511681598770046,0.16360844367377209,-1.4641802451876889,0.21475035589371033,-0.11195099767065743,0.05862953520982128,-0.16112486072648408,-0.5018742101653524,-0.6559688506443052,0.4231401372196473,0.26933268211602746
3;11;6006.867062807083;330;162;0.057297;0.001673;0.12938/0.091484/0.132992/0.161019/0.129055/0.06173/0.100796/0.084595/0.119814/0.140023/0.141466/0.149985/0.097976/0.138813/0.055966/0.125938/0.097209/0.091897/0.140962/0.101638/0.07844/0.080963/0.105772/0.144474/0.10281/0.103585/0.137817/0.139092/0.101816/0.097159/0.126638/0.111898/0.135907/0.102261/0.137314/0.082766/0.068748/0.080014/0.121149/0.110501/0.153663/0.067252/0.106885/0.112799/0.101533/0.057297/0.090706/0.095166/0.137296/0.075812/0.090332/0.06785/0.125733/0.137407/0.094751/0.13958/0.140234/0.066463/0.080236/0.089141/0.107461/0.128007/0.103034/0.139081/0.061375/0.125721/0.072338/0.117911/0.139832/0.097424/0.102397/0.13021/0.124164/0.150388/0.135863/0.073013/0.115527/0.140716/0.154936/0.147235/0.089172/0.146639/0.128/0.140982/0.110998/0.116284/0.140803/0.126427/0.159272/0.117648/0.092553/0.098778/0.162769/0.059644/0.097708/0.10252/0.138961/0.069323/0.102844/0.131374;0.0/0.0/0.0024/0.074874/0.0/0.0/0.0/0.0/0.001444/0.0/0.0/0.007918/0.00021/0.0/0.0/0.0/0.0/0.0/0.0/0.0/0.0/0.0/0.0/0.083729/0.197456/0.0/0.0/0.0/0.0/0.0/0.025551/0.21531/0.0/0.0/0.115879/0.0/0.0/0.0/1e-05/0.0/0.364523/0.0/0.234712/0.0/0.0/0.001673/0.0/0.0/0.073153/0.0/0.0/0.0/0.00263/0.0/0.0/0.0/0.0/0.0/0.0/0.0/0.0/0.0/0.332785/0.0/0.0/0.0/0.0/0.0/0.0/0.0/0.0/0.0/0.0/0.147607/0.0/0.0/0.0/0.000602/7.7e-05/0.101879/0.252011/0.074109/0.0/0.0/0.18601/0.086235/0.0/0.0/0.000105/0.0/0.008425/0.0/1.9e-05/0.0/0.0/0.0/0.013847/0.136027/0.016954/0.0;0.153663/0.103034/0.089172/0.069323/0.057297/0.055966;0.364523/0.332785/0.252011/0.136027/0.001673/0.0;-0.8593481011193491,0.18553710380774335,-0.13971472524410672,2.5976621229288077,-0.08115855416830675,-0.5448090719655155,-2.3909935000558185,0.7352891997850042,0.8895638626292462,1.1515768193240388,-0.8309529103023838,-1.0964138038004156,-1.4386295370813462,-0.063792317488917,1.014171643843457,0.061632148798590136,-1.3383033235932933,0.006298702703224912,1.029590403921926,-0.9579976070822878,1.1749463875265957,-0.741266781967282,-0.4084133822174541,0.41926640135741783,0.28681339063920797,-1.370086378968037,0.8698267436591914,0.31310402532221615,0.9002202204609075,0.2749488283264311,0.44019830607232546,0.18517958464574064,1.4297959730492988,-1.4059130145414267,1.7420184485875154,-0.561884158682131,0.5783874466497524,-1.4151884110883461,-0.28563076259359604,-0.03434849353341904,-1.6421030429787973,-0.7456568474510801,-0.08309806335246306,0.22439659262721878,-0.799100605674644,0.14112609812335974,-0.5260436227818086,0.9072821674917467,-1.5717492397869792,-0.023873931001228532,-0.38640402993970807,-0.06329189472202786,1.8706024451036756,-0.07411540586936627,0.37660569650035153,-0.5215718995582221,-0.23871386520111715,1.2712244289516539,1.5469267253599766,0.3785730899695169,0.04017809555511043,0.3134382426800641,1.6821149847015229,-0.8591068132870178,-0.775179286200192,0.15721968476774095,-0.6781654810252499,-0.5748548849303767,-1.7897070866909313,0.3202548062246984,-0.29980612345552615,-0.11332954619787572,-1.5542703734234762,-1.0633079571170523,-0.3299373162767346,0.8370102500614419,1.070193031641173,0.4880880748557489,-1.094850649289272,1.768116449925341,1.088810838941771,-0.23493991866226516,0.00037568669485532613,-0.8576892819825408,1.6049250452255954,-0.614798540022821,1.0342523895925542,0.36954747851663206,-0.5664618488972437,0.3349812205617434,0.389124850623794,0.13401002197298367,0.8660118769006172,-0.47019049375769784,-0.028833020104389595,-0.5199353163720585,0.148893773436594,-1.446022782152467,0.933575406408879,0.4239062641227383,-0.6168995010733569,-0.7179787282736293,-0.8525136824602951,0.24090089604244863,-0.3175226585268325,0.21843563781986114,-0.2002457172046269,-0.07585429732246746,0.16711824150823607,-1.3490225769420172,0.31569759894293015,-1.6151241197332389,-0.8599619046443209,-0.22557278092214322,1.7306373036542684,-1.2502889031194269,0.2604538794187037,-1.227091695766514,0.6351110234003392,0.4542629761157463,0.9630335446291292,-0.27696823622947947,1.4013932438177585,0.19512169186409017,-0.3137598438827967,0.35100366949613476,-1.1297164564234792,-0.0869242423384688,1.0453440109965793,0.9109535421356096,-0.23547100454066733,-0.9002448809142984,0.25868311467258387,0.5971739536807185,-0.807138456866515,0.7973348892618929,-0.9292402062208274,0.39489630917628155,0.9509765096073344,1.7962769581094373,0.5015131689593803,-1.5460088754050283,0.23514066086174062,0.090586791343083,1.222943292588209,-0.14636749866943652,0.3175749706407742,0.9763392689538356,-0.43203421837781986,-0.1641647319795397,-0.8404627734331426,-1.4625479825933594,-0.5037608227352237,-0.9952687956458386,1.135084984924608,1.0257210534851633,-0.44760820568944976,0.9386424783883381;1.677522265581715,1.468101175322507,-0.06893704142611468,0.7377495036373761,0.1471585961778779,-0.5829765054294946,1.5791604123635197,-0.613083311455223,-0.024175869286500784,1.125842191486218,-0.005473173153156652,-0.22973062095424987,-0.19120994379814585,-0.2877314850629938,-0.9946442842013576,-1.3767587310455407,-1.1755947546878114,1.1354990129540576,1.5063228055384021,1.2202809590403958,-0.6243053503830269,1.0218535302063552,0.6342567663917542,-0.51034625008583,-0.23892963644894488,-0.8090886077817621,-1.0312914812920146,0.594039005682774,-0.4494473591421536,-1.4901400275739978,-0.013036483765132084,0.22673096190739836,-0.36466659003896407,-0.5484938183468621,-1.0046220792844127,0.08154305211890284,-0.19603682857828364,1.2793983160903115,-0.14945645149040349,0.2450447209712755,0.3604587963233167,1.3263820471272023,0.29728635603412557,-0.8203240806902349,-0.6694756414778682,-0.09554772889462826,0.5605273326084063,0.3615426705478374,-1.260821489292375,0.32292824350451177,-0.9729697275085276,0.9199261770246502,0.4045310478339933,0.18497372835090736,-1.0130810618159072,-1.0647674314597817,1.371540747358884,0.5266129285714714,-0.2972804728458951,0.25794373167375045,0.25084295978601867,-0.8529559032726237,-0.2029709966972661,0.721013009031587,1.0079250588109072,0.29484115992287163,0.5271575290967425,-0.84112598805061,-1.853428296315237,-0.008578993326973705,0.4844182957243628,1.1214991367874432,0.2524355828129005,-0.1186896218857633,-0.734385764520006,-0.7643207301344557,-1.1349186237571947,0.7021827998799535,0.6481222148959824,0.30875360395391915,1.1844808834838898,0.07692929870541232,-1.4501467824610752,-0.7710594063199635,-1.2710363427613627,-0.5694698798058581,1.6026725498210699,1.6569934480935236,-0.04793232888755178,-0.6468150841632818,-1.753381196153626,-0.6270026476474306,-0.08186533195659063,0.17003143478867966,-1.060414134719951,-0.3274576832385872,0.47724150643347585,-0.7675038165213226,-1.7089345576056303,0.7724680805157169,-0.030846807459924797,0.20476908151883744,-0.35967003360161254,0.8205942638023247,-1.8716714641969388,-0.29798939428770643,0.2929529005506582,-0.6866401493074218,0.3161217941492858,-1.5334587428853441,-0.9110879260078112,-0.699026358270771,-1.1130607778796597,-1.3544659281531968,0.6174849764190705,-0.27252105584333064,-0.3285822714646607,1.4604687741131843,1.4210389258721516,-0.44823635338439766,-0.5643251229315666,0.10964702288022454,0.7890014323621471,0.7020611603206397,0.5785407044644812,-1.0178844361660633,-0.1974180542826483,0.21999755203618404,0.33548807332691305,-0.395183066883519,-0.45366397914032397,0.9489977369626504,-0.2975033840309992,0.10342002045713294,0.48384820939819323,0.743770516749975,-0.13052001444570135,0.14705525959684784,0.0873944129761714,-0.3672243063269013,-0.4277812990118782,-1.201695641551564,-0.8512066880225162,-0.41189698880752457,-0.06955889108452146,-0.23434605381718193,1.516325925305761,-0.2511681598770046,0.16360844367377209,-1.4641802451876889,0.21475035589371033,-0.11195099767065743,0.05862953520982128,-0.16112486072648408,-0.5018742101653524,-0.6559688506443052,0.4231401372196473,0.26933268211602746
3;12;6528.361143112183;330;162;0.057297;0.001673;0.12938/0.091484/0.132992/0.161019/0.129055/0.06173/0.100796/0.084595/0.119814/0.149985/0.097976/0.055966/0.125938/0.097209/0.091897/0.101638/0.07844/0.080963/0.105772/0.144474/0.10281/0.103585/0.101816/0.097159/0.126638/0.111898/0.135907/0.102261/0.137314/0.082766/0.068748/0.080014/0.121149/0.110501/0.153663/0.067252/0.106885/0.112799/0.101533/0.057297/0.090706/0.095166/0.137296/0.075812/0.090332/0.06785/0.125733/0.094751/0.066463/0.080236/0.089141/0.107461/0.128007/0.103034/0.061375/0.125721/0.072338/0.117911/0.097424/0.102397/0.13021/0.124164/0.150388/0.135863/0.073013/0.115527/0.140716/0.154936/0.147235/0.089172/0.146639/0.128/0.110998/0.116284/0.126427/0.159272/0.117648/0.092553/0.098778/0.162769/0.059644/0.097708/0.10252/0.138961/0.069323/0.102844/0.131374/0.161866/0.097261/0.098815/0.090995/0.104187/0.137323/0.121249/0.087413/0.136352/0.117051/0.085385/0.08807/0.102463;0.0/0.0/0.0024/0.074874/0.0/0.0/0.0/0.0/0.001444/0.007918/0.00021/0.0/0.0/0.0/0.0/0.0/0.0/0.0/0.0/0.083729/0.197456/0.0/0.0/0.0/0.025551/0.21531/0.0/0.0/0.115879/0.0/0.0/0.0/1e-05/0.0/0.364523/0.0/0.234712/0.0/0.0/0.001673/0.0/0.0/0.073153/0.0/0.0/0.0/0.00263/0.0/0.0/0.0/0.0/0.0/0.0/0.332785/0.0/0.0/0.0/0.0/0.0/0.0/0.0/0.0/0.147607/0.0/0.0/0.0/0.000602/7.7e-05/0.101879/0.252011/0.074109/0.0/0.18601/0.086235/0.0/0.000105/0.0/0.008425/0.0/1.9e-05/0.0/0.0/0.0/0.013847/0.136027/0.016954/0.0/0.000478/0.0/0.003978/0.0/0.192914/0.0/0.0/0.290509/0.0/0.0/0.0/0.0/0.183342;0.153663/0.103034/0.087413/0.069323/0.057297/0.055966;0.364523/0.332785/0.290509/0.136027/0.001673/0.0;-0.8593481011193491,0.18553710380774335,-0.13971472524410672,2.5976621229288077,-0.08115855416830675,-0.5448090719655155,-2.3909935000558185,0.7352891997850042,0.8895638626292462,1.1515768193240388,-0.8309529103023838,-1.0964138038004156,-1.4386295370813462,-0.063792317488917,1.014171643843457,0.061632148798590136,-1.3383033235932933,0.006298702703224912,1.029590403921926,-0.9579976070822878,1.1749463875265957,-0.741266781967282,-0.4084133822174541,0.41926640135741783,0.28681339063920797,-1.370086378968037,0.8698267436591914,0.31310402532221615,0.9002202204609075,0.2749488283264311,0.44019830607232546,0.18517958464574064,1.4297959730492988,-1.4059130145414267,1.7420184485875154,-0.561884158682131,0.5783874466497524,-1.4151884110883461,-0.28563076259359604,-0.03434849353341904,-1.6421030429787973,-0.7456568474510801,-0.08309806335246306,0.22439659262721878,-0.799100605674644,0.14112609812335974,-0.5260436227818086,0.9072821674917467,-1.5717492397869792,-0.023873931001228532,-0.38640402993970807,-0.06329189472202786,1.8706024451036756,-0.07411540586936627,0.37660569650035153,-0.5215718995582221,-0.23871386520111715,1.2712244289516539,1.5469267253599766,0.3785730899695169,0.04017809555511043,0.3134382426800641,1.6821149847015229,-0.8591068132870178,-0.775179286200192,0.15721968476774095,-0.6781654810252499,-0.5748548849303767,-1.7897070866909313,0.3202548062246984,-0.29980612345552615,-0.11332954619787572,-1.5542703734234762,-1.0633079571170523,-0.3299373162767346,0.8370102500614419,1.070193031641173,0.4880880748557489,-1.094850649289272,1.768116449925341,1.088810838941771,-0.23493991866226516,0.00037568669485532613,-0.8576892819825408,1.6049250452255954,-0.614798540022821,1.0342523895925542,0.36954747851663206,-0.5664618488972437,0.3349812205617434,0.389124850623794,0.13401002197298367,0.8660118769006172,-0.47019049375769784,-0.028833020104389595,-0.5199353163720585,0.148893773436594,-1.446022782152467,0.933575406408879,0.4239062641227383,-0.6168995010733569,-0.7179787282736293,-0.8525136824602951,0.24090089604244863,-0.3175226585268325,0.21843563781986114,-0.2002457172046269,-0.07585429732246746,0.16711824150823607,-1.3490225769420172,0.31569759894293015,-1.6151241197332389,-0.8599619046443209,-0.22557278092214322,1.7306373036542684,-1.2502889031194269,0.2604538794187037,-1.227091695766514,0.6351110234003392,0.4542629761157463,0.9630335446291292,-0.27696823622947947,1.4013932438177585,0.19512169186409017,-0.3137598438827967,0.35100366949613476,-1.1297164564234792,-0.0869242423384688,1.0453440109965793,0.9109535421356096,-0.23547100454066733,-0.9002448809142984,0.25868311467258387,0.5971739536807185,-0.807138456866515,0.7973348892618929,-0.9292402062208274,0.39489630917628155,0.9509765096073344,1.7962769581094373,0.5015131689593803,-1.5460088754050283,0.23514066086174062,0.090586791343083,1.222943292588209,-0.14636749866943652,0.3175749706407742,0.9763392689538356,-0.43203421837781986,-0.1641647319795397,-0.8404627734331426,-1.4625479825933594,-0.5037608227352237,-0.9952687956458386,1.135084984924608,1.0257210534851633,-0.44760820568944976,0.9386424783883381;1.677522265581715,1.468101175322507,-0.06893704142611468,0.7377495036373761,0.1471585961778779,-0.5829765054294946,1.5791604123635197,-0.613083311455223,-0.024175869286500784,1.125842191486218,-0.005473173153156652,-0.22973062095424987,-0.19120994379814585,-0.2877314850629938,-0.9946442842013576,-1.3767587310455407,-1.1755947546878114,1.1354990129540576,1.5063228055384021,1.2202809590403958,-0.6243053503830269,1.0218535302063552,0.6342567663917542,-0.51034625008583,-0.23892963644894488,-0.8090886077817621,-1.0312914812920146,0.594039005682774,-0.4494473591421536,-1.4901400275739978,-0.013036483765132084,0.22673096190739836,-0.36466659003896407,-0.5484938183468621,-1.0046220792844127,0.08154305211890284,-0.19603682857828364,1.2793983160903115,-0.14945645149040349,0.2450447209712755,0.3604587963233167,1.3263820471272023,0.29728635603412557,-0.8203240806902349,-0.6694756414778682,-0.09554772889462826,0.5605273326084063,0.3615426705478374,-1.260821489292375,0.32292824350451177,-0.9729697275085276,0.9199261770246502,0.4045310478339933,0.18497372835090736,-1.0130810618159072,-1.0647674314597817,1.371540747358884,0.5266129285714714,-0.2972804728458951,0.25794373167375045,0.25084295978601867,-0.8529559032726237,-0.2029709966972661,0.721013009031587,1.0079250588109072,0.29484115992287163,0.5271575290967425,-0.84112598805061,-1.853428296315237,-0.008578993326973705,0.4844182957243628,1.1214991367874432,0.2524355828129005,-0.1186896218857633,-0.734385764520006,-0.7643207301344557,-1.1349186237571947,0.7021827998799535,0.6481222148959824,0.30875360395391915,1.1844808834838898,0.07692929870541232,-1.4501467824610752,-0.7710594063199635,-1.2710363427613627,-0.5694698798058581,1.6026725498210699,1.6569934480935236,-0.04793232888755178,-0.6468150841632818,-1.753381196153626,-0.6270026476474306,-0.08186533195659063,0.17003143478867966,-1.060414134719951,-0.3274576832385872,0.47724150643347585,-0.7675038165213226,-1.7089345576056303,0.7724680805157169,-0.030846807459924797,0.20476908151883744,-0.35967003360161254,0.8205942638023247,-1.8716714641969388,-0.29798939428770643,0.2929529005506582,-0.6866401493074218,0.3161217941492858,-1.5334587428853441,-0.9110879260078112,-0.699026358270771,-1.1130607778796597,-1.3544659281531968,0.6174849764190705,-0.27252105584333064,-0.3285822714646607,1.4604687741131843,1.4210389258721516,-0.44823635338439766,-0.5643251229315666,0.10964702288022454,0.7890014323621471,0.7020611603206397,0.5785407044644812,-1.0178844361660633,-0.1974180542826483,0.21999755203618404,0.33548807332691305,-0.395183066883519,-0.45366397914032397,0.9489977369626504,-0.2975033840309992,0.10342002045713294,0.48384820939819323,0.743770516749975,-0.13052001444570135,0.14705525959684784,0.0873944129761714,-0.3672243063269013,-0.4277812990118782,-1.201695641551564,-0.8512066880225162,-0.41189698880752457,-0.06955889108452146,-0.23434605381718193,1.516325925305761,-0.2511681598770046,0.16360844367377209,-1.4641802451876889,0.21475035589371033,-0.11195099767065743,0.05862953520982128,-0.16112486072648408,-0.5018742101653524,-0.6559688506443052,0.4231401372196473,0.26933268211602746
3;13;7041.434429883957;330;162;0.057297;0.001673;0.091484/0.132992/0.161019/0.06173/0.100796/0.084595/0.119814/0.149985/0.097976/0.055966/0.125938/0.097209/0.091897/0.101638/0.07844/0.080963/0.105772/0.144474/0.10281/0.103585/0.101816/0.097159/0.126638/0.111898/0.102261/0.137314/0.082766/0.068748/0.080014/0.121149/0.110501/0.153663/0.067252/0.106885/0.112799/0.101533/0.057297/0.090706/0.095166/0.137296/0.075812/0.090332/0.06785/0.125733/0.094751/0.066463/0.080236/0.089141/0.107461/0.103034/0.061375/0.125721/0.072338/0.117911/0.097424/0.102397/0.124164/0.150388/0.073013/0.115527/0.140716/0.154936/0.147235/0.089172/0.146639/0.110998/0.116284/0.126427/0.159272/0.117648/0.092553/0.098778/0.162769/0.059644/0.097708/0.10252/0.138961/0.069323/0.102844/0.161866/0.097261/0.098815/0.090995/0.104187/0.121249/0.087413/0.117051/0.085385/0.08807/0.102463/0.101554/0.097237/0.078471/0.144825/0.14792/0.103151/0.123657/0.094085/0.098611/0.099564;0.0/0.0024/0.074874/0.0/0.0/0.0/0.001444/0.007918/0.00021/0.0/0.0/0.0/0.0/0.0/0.0/0.0/0.0/0.083729/0.197456/0.0/0.0/0.0/0.025551/0.21531/0.0/0.115879/0.0/0.0/0.0/1e-05/0.0/0.364523/0.0/0.234712/0.0/0.0/0.001673/0.0/0.0/0.073153/0.0/0.0/0.0/0.00263/0.0/0.0/0.0/0.0/0.0/0.332785/0.0/0.0/0.0/0.0/0.0/0.0/0.0/0.147607/0.0/0.0/0.000602/7.7e-05/0.101879/0.252011/0.074109/0.18601/0.086235/0.0/0.000105/0.0/0.008425/0.0/1.9e-05/0.0/0.0/0.0/0.013847/0.136027/0.016954/0.000478/0.0/0.003978/0.0/0.192914/0.0/0.290509/0.0/0.0/0.0/0.183342/0.0/0.0/0.0/0.080956/0.001195/0.032149/0.0/0.0/0.0/0.0;0.153663/0.103034/0.087413/0.069323/0.057297/0.055966;0.364523/0.332785/0.290509/0.136027/0.001673/0.0;-0.8593481011193491,0.18553710380774335,-0.13971472524410672,2.5976621229288077,-0.08115855416830675,-0.5448090719655155,-2.3909935000558185,0.7352891997850042,0.8895638626292462,1.1515768193240388,-0.8309529103023838,-1.0964138038004156,-1.4386295370813462,-0.063792317488917,1.014171643843457,0.061632148798590136,-1.3383033235932933,0.006298702703224912,1.029590403921926,-0.9579976070822878,1.1749463875265957,-0.741266781967282,-0.4084133822174541,0.41926640135741783,0.28681339063920797,-1.370086378968037,0.8698267436591914,0.31310402532221615,0.9002202204609075,0.2749488283264311,0.44019830607232546,0.18517958464574064,1.4297959730492988,-1.4059130145414267,1.7420184485875154,-0.561884158682131,0.5783874466497524,-1.4151884110883461,-0.28563076259359604,-0.03434849353341904,-1.6421030429787973,-0.7456568474510801,-0.08309806335246306,0.22439659262721878,-0.799100605674644,0.14112609812335974,-0.5260436227818086,0.9072821674917467,-1.5717492397869792,-0.023873931001228532,-0.38640402993970807,-0.06329189472202786,1.8706024451036756,-0.07411540586936627,0.37660569650035153,-0.5215718995582221,-0.23871386520111715,1.2712244289516539,1.5469267253599766,0.3785730899695169,0.04017809555511043,0.3134382426800641,1.6821149847015229,-0.8591068132870178,-0.775179286200192,0.15721968476774095,-0.6781654810252499,-0.5748548849303767,-1.7897070866909313,0.3202548062246984,-0.29980612345552615,-0.11332954619787572,-1.5542703734234762,-1.0633079571170523,-0.3299373162767346,0.8370102500614419,1.070193031641173,0.4880880748557489,-1.094850649289272,1.768116449925341,1.088810838941771,-0.23493991866226516,0.00037568669485532613,-0.8576892819825408,1.6049250452255954,-0.614798540022821,1.0342523895925542,0.36954747851663206,-0.5664618488972437,0.3349812205617434,0.389124850623794,0.13401002197298367,0.8660118769006172,-0.47019049375769784,-0.028833020104389595,-0.5199353163720585,0.148893773436594,-1.446022782152467,0.933575406408879,0.4239062641227383,-0.6168995010733569,-0.7179787282736293,-0.8525136824602951,0.24090089604244863,-0.3175226585268325,0.21843563781986114,-0.2002457172046269,-0.07585429732246746,0.16711824150823607,-1.3490225769420172,0.31569759894293015,-1.6151241197332389,-0.8599619046443209,-0.22557278092214322,1.7306373036542684,-1.2502889031194269,0.2604538794187037,-1.227091695766514,0.6351110234003392,0.4542629761157463,0.9630335446291292,-0.27696823622947947,1.4013932438177585,0.19512169186409017,-0.3137598438827967,0.35100366949613476,-1.1297164564234792,-0.0869242423384688,1.0453440109965793,0.9109535421356096,-0.23547100454066733,-0.9002448809142984,0.25868311467258387,0.5971739536807185,-0.807138456866515,0.7973348892618929,-0.9292402062208274,0.39489630917628155,0.9509765096073344,1.7962769581094373,0.5015131689593803,-1.5460088754050283,0.23514066086174062,0.090586791343083,1.222943292588209,-0.14636749866943652,0.3175749706407742,0.9763392689538356,-0.43203421837781986,-0.1641647319795397,-0.8404627734331426,-1.4625479825933594,-0.5037608227352237,-0.9952687956458386,1.135084984924608,1.0257210534851633,-0.44760820568944976,0.9386424783883381;1.677522265581715,1.468101175322507,-0.06893704142611468,0.7377495036373761,0.1471585961778779,-0.5829765054294946,1.5791604123635197,-0.613083311455223,-0.024175869286500784,1.125842191486218,-0.005473173153156652,-0.22973062095424987,-0.19120994379814585,-0.2877314850629938,-0.9946442842013576,-1.3767587310455407,-1.1755947546878114,1.1354990129540576,1.5063228055384021,1.2202809590403958,-0.6243053503830269,1.0218535302063552,0.6342567663917542,-0.51034625008583,-0.23892963644894488,-0.8090886077817621,-1.0312914812920146,0.594039005682774,-0.4494473591421536,-1.4901400275739978,-0.013036483765132084,0.22673096190739836,-0.36466659003896407,-0.5484938183468621,-1.0046220792844127,0.08154305211890284,-0.19603682857828364,1.2793983160903115,-0.14945645149040349,0.2450447209712755,0.3604587963233167,1.3263820471272023,0.29728635603412557,-0.8203240806902349,-0.6694756414778682,-0.09554772889462826,0.5605273326084063,0.3615426705478374,-1.260821489292375,0.32292824350451177,-0.9729697275085276,0.9199261770246502,0.4045310478339933,0.18497372835090736,-1.0130810618159072,-1.0647674314597817,1.371540747358884,0.5266129285714714,-0.2972804728458951,0.25794373167375045,0.25084295978601867,-0.8529559032726237,-0.2029709966972661,0.721013009031587,1.0079250588109072,0.29484115992287163,0.5271575290967425,-0.84112598805061,-1.853428296315237,-0.008578993326973705,0.4844182957243628,1.1214991367874432,0.2524355828129005,-0.1186896218857633,-0.734385764520006,-0.7643207301344557,-1.1349186237571947,0.7021827998799535,0.6481222148959824,0.30875360395391915,1.1844808834838898,0.07692929870541232,-1.4501467824610752,-0.7710594063199635,-1.2710363427613627,-0.5694698798058581,1.6026725498210699,1.6569934480935236,-0.04793232888755178,-0.6468150841632818,-1.753381196153626,-0.6270026476474306,-0.08186533195659063,0.17003143478867966,-1.060414134719951,-0.3274576832385872,0.47724150643347585,-0.7675038165213226,-1.7089345576056303,0.7724680805157169,-0.030846807459924797,0.20476908151883744,-0.35967003360161254,0.8205942638023247,-1.8716714641969388,-0.29798939428770643,0.2929529005506582,-0.6866401493074218,0.3161217941492858,-1.5334587428853441,-0.9110879260078112,-0.699026358270771,-1.1130607778796597,-1.3544659281531968,0.6174849764190705,-0.27252105584333064,-0.3285822714646607,1.4604687741131843,1.4210389258721516,-0.44823635338439766,-0.5643251229315666,0.10964702288022454,0.7890014323621471,0.7020611603206397,0.5785407044644812,-1.0178844361660633,-0.1974180542826483,0.21999755203618404,0.33548807332691305,-0.395183066883519,-0.45366397914032397,0.9489977369626504,-0.2975033840309992,0.10342002045713294,0.48384820939819323,0.743770516749975,-0.13052001444570135,0.14705525959684784,0.0873944129761714,-0.3672243063269013,-0.4277812990118782,-1.201695641551564,-0.8512066880225162,-0.41189698880752457,-0.06955889108452146,-0.23434605381718193,1.516325925305761,-0.2511681598770046,0.16360844367377209,-1.4641802451876889,0.21475035589371033,-0.11195099767065743,0.05862953520982128,-0.16112486072648408,-0.5018742101653524,-0.6559688506443052,0.4231401372196473,0.26933268211602746
3;14;7557.024241685867;330;162;0.057297;0.001673;0.091484/0.132992/0.161019/0.06173/0.100796/0.084595/0.119814/0.149985/0.097976/0.055966/0.097209/0.091897/0.101638/0.07844/0.080963/0.105772/0.144474/0.10281/0.103585/0.101816/0.097159/0.126638/0.111898/0.102261/0.137314/0.082766/0.068748/0.080014/0.121149/0.153663/0.067252/0.106885/0.101533/0.057297/0.090706/0.095166/0.137296/0.075812/0.090332/0.06785/0.125733/0.094751/0.066463/0.080236/0.089141/0.103034/0.061375/0.072338/0.097424/0.102397/0.150388/0.073013/0.140716/0.154936/0.147235/0.089172/0.146639/0.110998/0.116284/0.159272/0.092553/0.098778/0.162769/0.059644/0.097708/0.10252/0.138961/0.069323/0.102844/0.161866/0.097261/0.098815/0.090995/0.104187/0.087413/0.085385/0.08807/0.102463/0.101554/0.097237/0.078471/0.144825/0.14792/0.103151/0.094085/0.098611/0.099564/0.106529/0.082622/0.119583/0.059915/0.148757/0.1493/0.072342/0.101195/0.103991/0.102511/0.083766/0.160119/0.125885;0.0/0.0024/0.074874/0.0/0.0/0.0/0.001444/0.007918/0.00021/0.0/0.0/0.0/0.0/0.0/0.0/0.0/0.083729/0.197456/0.0/0.0/0.0/0.025551/0.21531/0.0/0.115879/0.0/0.0/0.0/1e-05/0.364523/0.0/0.234712/0.0/0.001673/0.0/0.0/0.073153/0.0/0.0/0.0/0.00263/0.0/0.0/0.0/0.0/0.332785/0.0/0.0/0.0/0.0/0.147607/0.0/0.000602/7.7e-05/0.101879/0.252011/0.074109/0.18601/0.086235/0.000105/0.008425/0.0/1.9e-05/0.0/0.0/0.0/0.013847/0.136027/0.016954/0.000478/0.0/0.003978/0.0/0.192914/0.290509/0.0/0.0/0.183342/0.0/0.0/0.0/0.080956/0.001195/0.032149/0.0/0.0/0.0/0.0/0.0/0.015635/0.0/0.143801/0.000153/0.0/0.006321/0.191556/0.224404/0.0/0.000593/0.035812;0.153663/0.103034/0.087413/0.069323/0.057297/0.055966;0.364523/0.332785/0.290509/0.136027/0.001673/0.0;-0.8593481011193491,0.18553710380774335,-0.13971472524410672,2.5976621229288077,-0.08115855416830675,-0.5448090719655155,-2.3909935000558185,0.7352891997850042,0.8895638626292462,1.1515768193240388,-0.8309529103023838,-1.0964138038004156,-1.4386295370813462,-0.063792317488917,1.014171643843457,0.061632148798590136,-1.3383033235932933,0.006298702703224912,1.029590403921926,-0.9579976070822878,1.1749463875265957,-0.741266781967282,-0.4084133822174541,0.41926640135741783,0.28681339063920797,-1.370086378968037,0.8698267436591914,0.31310402532221615,0.9002202204609075,0.2749488283264311,0.44019830607232546,0.18517958464574064,1.4297959730492988,-1.4059130145414267,1.7420184485875154,-0.561884158682131,0.5783874466497524,-1.4151884110883461,-0.28563076259359604,-0.03434849353341904,-1.6421030429787973,-0.7456568474510801,-0.08309806335246306,0.22439659262721878,-0.799100605674644,0.14112609812335974,-0.5260436227818086,0.9072821674917467,-1.5717492397869792,-0.023873931001228532,-0.38640402993970807,-0.06329189472202786,1.8706024451036756,-0.07411540586936627,0.37660569650035153,-0.5215718995582221,-0.23871386520111715,1.2712244289516539,1.5469267253599766,0.3785730899695169,0.04017809555511043,0.3134382426800641,1.6821149847015229,-0.8591068132870178,-0.775179286200192,0.15721968476774095,-0.6781654810252499,-0.5748548849303767,-1.7897070866909313,0.3202548062246984,-0.29980612345552615,-0.11332954619787572,-1.5542703734234762,-1.0633079571170523,-0.3299373162767346,0.8370102500614419,1.070193031641173,0.4880880748557489,-1.094850649289272,1.768116449925341,1.088810838941771,-0.23493991866226516,0.00037568669485532613,-0.8576892819825408,1.6049250452255954,-0.614798540022821,1.0342523895925542,0.36954747851663206,-0.5664618488972437,0.3349812205617434,0.389124850623794,0.13401002197298367,0.8660118769006172,-0.47019049375769784,-0.028833020104389595,-0.5199353163720585,0.148893773436594,-1.446022782152467,0.933575406408879,0.4239062641227383,-0.6168995010733569,-0.7179787282736293,-0.8525136824602951,0.24090089604244863,-0.3175226585268325,0.21843563781986114,-0.2002457172046269,-0.07585429732246746,0.16711824150823607,-1.3490225769420172,0.31569759894293015,-1.6151241197332389,-0.8599619046443209,-0.22557278092214322,1.7306373036542684,-1.2502889031194269,0.2604538794187037,-1.227091695766514,0.6351110234003392,0.4542629761157463,0.9630335446291292,-0.27696823622947947,1.4013932438177585,0.19512169186409017,-0.3137598438827967,0.35100366949613476,-1.1297164564234792,-0.0869242423384688,1.0453440109965793,0.9109535421356096,-0.23547100454066733,-0.9002448809142984,0.25868311467258387,0.5971739536807185,-0.807138456866515,0.7973348892618929,-0.9292402062208274,0.39489630917628155,0.9509765096073344,1.7962769581094373,0.5015131689593803,-1.5460088754050283,0.23514066086174062,0.090586791343083,1.222943292588209,-0.14636749866943652,0.3175749706407742,0.9763392689538356,-0.43203421837781986,-0.1641647319795397,-0.8404627734331426,-1.4625479825933594,-0.5037608227352237,-0.9952687956458386,1.135084984924608,1.0257210534851633,-0.44760820568944976,0.9386424783883381;1.677522265581715,1.468101175322507,-0.06893704142611468,0.7377495036373761,0.1471585961778779,-0.5829765054294946,1.5791604123635197,-0.613083311455223,-0.024175869286500784,1.125842191486218,-0.005473173153156652,-0.22973062095424987,-0.19120994379814585,-0.2877314850629938,-0.9946442842013576,-1.3767587310455407,-1.1755947546878114,1.1354990129540576,1.5063228055384021,1.2202809590403958,-0.6243053503830269,1.0218535302063552,0.6342567663917542,-0.51034625008583,-0.23892963644894488,-0.8090886077817621,-1.0312914812920146,0.594039005682774,-0.4494473591421536,-1.4901400275739978,-0.013036483765132084,0.22673096190739836,-0.36466659003896407,-0.5484938183468621,-1.0046220792844127,0.08154305211890284,-0.19603682857828364,1.2793983160903115,-0.14945645149040349,0.2450447209712755,0.3604587963233167,1.3263820471272023,0.29728635603412557,-0.8203240806902349,-0.6694756414778682,-0.09554772889462826,0.5605273326084063,0.3615426705478374,-1.260821489292375,0.32292824350451177,-0.9729697275085276,0.9199261770246502,0.4045310478339933,0.18497372835090736,-1.0130810618159072,-1.0647674314597817,1.371540747358884,0.5266129285714714,-0.2972804728458951,0.25794373167375045,0.25084295978601867,-0.8529559032726237,-0.2029709966972661,0.721013009031587,1.0079250588109072,0.29484115992287163,0.5271575290967425,-0.84112598805061,-1.853428296315237,-0.008578993326973705,0.4844182957243628,1.1214991367874432,0.2524355828129005,-0.1186896218857633,-0.734385764520006,-0.7643207301344557,-1.1349186237571947,0.7021827998799535,0.6481222148959824,0.30875360395391915,1.1844808834838898,0.07692929870541232,-1.4501467824610752,-0.7710594063199635,-1.2710363427613627,-0.5694698798058581,1.6026725498210699,1.6569934480935236,-0.04793232888755178,-0.6468150841632818,-1.753381196153626,-0.6270026476474306,-0.08186533195659063,0.17003143478867966,-1.060414134719951,-0.3274576832385872,0.47724150643347585,-0.7675038165213226,-1.7089345576056303,0.7724680805157169,-0.030846807459924797,0.20476908151883744,-0.35967003360161254,0.8205942638023247,-1.8716714641969388,-0.29798939428770643,0.2929529005506582,-0.6866401493074218,0.3161217941492858,-1.5334587428853441,-0.9110879260078112,-0.699026358270771,-1.1130607778796597,-1.3544659281531968,0.6174849764190705,-0.27252105584333064,-0.3285822714646607,1.4604687741131843,1.4210389258721516,-0.44823635338439766,-0.5643251229315666,0.10964702288022454,0.7890014323621471,0.7020611603206397,0.5785407044644812,-1.0178844361660633,-0.1974180542826483,0.21999755203618404,0.33548807332691305,-0.395183066883519,-0.45366397914032397,0.9489977369626504,-0.2975033840309992,0.10342002045713294,0.48384820939819323,0.743770516749975,-0.13052001444570135,0.14705525959684784,0.0873944129761714,-0.3672243063269013,-0.4277812990118782,-1.201695641551564,-0.8512066880225162,-0.41189698880752457,-0.06955889108452146,-0.23434605381718193,1.516325925305761,-0.2511681598770046,0.16360844367377209,-1.4641802451876889,0.21475035589371033,-0.11195099767065743,0.05862953520982128,-0.16112486072648408,-0.5018742101653524,-0.6559688506443052,0.4231401372196473,0.26933268211602746
3;15;8063.588540554047;330;162;0.057297;0.001673;0.091484/0.132992/0.161019/0.06173/0.100796/0.084595/0.119814/0.149985/0.097976/0.055966/0.097209/0.091897/0.07844/0.080963/0.144474/0.10281/0.097159/0.126638/0.111898/0.137314/0.082766/0.068748/0.080014/0.121149/0.153663/0.067252/0.106885/0.101533/0.057297/0.090706/0.095166/0.137296/0.075812/0.090332/0.06785/0.125733/0.094751/0.066463/0.080236/0.089141/0.103034/0.061375/0.072338/0.097424/0.150388/0.073013/0.140716/0.154936/0.147235/0.089172/0.146639/0.110998/0.116284/0.159272/0.092553/0.098778/0.162769/0.059644/0.097708/0.138961/0.069323/0.102844/0.161866/0.097261/0.098815/0.090995/0.104187/0.087413/0.085385/0.08807/0.102463/0.097237/0.078471/0.144825/0.14792/0.103151/0.094085/0.098611/0.099564/0.082622/0.119583/0.059915/0.148757/0.1493/0.072342/0.101195/0.103991/0.102511/0.083766/0.160119/0.125885/0.143081/0.100708/0.143818/0.154769/0.116305/0.087622/0.144349/0.149878/0.108126;0.0/0.0024/0.074874/0.0/0.0/0.0/0.001444/0.007918/0.00021/0.0/0.0/0.0/0.0/0.0/0.083729/0.197456/0.0/0.025551/0.21531/0.115879/0.0/0.0/0.0/1e-05/0.364523/0.0/0.234712/0.0/0.001673/0.0/0.0/0.073153/0.0/0.0/0.0/0.00263/0.0/0.0/0.0/0.0/0.332785/0.0/0.0/0.0/0.147607/0.0/0.000602/7.7e-05/0.101879/0.252011/0.074109/0.18601/0.086235/0.000105/0.008425/0.0/1.9e-05/0.0/0.0/0.013847/0.136027/0.016954/0.000478/0.0/0.003978/0.0/0.192914/0.290509/0.0/0.0/0.183342/0.0/0.0/0.080956/0.001195/0.032149/0.0/0.0/0.0/0.0/0.015635/0.0/0.143801/0.000153/0.0/0.006321/0.191556/0.224404/0.0/0.000593/0.035812/0.006082/0.0/0.000153/0.000555/0.023849/0.0/0.050031/0.000889/2.9e-05;0.153663/0.103034/0.087413/0.069323/0.057297/0.055966;0.364523/0.332785/0.290509/0.136027/0.001673/0.0;-0.8593481011193491,0.18553710380774335,-0.13971472524410672,2.5976621229288077,-0.08115855416830675,-0.5448090719655155,-2.3909935000558185,0.7352891997850042,0.8895638626292462,1.1515768193240388,-0.8309529103023838,-1.0964138038004156,-1.4386295370813462,-0.063792317488917,1.014171643843457,0.061632148798590136,-1.3383033235932933,0.006298702703224912,1.029590403921926,-0.9579976070822878,1.1749463875265957,-0.741266781967282,-0.4084133822174541,0.41926640135741783,0.28681339063920797,-1.370086378968037,0.8698267436591914,0.31310402532221615,0.9002202204609075,0.2749488283264311,0.44019830607232546,0.18517958464574064,1.4297959730492988,-1.4059130145414267,1.7420184485875154,-0.561884158682131,0.5783874466497524,-1.4151884110883461,-0.28563076259359604,-0.03434849353341904,-1.6421030429787973,-0.7456568474510801,-0.08309806335246306,0.22439659262721878,-0.799100605674644,0.14112609812335974,-0.5260436227818086,0.9072821674917467,-1.5717492397869792,-0.023873931001228532,-0.38640402993970807,-0.06329189472202786,1.8706024451036756,-0.07411540586936627,0.37660569650035153,-0.5215718995582221,-0.23871386520111715,1.2712244289516539,1.5469267253599766,0.3785730899695169,0.04017809555511043,0.3134382426800641,1.6821149847015229,-0.8591068132870178,-0.775179286200192,0.15721968476774095,-0.6781654810252499,-0.5748548849303767,-1.7897070866909313,0.3202548062246984,-0.29980612345552615,-0.11332954619787572,-1.5542703734234762,-1.0633079571170523,-0.3299373162767346,0.8370102500614419,1.070193031641173,0.4880880748557489,-1.094850649289272,1.768116449925341,1.088810838941771,-0.23493991866226516,0.00037568669485532613,-0.8576892819825408,1.6049250452255954,-0.614798540022821,1.0342523895925542,0.36954747851663206,-0.5664618488972437,0.3349812205617434,0.389124850623794,0.13401002197298367,0.8660118769006172,-0.47019049375769784,-0.028833020104389595,-0.5199353163720585,0.148893773436594,-1.446022782152467,0.933575406408879,0.4239062641227383,-0.6168995010733569,-0.7179787282736293,-0.8525136824602951,0.24090089604244863,-0.3175226585268325,0.21843563781986114,-0.2002457172046269,-0.07585429732246746,0.16711824150823607,-1.3490225769420172,0.31569759894293015,-1.6151241197332389,-0.8599619046443209,-0.22557278092214322,1.7306373036542684,-1.2502889031194269,0.2604538794187037,-1.227091695766514,0.6351110234003392,0.4542629761157463,0.9630335446291292,-0.27696823622947947,1.4013932438177585,0.19512169186409017,-0.3137598438827967,0.35100366949613476,-1.1297164564234792,-0.0869242423384688,1.0453440109965793,0.9109535421356096,-0.23547100454066733,-0.9002448809142984,0.25868311467258387,0.5971739536807185,-0.807138456866515,0.7973348892618929,-0.9292402062208274,0.39489630917628155,0.9509765096073344,1.7962769581094373,0.5015131689593803,-1.5460088754050283,0.23514066086174062,0.090586791343083,1.222943292588209,-0.14636749866943652,0.3175749706407742,0.9763392689538356,-0.43203421837781986,-0.1641647319795397,-0.8404627734331426,-1.4625479825933594,-0.5037608227352237,-0.9952687956458386,1.135084984924608,1.0257210534851633,-0.44760820568944976,0.9386424783883381;1.677522265581715,1.468101175322507,-0.06893704142611468,0.7377495036373761,0.1471585961778779,-0.5829765054294946,1.5791604123635197,-0.613083311455223,-0.024175869286500784,1.125842191486218,-0.005473173153156652,-0.22973062095424987,-0.19120994379814585,-0.2877314850629938,-0.9946442842013576,-1.3767587310455407,-1.1755947546878114,1.1354990129540576,1.5063228055384021,1.2202809590403958,-0.6243053503830269,1.0218535302063552,0.6342567663917542,-0.51034625008583,-0.23892963644894488,-0.8090886077817621,-1.0312914812920146,0.594039005682774,-0.4494473591421536,-1.4901400275739978,-0.013036483765132084,0.22673096190739836,-0.36466659003896407,-0.5484938183468621,-1.0046220792844127,0.08154305211890284,-0.19603682857828364,1.2793983160903115,-0.14945645149040349,0.2450447209712755,0.3604587963233167,1.3263820471272023,0.29728635603412557,-0.8203240806902349,-0.6694756414778682,-0.09554772889462826,0.5605273326084063,0.3615426705478374,-1.260821489292375,0.32292824350451177,-0.9729697275085276,0.9199261770246502,0.4045310478339933,0.18497372835090736,-1.0130810618159072,-1.0647674314597817,1.371540747358884,0.5266129285714714,-0.2972804728458951,0.25794373167375045,0.25084295978601867,-0.8529559032726237,-0.2029709966972661,0.721013009031587,1.0079250588109072,0.29484115992287163,0.5271575290967425,-0.84112598805061,-1.853428296315237,-0.008578993326973705,0.4844182957243628,1.1214991367874432,0.2524355828129005,-0.1186896218857633,-0.734385764520006,-0.7643207301344557,-1.1349186237571947,0.7021827998799535,0.6481222148959824,0.30875360395391915,1.1844808834838898,0.07692929870541232,-1.4501467824610752,-0.7710594063199635,-1.2710363427613627,-0.5694698798058581,1.6026725498210699,1.6569934480935236,-0.04793232888755178,-0.6468150841632818,-1.753381196153626,-0.6270026476474306,-0.08186533195659063,0.17003143478867966,-1.060414134719951,-0.3274576832385872,0.47724150643347585,-0.7675038165213226,-1.7089345576056303,0.7724680805157169,-0.030846807459924797,0.20476908151883744,-0.35967003360161254,0.8205942638023247,-1.8716714641969388,-0.29798939428770643,0.2929529005506582,-0.6866401493074218,0.3161217941492858,-1.5334587428853441,-0.9110879260078112,-0.699026358270771,-1.1130607778796597,-1.3544659281531968,0.6174849764190705,-0.27252105584333064,-0.3285822714646607,1.4604687741131843,1.4210389258721516,-0.44823635338439766,-0.5643251229315666,0.10964702288022454,0.7890014323621471,0.7020611603206397,0.5785407044644812,-1.0178844361660633,-0.1974180542826483,0.21999755203618404,0.33548807332691305,-0.395183066883519,-0.45366397914032397,0.9489977369626504,-0.2975033840309992,0.10342002045713294,0.48384820939819323,0.743770516749975,-0.13052001444570135,0.14705525959684784,0.0873944129761714,-0.3672243063269013,-0.4277812990118782,-1.201695641551564,-0.8512066880225162,-0.41189698880752457,-0.06955889108452146,-0.23434605381718193,1.516325925305761,-0.2511681598770046,0.16360844367377209,-1.4641802451876889,0.21475035589371033,-0.11195099767065743,0.05862953520982128,-0.16112486072648408,-0.5018742101653524,-0.6559688506443052,0.4231401372196473,0.26933268211602746
3;16;8594.787693738937;330;843;0.057297;0.001673;0.091484/0.132992/0.161019/0.06173/0.084595/0.119814/0.149985/0.097976/0.055966/0.091897/0.07844/0.080963/0.144474/0.10281/0.126638/0.111898/0.137314/0.082766/0.068748/0.080014/0.121149/0.153663/0.067252/0.106885/0.057297/0.090706/0.137296/0.075812/0.090332/0.06785/0.125733/0.066463/0.080236/0.089141/0.103034/0.061375/0.072338/0.150388/0.073013/0.140716/0.154936/0.147235/0.089172/0.146639/0.110998/0.116284/0.159272/0.092553/0.162769/0.059644/0.138961/0.069323/0.102844/0.161866/0.098815/0.090995/0.104187/0.087413/0.085385/0.08807/0.102463/0.078471/0.144825/0.14792/0.103151/0.082622/0.119583/0.059915/0.148757/0.1493/0.072342/0.101195/0.103991/0.102511/0.083766/0.160119/0.125885/0.143081/0.143818/0.154769/0.116305/0.087622/0.144349/0.149878/0.108126/0.149793/0.147845/0.146111/0.164485/0.054365/0.080893/0.095351/0.162292/0.06072/0.16308/0.138162/0.150541/0.137679/0.077761/0.053549;0.0/0.0024/0.074874/0.0/0.0/0.001444/0.007918/0.00021/0.0/0.0/0.0/0.0/0.083729/0.197456/0.025551/0.21531/0.115879/0.0/0.0/0.0/1e-05/0.364523/0.0/0.234712/0.001673/0.0/0.073153/0.0/0.0/0.0/0.00263/0.0/0.0/0.0/0.332785/0.0/0.0/0.147607/0.0/0.000602/7.7e-05/0.101879/0.252011/0.074109/0.18601/0.086235/0.000105/0.008425/1.9e-05/0.0/0.013847/0.136027/0.016954/0.000478/0.003978/0.0/0.192914/0.290509/0.0/0.0/0.183342/0.0/0.080956/0.001195/0.032149/0.0/0.015635/0.0/0.143801/0.000153/0.0/0.006321/0.191556/0.224404/0.0/0.000593/0.035812/0.006082/0.000153/0.000555/0.023849/0.0/0.050031/0.000889/2.9e-05/0.003892/0.001683/0.184748/0.037552/0.0/0.021382/0.086684/0.138092/0.0/0.284456/0.119216/0.001549/1e-05/0.010605/0.0;0.153663/0.103034/0.087413/0.069323/0.057297/0.053549;0.364523/0.332785/0.290509/0.136027/0.001673/0.0;-0.8593481011193491,0.18553710380774335,-0.13971472524410672,2.5976621229288077,-0.08115855416830675,-0.5448090719655155,-2.3909935000558185,0.7352891997850042,0.8895638626292462,1.1515768193240388,-0.8309529103023838,-1.0964138038004156,-1.4386295370813462,-0.063792317488917,1.014171643843457,0.061632148798590136,-1.3383033235932933,0.006298702703224912,1.029590403921926,-0.9579976070822878,1.1749463875265957,-0.741266781967282,-0.4084133822174541,0.41926640135741783,0.28681339063920797,-1.370086378968037,0.8698267436591914,0.31310402532221615,0.9002202204609075,0.2749488283264311,0.44019830607232546,0.18517958464574064,1.4297959730492988,-1.4059130145414267,1.7420184485875154,-0.561884158682131,0.5783874466497524,-1.4151884110883461,-0.28563076259359604,-0.03434849353341904,-1.6421030429787973,-0.7456568474510801,-0.08309806335246306,0.22439659262721878,-0.799100605674644,0.14112609812335974,-0.5260436227818086,0.9072821674917467,-1.5717492397869792,-0.023873931001228532,-0.38640402993970807,-0.06329189472202786,1.8706024451036756,-0.07411540586936627,0.37660569650035153,-0.5215718995582221,-0.23871386520111715,1.2712244289516539,1.5469267253599766,0.3785730899695169,0.04017809555511043,0.3134382426800641,1.6821149847015229,-0.8591068132870178,-0.775179286200192,0.15721968476774095,-0.6781654810252499,-0.5748548849303767,-1.7897070866909313,0.3202548062246984,-0.29980612345552615,-0.11332954619787572,-1.5542703734234762,-1.0633079571170523,-0.3299373162767346,0.8370102500614419,1.070193031641173,0.4880880748557489,-1.094850649289272,1.768116449925341,1.088810838941771,-0.23493991866226516,0.00037568669485532613,-0.8576892819825408,1.6049250452255954,-0.614798540022821,1.0342523895925542,0.36954747851663206,-0.5664618488972437,0.3349812205617434,0.389124850623794,0.13401002197298367,0.8660118769006172,-0.47019049375769784,-0.028833020104389595,-0.5199353163720585,0.148893773436594,-1.446022782152467,0.933575406408879,0.4239062641227383,-0.6168995010733569,-0.7179787282736293,-0.8525136824602951,0.24090089604244863,-0.3175226585268325,0.21843563781986114,-0.2002457172046269,-0.07585429732246746,0.16711824150823607,-1.3490225769420172,0.31569759894293015,-1.6151241197332389,-0.8599619046443209,-0.22557278092214322,1.7306373036542684,-1.2502889031194269,0.2604538794187037,-1.227091695766514,0.6351110234003392,0.4542629761157463,0.9630335446291292,-0.27696823622947947,1.4013932438177585,0.19512169186409017,-0.3137598438827967,0.35100366949613476,-1.1297164564234792,-0.0869242423384688,1.0453440109965793,0.9109535421356096,-0.23547100454066733,-0.9002448809142984,0.25868311467258387,0.5971739536807185,-0.807138456866515,0.7973348892618929,-0.9292402062208274,0.39489630917628155,0.9509765096073344,1.7962769581094373,0.5015131689593803,-1.5460088754050283,0.23514066086174062,0.090586791343083,1.222943292588209,-0.14636749866943652,0.3175749706407742,0.9763392689538356,-0.43203421837781986,-0.1641647319795397,-0.8404627734331426,-1.4625479825933594,-0.5037608227352237,-0.9952687956458386,1.135084984924608,1.0257210534851633,-0.44760820568944976,0.9386424783883381;2.1622776536783306,1.9213913926612574,0.6121334615228885,1.0685456858716842,0.6433899410090825,-0.6113659710923113,1.730790564833025,-0.6767068317680148,0.20440314209021096,0.6589215023208866,0.26214072537284505,0.21131239514237196,-0.7020078101997868,-0.6394593329151992,-1.0411745481406849,-1.0619169110444662,-1.8207619306774625,1.0675791927779428,2.0797301708731526,0.6179432986848344,-0.8914596643685107,0.7450472274574848,0.31160522054662193,-0.6667654196118458,-0.30624079307959173,-0.9534497646242933,-1.1049562872275827,0.4741063433290027,-0.314349315121774,-2.0724692984435342,0.2293912654559494,0.3762357018793445,-0.12995267435806335,-0.5059212375204549,-1.15688864297975,-0.41831216419601336,-0.501202621419933,0.9173876497286809,-0.3501981237491968,0.270456674627182,0.37030148066393026,1.0033964311764025,-0.12715868624610482,-0.6941396491423506,-0.23882769111037078,-0.14674344637900466,0.4257224685118485,1.5859035086377937,-0.9039712996260522,-0.314648685736877,-0.7064089180752354,0.8237516188119189,0.3177383884473771,-0.3269062938893755,-1.0899797112705252,-1.336793476591041,1.6054512237201366,0.7037022473560153,-0.36632619640927366,0.15464077253069694,0.34432855680729146,-1.017155459019012,-0.008195945791704323,0.3879287103059875,0.9837180443098079,0.8636145997268544,0.6423178954462492,-0.7892237645759226,-1.014284092823416,-0.7633118343055694,0.9137800143301935,1.7043485644217615,0.1835955870864614,-0.49819009358995553,-1.0503897454554223,-0.9271908228574283,-1.2632659800504642,0.937543652893027,0.9839591151155755,0.41426157367424443,0.7816336598233309,0.5292732819399302,-1.3761809504894584,-0.663499325625208,-1.4927615211989131,-0.34341199243296283,1.4727620758071753,0.9859959222965207,0.3767431999985927,0.19789544134955095,-2.0040109985726167,-0.37392768045356606,-0.4494121533974379,-0.5171953875006204,-1.1049951469404486,-0.5039960213446026,-0.1571450413944404,-0.8237150708922073,-1.527599076145962,0.32690022573123645,-0.1791675123145587,0.7188050033915162,-0.5304840841246189,0.7713854755287927,-1.3863157794110812,-0.26341463263364795,0.3169985799781733,-0.33468286268311664,0.22113940373406354,-1.8460148651254729,-1.8118673139383508,-0.5920678375696028,-1.7458366306197046,-1.271739460376994,0.6986494308786957,-0.18398413414639714,-0.1228922139792904,1.4342721247675883,0.9828120009601393,-0.1961244261155493,-0.5037251161927927,0.7935755878749492,0.695706998130676,0.4650407335103458,0.6108735886961174,-1.1679184432029084,-0.13839836051143134,0.1408168250013211,0.37799791512180986,-1.2238957696511537,-0.13658977526936567,1.1744223978417738,-0.2273043139082198,0.038159220930667606,0.5948130329394621,0.34839874044493974,-0.3345889092225058,-0.12259034822515869,0.2107180658931579,-0.9603155076062196,-0.5301145276482594,-1.3602379053236247,-0.8024914530256464,-0.4171933349600524,-0.29328264315624103,0.04189755917287841,1.6245259901393647,-0.0400471096358882,0.7173988193516556,-1.6813176050268863,0.5303924525407542,-0.47633711829274644,0.10580617267731035,-0.06523727167554977,-0.5363278088671153,-0.6045994026790559,-0.041782085303784355,-0.12098008553305467
3;17;9105.911181926727;330;843;0.057297;0.001673;0.132992/0.161019/0.06173/0.084595/0.119814/0.149985/0.097976/0.055966/0.07844/0.080963/0.144474/0.10281/0.126638/0.111898/0.137314/0.082766/0.068748/0.080014/0.121149/0.153663/0.067252/0.106885/0.057297/0.137296/0.075812/0.06785/0.125733/0.066463/0.080236/0.103034/0.061375/0.072338/0.150388/0.073013/0.140716/0.154936/0.147235/0.089172/0.146639/0.110998/0.116284/0.159272/0.092553/0.162769/0.059644/0.138961/0.069323/0.102844/0.161866/0.098815/0.104187/0.087413/0.085385/0.102463/0.078471/0.144825/0.14792/0.103151/0.082622/0.119583/0.059915/0.148757/0.1493/0.072342/0.101195/0.103991/0.102511/0.083766/0.160119/0.125885/0.143081/0.143818/0.154769/0.116305/0.144349/0.149878/0.108126/0.149793/0.147845/0.146111/0.164485/0.054365/0.080893/0.095351/0.162292/0.06072/0.16308/0.138162/0.150541/0.137679/0.077761/0.053549/0.100592/0.150043/0.085332/0.116624/0.145653/0.119091/0.126106/0.140786;0.0024/0.074874/0.0/0.0/0.001444/0.007918/0.00021/0.0/0.0/0.0/0.083729/0.197456/0.025551/0.21531/0.115879/0.0/0.0/0.0/1e-05/0.364523/0.0/0.234712/0.001673/0.073153/0.0/0.0/0.00263/0.0/0.0/0.332785/0.0/0.0/0.147607/0.0/0.000602/7.7e-05/0.101879/0.252011/0.074109/0.18601/0.086235/0.000105/0.008425/1.9e-05/0.0/0.013847/0.136027/0.016954/0.000478/0.003978/0.192914/0.290509/0.0/0.183342/0.0/0.080956/0.001195/0.032149/0.0/0.015635/0.0/0.143801/0.000153/0.0/0.006321/0.191556/0.224404/0.0/0.000593/0.035812/0.006082/0.000153/0.000555/0.023849/0.050031/0.000889/2.9e-05/0.003892/0.001683/0.184748/0.037552/0.0/0.021382/0.086684/0.138092/0.0/0.284456/0.119216/0.001549/1e-05/0.010605/0.0/0.163997/0.121243/0.020253/0.188209/0.001195/8.6e-05/1e-05/0.307177;0.153663/0.103034/0.087413/0.069323/0.057297/0.053549;0.364523/0.332785/0.290509/0.136027/0.001673/0.0;-0.8593481011193491,0.18553710380774335,-0.13971472524410672,2.5976621229288077,-0.08115855416830675,-0.5448090719655155,-2.3909935000558185,0.7352891997850042,0.8895638626292462,1.1515768193240388,-0.8309529103023838,-1.0964138038004156,-1.4386295370813462,-0.063792317488917,1.014171643843457,0.061632148798590136,-1.3383033235932933,0.006298702703224912,1.029590403921926,-0.9579976070822878,1.1749463875265957,-0.741266781967282,-0.4084133822174541,0.41926640135741783,0.28681339063920797,-1.370086378968037,0.8698267436591914,0.31310402532221615,0.9002202204609075,0.2749488283264311,0.44019830607232546,0.18517958464574064,1.4297959730492988,-1.4059130145414267,1.7420184485875154,-0.561884158682131,0.5783874466497524,-1.4151884110883461,-0.28563076259359604,-0.03434849353341904,-1.6421030429787973,-0.7456568474510801,-0.08309806335246306,0.22439659262721878,-0.799100605674644,0.14112609812335974,-0.5260436227818086,0.9072821674917467,-1.5717492397869792,-0.023873931001228532,-0.38640402993970807,-0.06329189472202786,1.8706024451036756,-0.07411540586936627,0.37660569650035153,-0.5215718995582221,-0.23871386520111715,1.2712244289516539,1.5469267253599766,0.3785730899695169,0.04017809555511043,0.3134382426800641,1.6821149847015229,-0.8591068132870178,-0.775179286200192,0.15721968476774095,-0.6781654810252499,-0.5748548849303767,-1.7897070866909313,0.3202548062246984,-0.29980612345552615,-0.11332954619787572,-1.5542703734234762,-1.0633079571170523,-0.3299373162767346,0.8370102500614419,1.070193031641173,0.4880880748557489,-1.094850649289272,1.768116449925341,1.088810838941771,-0.23493991866226516,0.00037568669485532613,-0.8576892819825408,1.6049250452255954,-0.614798540022821,1.0342523895925542,0.36954747851663206,-0.5664618488972437,0.3349812205617434,0.389124850623794,0.13401002197298367,0.8660118769006172,-0.47019049375769784,-0.028833020104389595,-0.5199353163720585,0.148893773436594,-1.446022782152467,0.933575406408879,0.4239062641227383,-0.6168995010733569,-0.7179787282736293,-0.8525136824602951,0.24090089604244863,-0.3175226585268325,0.21843563781986114,-0.2002457172046269,-0.07585429732246746,0.16711824150823607,-1.3490225769420172,0.31569759894293015,-1.6151241197332389,-0.8599619046443209,-0.22557278092214322,1.7306373036542684,-1.2502889031194269,0.2604538794187037,-1.227091695766514,0.6351110234003392,0.4542629761157463,0.9630335446291292,-0.27696823622947947,1.4013932438177585,0.19512169186409017,-0.3137598438827967,0.35100366949613476,-1.1297164564234792,-0.0869242423384688,1.0453440109965793,0.9109535421356096,-0.23547100454066733,-0.9002448809142984,0.25868311467258387,0.5971739536807185,-0.807138456866515,0.7973348892618929,-0.9292402062208274,0.39489630917628155,0.9509765096073344,1.7962769581094373,0.5015131689593803,-1.5460088754050283,0.23514066086174062,0.090586791343083,1.222943292588209,-0.14636749866943652,0.3175749706407742,0.9763392689538356,-0.43203421837781986,-0.1641647319795397,-0.8404627734331426,-1.4625479825933594,-0.5037608227352237,-0.9952687956458386,1.135084984924608,1.0257210534851633,-0.44760820568944976,0.9386424783883381;2.1622776536783306,1.9213913926612574,0.6121334615228885,1.0685456858716842,0.6433899410090825,-0.6113659710923113,1.730790564833025,-0.6767068317680148,0.20440314209021096,0.6589215023208866,0.26214072537284505,0.21131239514237196,-0.7020078101997868,-0.6394593329151992,-1.0411745481406849,-1.0619169110444662,-1.8207619306774625,1.0675791927779428,2.0797301708731526,0.6179432986848344,-0.8914596643685107,0.7450472274574848,0.31160522054662193,-0.6667654196118458,-0.30624079307959173,-0.9534497646242933,-1.1049562872275827,0.4741063433290027,-0.314349315121774,-2.0724692984435342,0.2293912654559494,0.3762357018793445,-0.12995267435806335,-0.5059212375204549,-1.15688864297975,-0.41831216419601336,-0.501202621419933,0.9173876497286809,-0.3501981237491968,0.270456674627182,0.37030148066393026,1.0033964311764025,-0.12715868624610482,-0.6941396491423506,-0.23882769111037078,-0.14674344637900466,0.4257224685118485,1.5859035086377937,-0.9039712996260522,-0.314648685736877,-0.7064089180752354,0.8237516188119189,0.3177383884473771,-0.3269062938893755,-1.0899797112705252,-1.336793476591041,1.6054512237201366,0.7037022473560153,-0.36632619640927366,0.15464077253069694,0.34432855680729146,-1.017155459019012,-0.008195945791704323,0.3879287103059875,0.9837180443098079,0.8636145997268544,0.6423178954462492,-0.7892237645759226,-1.014284092823416,-0.7633118343055694,0.9137800143301935,1.7043485644217615,0.1835955870864614,-0.49819009358995553,-1.0503897454554223,-0.9271908228574283,-1.2632659800504642,0.937543652893027,0.9839591151155755,0.41426157367424443,0.7816336598233309,0.5292732819399302,-1.3761809504894584,-0.663499325625208,-1.4927615211989131,-0.34341199243296283,1.4727620758071753,0.9859959222965207,0.3767431999985927,0.19789544134955095,-2.0040109985726167,-0.37392768045356606,-0.4494121533974379,-0.5171953875006204,-1.1049951469404486,-0.5039960213446026,-0.1571450413944404,-0.8237150708922073,-1.527599076145962,0.32690022573123645,-0.1791675123145587,0.7188050033915162,-0.5304840841246189,0.7713854755287927,-1.3863157794110812,-0.26341463263364795,0.3169985799781733,-0.33468286268311664,0.22113940373406354,-1.8460148651254729,-1.8118673139383508,-0.5920678375696028,-1.7458366306197046,-1.271739460376994,0.6986494308786957,-0.18398413414639714,-0.1228922139792904,1.4342721247675883,0.9828120009601393,-0.1961244261155493,-0.5037251161927927,0.7935755878749492,0.695706998130676,0.4650407335103458,0.6108735886961174,-1.1679184432029084,-0.13839836051143134,0.1408168250013211,0.37799791512180986,-1.2238957696511537,-0.13658977526936567,1.1744223978417738,-0.2273043139082198,0.038159220930667606,0.5948130329394621,0.34839874044493974,-0.3345889092225058,-0.12259034822515869,0.2107180658931579,-0.9603155076062196,-0.5301145276482594,-1.3602379053236247,-0.8024914530256464,-0.4171933349600524,-0.29328264315624103,0.04189755917287841,1.6245259901393647,-0.0400471096358882,0.7173988193516556,-1.6813176050268863,0.5303924525407542,-0.47633711829274644,0.10580617267731035,-0.06523727167554977,-0.5363278088671153,-0.6045994026790559,-0.041782085303784355,-0.12098008553305467
3;18;9609.321618795395;330;843;0.057297;0.001673;0.132992/0.161019/0.06173/0.119814/0.149985/0.097976/0.055966/0.144474/0.10281/0.126638/0.111898/0.137314/0.068748/0.121149/0.153663/0.067252/0.106885/0.057297/0.137296/0.075812/0.06785/0.125733/0.066463/0.103034/0.061375/0.072338/0.150388/0.073013/0.140716/0.154936/0.147235/0.089172/0.146639/0.110998/0.116284/0.159272/0.092553/0.059644/0.138961/0.069323/0.102844/0.161866/0.098815/0.104187/0.087413/0.102463/0.144825/0.14792/0.103151/0.119583/0.059915/0.148757/0.1493/0.072342/0.101195/0.103991/0.102511/0.160119/0.125885/0.143081/0.143818/0.154769/0.116305/0.144349/0.149878/0.108126/0.149793/0.147845/0.146111/0.164485/0.054365/0.080893/0.095351/0.162292/0.06072/0.16308/0.138162/0.150541/0.137679/0.077761/0.053549/0.100592/0.150043/0.085332/0.116624/0.145653/0.119091/0.126106/0.140786/0.06762/0.165519/0.077836/0.099815/0.102626/0.102662/0.100584/0.116816/0.139478/0.147143/0.098769;0.0024/0.074874/0.0/0.001444/0.007918/0.00021/0.0/0.083729/0.197456/0.025551/0.21531/0.115879/0.0/1e-05/0.364523/0.0/0.234712/0.001673/0.073153/0.0/0.0/0.00263/0.0/0.332785/0.0/0.0/0.147607/0.0/0.000602/7.7e-05/0.101879/0.252011/0.074109/0.18601/0.086235/0.000105/0.008425/0.0/0.013847/0.136027/0.016954/0.000478/0.003978/0.192914/0.290509/0.183342/0.080956/0.001195/0.032149/0.015635/0.0/0.143801/0.000153/0.0/0.006321/0.191556/0.224404/0.000593/0.035812/0.006082/0.000153/0.000555/0.023849/0.050031/0.000889/2.9e-05/0.003892/0.001683/0.184748/0.037552/0.0/0.021382/0.086684/0.138092/0.0/0.284456/0.119216/0.001549/1e-05/0.010605/0.0/0.163997/0.121243/0.020253/0.188209/0.001195/8.6e-05/1e-05/0.307177/0.0/0.013129/0.0/0.087143/0.159025/0.204274/0.002591/0.109912/0.002486/0.000507/0.0317;0.153663/0.103034/0.087413/0.069323/0.057297/0.053549;0.364523/0.332785/0.290509/0.136027/0.001673/0.0;-0.8593481011193491,0.18553710380774335,-0.13971472524410672,2.5976621229288077,-0.08115855416830675,-0.5448090719655155,-2.3909935000558185,0.7352891997850042,0.8895638626292462,1.1515768193240388,-0.8309529103023838,-1.0964138038004156,-1.4386295370813462,-0.063792317488917,1.014171643843457,0.061632148798590136,-1.3383033235932933,0.006298702703224912,1.029590403921926,-0.9579976070822878,1.1749463875265957,-0.741266781967282,-0.4084133822174541,0.41926640135741783,0.28681339063920797,-1.370086378968037,0.8698267436591914,0.31310402532221615,0.9002202204609075,0.2749488283264311,0.44019830607232546,0.18517958464574064,1.4297959730492988,-1.4059130145414267,1.7420184485875154,-0.561884158682131,0.5783874466497524,-1.4151884110883461,-0.28563076259359604,-0.03434849353341904,-1.6421030429787973,-0.7456568474510801,-0.08309806335246306,0.22439659262721878,-0.799100605674644,0.14112609812335974,-0.5260436227818086,0.9072821674917467,-1.5717492397869792,-0.023873931001228532,-0.38640402993970807,-0.06329189472202786,1.8706024451036756,-0.07411540586936627,0.37660569650035153,-0.5215718995582221,-0.23871386520111715,1.2712244289516539,1.5469267253599766,0.3785730899695169,0.04017809555511043,0.3134382426800641,1.6821149847015229,-0.8591068132870178,-0.775179286200192,0.15721968476774095,-0.6781654810252499,-0.5748548849303767,-1.7897070866909313,0.3202548062246984,-0.29980612345552615,-0.11332954619787572,-1.5542703734234762,-1.0633079571170523,-0.3299373162767346,0.8370102500614419,1.070193031641173,0.4880880748557489,-1.094850649289272,1.768116449925341,1.088810838941771,-0.23493991866226516,0.00037568669485532613,-0.8576892819825408,1.6049250452255954,-0.614798540022821,1.0342523895925542,0.36954747851663206,-0.5664618488972437,0.3349812205617434,0.389124850623794,0.13401002197298367,0.8660118769006172,-0.47019049375769784,-0.028833020104389595,-0.5199353163720585,0.148893773436594,-1.446022782152467,0.933575406408879,0.4239062641227383,-0.6168995010733569,-0.7179787282736293,-0.8525136824602951,0.24090089604244863,-0.3175226585268325,0.21843563781986114,-0.2002457172046269,-0.07585429732246746,0.16711824150823607,-1.3490225769420172,0.31569759894293015,-1.6151241197332389,-0.8599619046443209,-0.22557278092214322,1.7306373036542684,-1.2502889031194269,0.2604538794187037,-1.227091695766514,0.6351110234003392,0.4542629761157463,0.9630335446291292,-0.27696823622947947,1.4013932438177585,0.19512169186409017,-0.3137598438827967,0.35100366949613476,-1.1297164564234792,-0.0869242423384688,1.0453440109965793,0.9109535421356096,-0.23547100454066733,-0.9002448809142984,0.25868311467258387,0.5971739536807185,-0.807138456866515,0.7973348892618929,-0.9292402062208274,0.39489630917628155,0.9509765096073344,1.7962769581094373,0.5015131689593803,-1.5460088754050283,0.23514066086174062,0.090586791343083,1.222943292588209,-0.14636749866943652,0.3175749706407742,0.9763392689538356,-0.43203421837781986,-0.1641647319795397,-0.8404627734331426,-1.4625479825933594,-0.5037608227352237,-0.9952687956458386,1.135084984924608,1.0257210534851633,-0.44760820568944976,0.9386424783883381;2.1622776536783306,1.9213913926612574,0.6121334615228885,1.0685456858716842,0.6433899410090825,-0.6113659710923113,1.730790564833025,-0.6767068317680148,0.20440314209021096,0.6589215023208866,0.26214072537284505,0.21131239514237196,-0.7020078101997868,-0.6394593329151992,-1.0411745481406849,-1.0619169110444662,-1.8207619306774625,1.0675791927779428,2.0797301708731526,0.6179432986848344,-0.8914596643685107,0.7450472274574848,0.31160522054662193,-0.6667654196118458,-0.30624079307959173,-0.9534497646242933,-1.1049562872275827,0.4741063433290027,-0.314349315121774,-2.0724692984435342,0.2293912654559494,0.3762357018793445,-0.12995267435806335,-0.5059212375204549,-1.15688864297975,-0.41831216419601336,-0.501202621419933,0.9173876497286809,-0.3501981237491968,0.270456674627182,0.37030148066393026,1.0033964311764025,-0.12715868624610482,-0.6941396491423506,-0.23882769111037078,-0.14674344637900466,0.4257224685118485,1.5859035086377937,-0.9039712996260522,-0.314648685736877,-0.7064089180752354,0.8237516188119189,0.3177383884473771,-0.3269062938893755,-1.0899797112705252,-1.336793476591041,1.6054512237201366,0.7037022473560153,-0.36632619640927366,0.15464077253069694,0.34432855680729146,-1.017155459019012,-0.008195945791704323,0.3879287103059875,0.9837180443098079,0.8636145997268544,0.6423178954462492,-0.7892237645759226,-1.014284092823416,-0.7633118343055694,0.9137800143301935,1.7043485644217615,0.1835955870864614,-0.49819009358995553,-1.0503897454554223,-0.9271908228574283,-1.2632659800504642,0.937543652893027,0.9839591151155755,0.41426157367424443,0.7816336598233309,0.5292732819399302,-1.3761809504894584,-0.663499325625208,-1.4927615211989131,-0.34341199243296283,1.4727620758071753,0.9859959222965207,0.3767431999985927,0.19789544134955095,-2.0040109985726167,-0.37392768045356606,-0.4494121533974379,-0.5171953875006204,-1.1049951469404486,-0.5039960213446026,-0.1571450413944404,-0.8237150708922073,-1.527599076145962,0.32690022573123645,-0.1791675123145587,0.7188050033915162,-0.5304840841246189,0.7713854755287927,-1.3863157794110812,-0.26341463263364795,0.3169985799781733,-0.33468286268311664,0.22113940373406354,-1.8460148651254729,-1.8118673139383508,-0.5920678375696028,-1.7458366306197046,-1.271739460376994,0.6986494308786957,-0.18398413414639714,-0.1228922139792904,1.4342721247675883,0.9828120009601393,-0.1961244261155493,-0.5037251161927927,0.7935755878749492,0.695706998130676,0.4650407335103458,0.6108735886961174,-1.1679184432029084,-0.13839836051143134,0.1408168250013211,0.37799791512180986,-1.2238957696511537,-0.13658977526936567,1.1744223978417738,-0.2273043139082198,0.038159220930667606,0.5948130329394621,0.34839874044493974,-0.3345889092225058,-0.12259034822515869,0.2107180658931579,-0.9603155076062196,-0.5301145276482594,-1.3602379053236247,-0.8024914530256464,-0.4171933349600524,-0.29328264315624103,0.04189755917287841,1.6245259901393647,-0.0400471096358882,0.7173988193516556,-1.6813176050268863,0.5303924525407542,-0.47633711829274644,0.10580617267731035,-0.06523727167554977,-0.5363278088671153,-0.6045994026790559,-0.041782085303784355,-0.12098008553305467
3;19;10129.836224079132;330;843;0.057297;0.001673;0.132992/0.161019/0.06173/0.119814/0.149985/0.097976/0.055966/0.144474/0.10281/0.126638/0.111898/0.137314/0.068748/0.121149/0.153663/0.067252/0.106885/0.057297/0.137296/0.06785/0.125733/0.066463/0.103034/0.061375/0.072338/0.150388/0.073013/0.140716/0.147235/0.089172/0.146639/0.110998/0.116284/0.092553/0.059644/0.138961/0.069323/0.102844/0.098815/0.104187/0.087413/0.102463/0.144825/0.14792/0.103151/0.119583/0.059915/0.148757/0.1493/0.072342/0.101195/0.103991/0.102511/0.160119/0.125885/0.143081/0.143818/0.154769/0.116305/0.144349/0.149878/0.108126/0.149793/0.147845/0.146111/0.164485/0.054365/0.080893/0.095351/0.162292/0.06072/0.16308/0.138162/0.150541/0.137679/0.077761/0.053549/0.100592/0.150043/0.085332/0.116624/0.145653/0.119091/0.126106/0.140786/0.06762/0.165519/0.099815/0.102626/0.102662/0.100584/0.116816/0.139478/0.147143/0.098769/0.109971/0.112736/0.177243/0.159004/0.153389;0.0024/0.074874/0.0/0.001444/0.007918/0.00021/0.0/0.083729/0.197456/0.025551/0.21531/0.115879/0.0/1e-05/0.364523/0.0/0.234712/0.001673/0.073153/0.0/0.00263/0.0/0.332785/0.0/0.0/0.147607/0.0/0.000602/0.101879/0.252011/0.074109/0.18601/0.086235/0.008425/0.0/0.013847/0.136027/0.016954/0.003978/0.192914/0.290509/0.183342/0.080956/0.001195/0.032149/0.015635/0.0/0.143801/0.000153/0.0/0.006321/0.191556/0.224404/0.000593/0.035812/0.006082/0.000153/0.000555/0.023849/0.050031/0.000889/2.9e-05/0.003892/0.001683/0.184748/0.037552/0.0/0.021382/0.086684/0.138092/0.0/0.284456/0.119216/0.001549/1e-05/0.010605/0.0/0.163997/0.121243/0.020253/0.188209/0.001195/8.6e-05/1e-05/0.307177/0.0/0.013129/0.087143/0.159025/0.204274/0.002591/0.109912/0.002486/0.000507/0.0317/0.327545/0.00152/0.008711/0.035161/0.322467;0.153663/0.103034/0.087413/0.069323/0.057297/0.053549;0.364523/0.332785/0.290509/0.136027/0.001673/0.0;-0.8593481011193491,0.18553710380774335,-0.13971472524410672,2.5976621229288077,-0.08115855416830675,-0.5448090719655155,-2.3909935000558185,0.7352891997850042,0.8895638626292462,1.1515768193240388,-0.8309529103023838,-1.0964138038004156,-1.4386295370813462,-0.063792317488917,1.014171643843457,0.061632148798590136,-1.3383033235932933,0.006298702703224912,1.029590403921926,-0.9579976070822878,1.1749463875265957,-0.741266781967282,-0.4084133822174541,0.41926640135741783,0.28681339063920797,-1.370086378968037,0.8698267436591914,0.31310402532221615,0.9002202204609075,0.2749488283264311,0.44019830607232546,0.18517958464574064,1.4297959730492988,-1.4059130145414267,1.7420184485875154,-0.561884158682131,0.5783874466497524,-1.4151884110883461,-0.28563076259359604,-0.03434849353341904,-1.6421030429787973,-0.7456568474510801,-0.08309806335246306,0.22439659262721878,-0.799100605674644,0.14112609812335974,-0.5260436227818086,0.9072821674917467,-1.5717492397869792,-0.023873931001228532,-0.38640402993970807,-0.06329189472202786,1.8706024451036756,-0.07411540586936627,0.37660569650035153,-0.5215718995582221,-0.23871386520111715,1.2712244289516539,1.5469267253599766,0.3785730899695169,0.04017809555511043,0.3134382426800641,1.6821149847015229,-0.8591068132870178,-0.775179286200192,0.15721968476774095,-0.6781654810252499,-0.5748548849303767,-1.7897070866909313,0.3202548062246984,-0.29980612345552615,-0.11332954619787572,-1.5542703734234762,-1.0633079571170523,-0.3299373162767346,0.8370102500614419,1.070193031641173,0.4880880748557489,-1.094850649289272,1.768116449925341,1.088810838941771,-0.23493991866226516,0.00037568669485532613,-0.8576892819825408,1.6049250452255954,-0.614798540022821,1.0342523895925542,0.36954747851663206,-0.5664618488972437,0.3349812205617434,0.389124850623794,0.13401002197298367,0.8660118769006172,-0.47019049375769784,-0.028833020104389595,-0.5199353163720585,0.148893773436594,-1.446022782152467,0.933575406408879,0.4239062641227383,-0.6168995010733569,-0.7179787282736293,-0.8525136824602951,0.24090089604244863,-0.3175226585268325,0.21843563781986114,-0.2002457172046269,-0.07585429732246746,0.16711824150823607,-1.3490225769420172,0.31569759894293015,-1.6151241197332389,-0.8599619046443209,-0.22557278092214322,1.7306373036542684,-1.2502889031194269,0.2604538794187037,-1.227091695766514,0.6351110234003392,0.4542629761157463,0.9630335446291292,-0.27696823622947947,1.4013932438177585,0.19512169186409017,-0.3137598438827967,0.35100366949613476,-1.1297164564234792,-0.0869242423384688,1.0453440109965793,0.9109535421356096,-0.23547100454066733,-0.9002448809142984,0.25868311467258387,0.5971739536807185,-0.807138456866515,0.7973348892618929,-0.9292402062208274,0.39489630917628155,0.9509765096073344,1.7962769581094373,0.5015131689593803,-1.5460088754050283,0.23514066086174062,0.090586791343083,1.222943292588209,-0.14636749866943652,0.3175749706407742,0.9763392689538356,-0.43203421837781986,-0.1641647319795397,-0.8404627734331426,-1.4625479825933594,-0.5037608227352237,-0.9952687956458386,1.135084984924608,1.0257210534851633,-0.44760820568944976,0.9386424783883381;2.1622776536783306,1.9213913926612574,0.6121334615228885,1.0685456858716842,0.6433899410090825,-0.6113659710923113,1.730790564833025,-0.6767068317680148,0.20440314209021096,0.6589215023208866,0.26214072537284505,0.21131239514237196,-0.7020078101997868,-0.6394593329151992,-1.0411745481406849,-1.0619169110444662,-1.8207619306774625,1.0675791927779428,2.0797301708731526,0.6179432986848344,-0.8914596643685107,0.7450472274574848,0.31160522054662193,-0.6667654196118458,-0.30624079307959173,-0.9534497646242933,-1.1049562872275827,0.4741063433290027,-0.314349315121774,-2.0724692984435342,0.2293912654559494,0.3762357018793445,-0.12995267435806335,-0.5059212375204549,-1.15688864297975,-0.41831216419601336,-0.501202621419933,0.9173876497286809,-0.3501981237491968,0.270456674627182,0.37030148066393026,1.0033964311764025,-0.12715868624610482,-0.6941396491423506,-0.23882769111037078,-0.14674344637900466,0.4257224685118485,1.5859035086377937,-0.9039712996260522,-0.314648685736877,-0.7064089180752354,0.8237516188119189,0.3177383884473771,-0.3269062938893755,-1.0899797112705252,-1.336793476591041,1.6054512237201366,0.7037022473560153,-0.36632619640927366,0.15464077253069694,0.34432855680729146,-1.017155459019012,-0.008195945791704323,0.3879287103059875,0.9837180443098079,0.8636145997268544,0.6423178954462492,-0.7892237645759226,-1.014284092823416,-0.7633118343055694,0.9137800143301935,1.7043485644217615,0.1835955870864614,-0.49819009358995553,-1.0503897454554223,-0.9271908228574283,-1.2632659800504642,0.937543652893027,0.9839591151155755,0.41426157367424443,0.7816336598233309,0.5292732819399302,-1.3761809504894584,-0.663499325625208,-1.4927615211989131,-0.34341199243296283,1.4727620758071753,0.9859959222965207,0.3767431999985927,0.19789544134955095,-2.0040109985726167,-0.37392768045356606,-0.4494121533974379,-0.5171953875006204,-1.1049951469404486,-0.5039960213446026,-0.1571450413944404,-0.8237150708922073,-1.527599076145962,0.32690022573123645,-0.1791675123145587,0.7188050033915162,-0.5304840841246189,0.7713854755287927,-1.3863157794110812,-0.26341463263364795,0.3169985799781733,-0.33468286268311664,0.22113940373406354,-1.8460148651254729,-1.8118673139383508,-0.5920678375696028,-1.7458366306197046,-1.271739460376994,0.6986494308786957,-0.18398413414639714,-0.1228922139792904,1.4342721247675883,0.9828120009601393,-0.1961244261155493,-0.5037251161927927,0.7935755878749492,0.695706998130676,0.4650407335103458,0.6108735886961174,-1.1679184432029084,-0.13839836051143134,0.1408168250013211,0.37799791512180986,-1.2238957696511537,-0.13658977526936567,1.1744223978417738,-0.2273043139082198,0.038159220930667606,0.5948130329394621,0.34839874044493974,-0.3345889092225058,-0.12259034822515869,0.2107180658931579,-0.9603155076062196,-0.5301145276482594,-1.3602379053236247,-0.8024914530256464,-0.4171933349600524,-0.29328264315624103,0.04189755917287841,1.6245259901393647,-0.0400471096358882,0.7173988193516556,-1.6813176050268863,0.5303924525407542,-0.47633711829274644,0.10580617267731035,-0.06523727167554977,-0.5363278088671153,-0.6045994026790559,-0.041782085303784355,-0.12098008553305467
3;20;10640.650133609772;330;843;0.057297;0.001673;0.132992/0.161019/0.06173/0.119814/0.149985/0.097976/0.055966/0.144474/0.10281/0.126638/0.111898/0.137314/0.068748/0.121149/0.153663/0.067252/0.106885/0.057297/0.137296/0.06785/0.125733/0.066463/0.103034/0.061375/0.072338/0.150388/0.140716/0.147235/0.089172/0.146639/0.110998/0.116284/0.092553/0.059644/0.138961/0.069323/0.102844/0.098815/0.104187/0.087413/0.102463/0.144825/0.14792/0.103151/0.119583/0.059915/0.148757/0.072342/0.101195/0.103991/0.102511/0.125885/0.143081/0.143818/0.116305/0.144349/0.108126/0.149793/0.147845/0.146111/0.164485/0.054365/0.080893/0.095351/0.162292/0.06072/0.16308/0.138162/0.150541/0.137679/0.077761/0.053549/0.100592/0.150043/0.085332/0.116624/0.145653/0.119091/0.126106/0.140786/0.06762/0.165519/0.099815/0.102626/0.102662/0.100584/0.116816/0.139478/0.147143/0.098769/0.109971/0.112736/0.177243/0.159004/0.153389/0.099516/0.101513/0.11565/0.159763/0.138383;0.0024/0.074874/0.0/0.001444/0.007918/0.00021/0.0/0.083729/0.197456/0.025551/0.21531/0.115879/0.0/1e-05/0.364523/0.0/0.234712/0.001673/0.073153/0.0/0.00263/0.0/0.332785/0.0/0.0/0.147607/0.000602/0.101879/0.252011/0.074109/0.18601/0.086235/0.008425/0.0/0.013847/0.136027/0.016954/0.003978/0.192914/0.290509/0.183342/0.080956/0.001195/0.032149/0.015635/0.0/0.143801/0.0/0.006321/0.191556/0.224404/0.035812/0.006082/0.000153/0.023849/0.050031/2.9e-05/0.003892/0.001683/0.184748/0.037552/0.0/0.021382/0.086684/0.138092/0.0/0.284456/0.119216/0.001549/1e-05/0.010605/0.0/0.163997/0.121243/0.020253/0.188209/0.001195/8.6e-05/1e-05/0.307177/0.0/0.013129/0.087143/0.159025/0.204274/0.002591/0.109912/0.002486/0.000507/0.0317/0.327545/0.00152/0.008711/0.035161/0.322467/0.343476/0.27059/0.055386/0.054984/2.9e-05;0.153663/0.099516/0.087413/0.069323/0.057297/0.053549;0.364523/0.343476/0.290509/0.136027/0.001673/0.0;-0.8593481011193491,0.18553710380774335,-0.13971472524410672,2.5976621229288077,-0.08115855416830675,-0.5448090719655155,-2.3909935000558185,0.7352891997850042,0.8895638626292462,1.1515768193240388,-0.8309529103023838,-1.0964138038004156,-1.4386295370813462,-0.063792317488917,1.014171643843457,0.061632148798590136,-1.3383033235932933,0.006298702703224912,1.029590403921926,-0.9579976070822878,1.1749463875265957,-0.741266781967282,-0.4084133822174541,0.41926640135741783,0.28681339063920797,-1.370086378968037,0.8698267436591914,0.31310402532221615,0.9002202204609075,0.2749488283264311,0.44019830607232546,0.18517958464574064,1.4297959730492988,-1.4059130145414267,1.7420184485875154,-0.561884158682131,0.5783874466497524,-1.4151884110883461,-0.28563076259359604,-0.03434849353341904,-1.6421030429787973,-0.7456568474510801,-0.08309806335246306,0.22439659262721878,-0.799100605674644,0.14112609812335974,-0.5260436227818086,0.9072821674917467,-1.5717492397869792,-0.023873931001228532,-0.38640402993970807,-0.06329189472202786,1.8706024451036756,-0.07411540586936627,0.37660569650035153,-0.5215718995582221,-0.23871386520111715,1.2712244289516539,1.5469267253599766,0.3785730899695169,0.04017809555511043,0.3134382426800641,1.6821149847015229,-0.8591068132870178,-0.775179286200192,0.15721968476774095,-0.6781654810252499,-0.5748548849303767,-1.7897070866909313,0.3202548062246984,-0.29980612345552615,-0.11332954619787572,-1.5542703734234762,-1.0633079571170523,-0.3299373162767346,0.8370102500614419,1.070193031641173,0.4880880748557489,-1.094850649289272,1.768116449925341,1.088810838941771,-0.23493991866226516,0.00037568669485532613,-0.8576892819825408,1.6049250452255954,-0.614798540022821,1.0342523895925542,0.36954747851663206,-0.5664618488972437,0.3349812205617434,0.389124850623794,0.13401002197298367,0.8660118769006172,-0.47019049375769784,-0.028833020104389595,-0.5199353163720585,0.148893773436594,-1.446022782152467,0.933575406408879,0.4239062641227383,-0.6168995010733569,-0.7179787282736293,-0.8525136824602951,0.24090089604244863,-0.3175226585268325,0.21843563781986114,-0.2002457172046269,-0.07585429732246746,0.16711824150823607,-1.3490225769420172,0.31569759894293015,-1.6151241197332389,-0.8599619046443209,-0.22557278092214322,1.7306373036542684,-1.2502889031194269,0.2604538794187037,-1.227091695766514,0.6351110234003392,0.4542629761157463,0.9630335446291292,-0.27696823622947947,1.4013932438177585,0.19512169186409017,-0.3137598438827967,0.35100366949613476,-1.1297164564234792,-0.0869242423384688,1.0453440109965793,0.9109535421356096,-0.23547100454066733,-0.9002448809142984,0.25868311467258387,0.5971739536807185,-0.807138456866515,0.7973348892618929,-0.9292402062208274,0.39489630917628155,0.9509765096073344,1.7962769581094373,0.5015131689593803,-1.5460088754050283,0.23514066086174062,0.090586791343083,1.222943292588209,-0.14636749866943652,0.3175749706407742,0.9763392689538356,-0.43203421837781986,-0.1641647319795397,-0.8404627734331426,-1.4625479825933594,-0.5037608227352237,-0.9952687956458386,1.135084984924608,1.0257210534851633,-0.44760820568944976,0.9386424783883381;2.1622776536783306,1.9213913926612574,0.6121334615228885,1.0685456858716842,0.6433899410090825,-0.6113659710923113,1.730790564833025,-0.6767068317680148,0.20440314209021096,0.6589215023208866,0.26214072537284505,0.21131239514237196,-0.7020078101997868,-0.6394593329151992,-1.0411745481406849,-1.0619169110444662,-1.8207619306774625,1.0675791927779428,2.0797301708731526,0.6179432986848344,-0.8914596643685107,0.7450472274574848,0.31160522054662193,-0.6667654196118458,-0.30624079307959173,-0.9534497646242933,-1.1049562872275827,0.4741063433290027,-0.314349315121774,-2.0724692984435342,0.2293912654559494,0.3762357018793445,-0.12995267435806335,-0.5059212375204549,-1.15688864297975,-0.41831216419601336,-0.501202621419933,0.9173876497286809,-0.3501981237491968,0.270456674627182,0.37030148066393026,1.0033964311764025,-0.12715868624610482,-0.6941396491423506,-0.23882769111037078,-0.14674344637900466,0.4257224685118485,1.5859035086377937,-0.9039712996260522,-0.314648685736877,-0.7064089180752354,0.8237516188119189,0.3177383884473771,-0.3269062938893755,-1.0899797112705252,-1.336793476591041,1.6054512237201366,0.7037022473560153,-0.36632619640927366,0.15464077253069694,0.34432855680729146,-1.017155459019012,-0.008195945791704323,0.3879287103059875,0.9837180443098079,0.8636145997268544,0.6423178954462492,-0.7892237645759226,-1.014284092823416,-0.7633118343055694,0.9137800143301935,1.7043485644217615,0.1835955870864614,-0.49819009358995553,-1.0503897454554223,-0.9271908228574283,-1.2632659800504642,0.937543652893027,0.9839591151155755,0.41426157367424443,0.7816336598233309,0.5292732819399302,-1.3761809504894584,-0.663499325625208,-1.4927615211989131,-0.34341199243296283,1.4727620758071753,0.9859959222965207,0.3767431999985927,0.19789544134955095,-2.0040109985726167,-0.37392768045356606,-0.4494121533974379,-0.5171953875006204,-1.1049951469404486,-0.5039960213446026,-0.1571450413944404,-0.8237150708922073,-1.527599076145962,0.32690022573123645,-0.1791675123145587,0.7188050033915162,-0.5304840841246189,0.7713854755287927,-1.3863157794110812,-0.26341463263364795,0.3169985799781733,-0.33468286268311664,0.22113940373406354,-1.8460148651254729,-1.8118673139383508,-0.5920678375696028,-1.7458366306197046,-1.271739460376994,0.6986494308786957,-0.18398413414639714,-0.1228922139792904,1.4342721247675883,0.9828120009601393,-0.1961244261155493,-0.5037251161927927,0.7935755878749492,0.695706998130676,0.4650407335103458,0.6108735886961174,-1.1679184432029084,-0.13839836051143134,0.1408168250013211,0.37799791512180986,-1.2238957696511537,-0.13658977526936567,1.1744223978417738,-0.2273043139082198,0.038159220930667606,0.5948130329394621,0.34839874044493974,-0.3345889092225058,-0.12259034822515869,0.2107180658931579,-0.9603155076062196,-0.5301145276482594,-1.3602379053236247,-0.8024914530256464,-0.4171933349600524,-0.29328264315624103,0.04189755917287841,1.6245259901393647,-0.0400471096358882,0.7173988193516556,-1.6813176050268863,0.5303924525407542,-0.47633711829274644,0.10580617267731035,-0.06523727167554977,-0.5363278088671153,-0.6045994026790559,-0.041782085303784355,-0.12098008553305467
3;21;11162.261519432068;330;843;0.057297;0.001673;0.132992/0.161019/0.06173/0.119814/0.149985/0.097976/0.055966/0.144474/0.10281/0.126638/0.111898/0.137314/0.121149/0.153663/0.067252/0.106885/0.057297/0.137296/0.06785/0.125733/0.066463/0.103034/0.061375/0.150388/0.140716/0.147235/0.089172/0.146639/0.110998/0.116284/0.092553/0.059644/0.138961/0.069323/0.102844/0.098815/0.104187/0.087413/0.102463/0.144825/0.103151/0.119583/0.059915/0.148757/0.101195/0.103991/0.102511/0.125885/0.143081/0.116305/0.144349/0.108126/0.149793/0.147845/0.146111/0.164485/0.054365/0.080893/0.095351/0.162292/0.06072/0.16308/0.138162/0.137679/0.077761/0.053549/0.100592/0.150043/0.085332/0.116624/0.145653/0.119091/0.126106/0.140786/0.06762/0.099815/0.102626/0.102662/0.100584/0.116816/0.139478/0.098769/0.109971/0.112736/0.159004/0.153389/0.099516/0.101513/0.11565/0.159763/0.138383/0.120249/0.129324/0.097915/0.071908/0.138209/0.058308/0.13868/0.06726/0.094963;0.0024/0.074874/0.0/0.001444/0.007918/0.00021/0.0/0.083729/0.197456/0.025551/0.21531/0.115879/1e-05/0.364523/0.0/0.234712/0.001673/0.073153/0.0/0.00263/0.0/0.332785/0.0/0.147607/0.000602/0.101879/0.252011/0.074109/0.18601/0.086235/0.008425/0.0/0.013847/0.136027/0.016954/0.003978/0.192914/0.290509/0.183342/0.080956/0.032149/0.015635/0.0/0.143801/0.006321/0.191556/0.224404/0.035812/0.006082/0.023849/0.050031/2.9e-05/0.003892/0.001683/0.184748/0.037552/0.0/0.021382/0.086684/0.138092/0.0/0.284456/0.119216/1e-05/0.010605/0.0/0.163997/0.121243/0.020253/0.188209/0.001195/8.6e-05/1e-05/0.307177/0.0/0.087143/0.159025/0.204274/0.002591/0.109912/0.002486/0.0317/0.327545/0.00152/0.035161/0.322467/0.343476/0.27059/0.055386/0.054984/2.9e-05/0.189615/0.116376/0.01334/0.002276/0.001913/0.0/0.190265/0.0/0.011781;0.153663/0.099516/0.087413/0.069323/0.057297/0.053549;0.364523/0.343476/0.290509/0.136027/0.001673/0.0;-0.8593481011193491,0.18553710380774335,-0.13971472524410672,2.5976621229288077,-0.08115855416830675,-0.5448090719655155,-2.3909935000558185,0.7352891997850042,0.8895638626292462,1.1515768193240388,-0.8309529103023838,-1.0964138038004156,-1.4386295370813462,-0.063792317488917,1.014171643843457,0.061632148798590136,-1.3383033235932933,0.006298702703224912,1.029590403921926,-0.9579976070822878,1.1749463875265957,-0.741266781967282,-0.4084133822174541,0.41926640135741783,0.28681339063920797,-1.370086378968037,0.8698267436591914,0.31310402532221615,0.9002202204609075,0.2749488283264311,0.44019830607232546,0.18517958464574064,1.4297959730492988,-1.4059130145414267,1.7420184485875154,-0.561884158682131,0.5783874466497524,-1.4151884110883461,-0.28563076259359604,-0.03434849353341904,-1.6421030429787973,-0.7456568474510801,-0.08309806335246306,0.22439659262721878,-0.799100605674644,0.14112609812335974,-0.5260436227818086,0.9072821674917467,-1.5717492397869792,-0.023873931001228532,-0.38640402993970807,-0.06329189472202786,1.8706024451036756,-0.07411540586936627,0.37660569650035153,-0.5215718995582221,-0.23871386520111715,1.2712244289516539,1.5469267253599766,0.3785730899695169,0.04017809555511043,0.3134382426800641,1.6821149847015229,-0.8591068132870178,-0.775179286200192,0.15721968476774095,-0.6781654810252499,-0.5748548849303767,-1.7897070866909313,0.3202548062246984,-0.29980612345552615,-0.11332954619787572,-1.5542703734234762,-1.0633079571170523,-0.3299373162767346,0.8370102500614419,1.070193031641173,0.4880880748557489,-1.094850649289272,1.768116449925341,1.088810838941771,-0.23493991866226516,0.00037568669485532613,-0.8576892819825408,1.6049250452255954,-0.614798540022821,1.0342523895925542,0.36954747851663206,-0.5664618488972437,0.3349812205617434,0.389124850623794,0.13401002197298367,0.8660118769006172,-0.47019049375769784,-0.028833020104389595,-0.5199353163720585,0.148893773436594,-1.446022782152467,0.933575406408879,0.4239062641227383,-0.6168995010733569,-0.7179787282736293,-0.8525136824602951,0.24090089604244863,-0.3175226585268325,0.21843563781986114,-0.2002457172046269,-0.07585429732246746,0.16711824150823607,-1.3490225769420172,0.31569759894293015,-1.6151241197332389,-0.8599619046443209,-0.22557278092214322,1.7306373036542684,-1.2502889031194269,0.2604538794187037,-1.227091695766514,0.6351110234003392,0.4542629761157463,0.9630335446291292,-0.27696823622947947,1.4013932438177585,0.19512169186409017,-0.3137598438827967,0.35100366949613476,-1.1297164564234792,-0.0869242423384688,1.0453440109965793,0.9109535421356096,-0.23547100454066733,-0.9002448809142984,0.25868311467258387,0.5971739536807185,-0.807138456866515,0.7973348892618929,-0.9292402062208274,0.39489630917628155,0.9509765096073344,1.7962769581094373,0.5015131689593803,-1.5460088754050283,0.23514066086174062,0.090586791343083,1.222943292588209,-0.14636749866943652,0.3175749706407742,0.9763392689538356,-0.43203421837781986,-0.1641647319795397,-0.8404627734331426,-1.4625479825933594,-0.5037608227352237,-0.9952687956458386,1.135084984924608,1.0257210534851633,-0.44760820568944976,0.9386424783883381;2.1622776536783306,1.9213913926612574,0.6121334615228885,1.0685456858716842,0.6433899410090825,-0.6113659710923113,1.730790564833025,-0.6767068317680148,0.20440314209021096,0.6589215023208866,0.26214072537284505,0.21131239514237196,-0.7020078101997868,-0.6394593329151992,-1.0411745481406849,-1.0619169110444662,-1.8207619306774625,1.0675791927779428,2.0797301708731526,0.6179432986848344,-0.8914596643685107,0.7450472274574848,0.31160522054662193,-0.6667654196118458,-0.30624079307959173,-0.9534497646242933,-1.1049562872275827,0.4741063433290027,-0.314349315121774,-2.0724692984435342,0.2293912654559494,0.3762357018793445,-0.12995267435806335,-0.5059212375204549,-1.15688864297975,-0.41831216419601336,-0.501202621419933,0.9173876497286809,-0.3501981237491968,0.270456674627182,0.37030148066393026,1.0033964311764025,-0.12715868624610482,-0.6941396491423506,-0.23882769111037078,-0.14674344637900466,0.4257224685118485,1.5859035086377937,-0.9039712996260522,-0.314648685736877,-0.7064089180752354,0.8237516188119189,0.3177383884473771,-0.3269062938893755,-1.0899797112705252,-1.336793476591041,1.6054512237201366,0.7037022473560153,-0.36632619640927366,0.15464077253069694,0.34432855680729146,-1.017155459019012,-0.008195945791704323,0.3879287103059875,0.9837180443098079,0.8636145997268544,0.6423178954462492,-0.7892237645759226,-1.014284092823416,-0.7633118343055694,0.9137800143301935,1.7043485644217615,0.1835955870864614,-0.49819009358995553,-1.0503897454554223,-0.9271908228574283,-1.2632659800504642,0.937543652893027,0.9839591151155755,0.41426157367424443,0.7816336598233309,0.5292732819399302,-1.3761809504894584,-0.663499325625208,-1.4927615211989131,-0.34341199243296283,1.4727620758071753,0.9859959222965207,0.3767431999985927,0.19789544134955095,-2.0040109985726167,-0.37392768045356606,-0.4494121533974379,-0.5171953875006204,-1.1049951469404486,-0.5039960213446026,-0.1571450413944404,-0.8237150708922073,-1.527599076145962,0.32690022573123645,-0.1791675123145587,0.7188050033915162,-0.5304840841246189,0.7713854755287927,-1.3863157794110812,-0.26341463263364795,0.3169985799781733,-0.33468286268311664,0.22113940373406354,-1.8460148651254729,-1.8118673139383508,-0.5920678375696028,-1.7458366306197046,-1.271739460376994,0.6986494308786957,-0.18398413414639714,-0.1228922139792904,1.4342721247675883,0.9828120009601393,-0.1961244261155493,-0.5037251161927927,0.7935755878749492,0.695706998130676,0.4650407335103458,0.6108735886961174,-1.1679184432029084,-0.13839836051143134,0.1408168250013211,0.37799791512180986,-1.2238957696511537,-0.13658977526936567,1.1744223978417738,-0.2273043139082198,0.038159220930667606,0.5948130329394621,0.34839874044493974,-0.3345889092225058,-0.12259034822515869,0.2107180658931579,-0.9603155076062196,-0.5301145276482594,-1.3602379053236247,-0.8024914530256464,-0.4171933349600524,-0.29328264315624103,0.04189755917287841,1.6245259901393647,-0.0400471096358882,0.7173988193516556,-1.6813176050268863,0.5303924525407542,-0.47633711829274644,0.10580617267731035,-0.06523727167554977,-0.5363278088671153,-0.6045994026790559,-0.041782085303784355,-0.12098008553305467
3;22;11686.711250305176;330;843;0.057297;0.001673;0.132992/0.161019/0.06173/0.119814/0.149985/0.097976/0.055966/0.144474/0.10281/0.126638/0.111898/0.137314/0.121149/0.153663/0.067252/0.106885/0.057297/0.137296/0.06785/0.125733/0.066463/0.103034/0.061375/0.150388/0.147235/0.089172/0.146639/0.110998/0.116284/0.092553/0.059644/0.138961/0.069323/0.102844/0.098815/0.104187/0.087413/0.102463/0.144825/0.103151/0.119583/0.059915/0.148757/0.101195/0.103991/0.102511/0.125885/0.143081/0.116305/0.144349/0.108126/0.149793/0.146111/0.164485/0.054365/0.080893/0.095351/0.162292/0.06072/0.16308/0.138162/0.077761/0.053549/0.100592/0.150043/0.085332/0.116624/0.119091/0.140786/0.06762/0.099815/0.102626/0.102662/0.100584/0.116816/0.139478/0.098769/0.109971/0.112736/0.159004/0.153389/0.099516/0.101513/0.11565/0.159763/0.120249/0.129324/0.097915/0.071908/0.058308/0.13868/0.06726/0.094963/0.054358/0.116555/0.11497/0.10328/0.087607/0.095342/0.092944;0.0024/0.074874/0.0/0.001444/0.007918/0.00021/0.0/0.083729/0.197456/0.025551/0.21531/0.115879/1e-05/0.364523/0.0/0.234712/0.001673/0.073153/0.0/0.00263/0.0/0.332785/0.0/0.147607/0.101879/0.252011/0.074109/0.18601/0.086235/0.008425/0.0/0.013847/0.136027/0.016954/0.003978/0.192914/0.290509/0.183342/0.080956/0.032149/0.015635/0.0/0.143801/0.006321/0.191556/0.224404/0.035812/0.006082/0.023849/0.050031/2.9e-05/0.003892/0.184748/0.037552/0.0/0.021382/0.086684/0.138092/0.0/0.284456/0.119216/0.010605/0.0/0.163997/0.121243/0.020253/0.188209/8.6e-05/0.307177/0.0/0.087143/0.159025/0.204274/0.002591/0.109912/0.002486/0.0317/0.327545/0.00152/0.035161/0.322467/0.343476/0.27059/0.055386/0.054984/0.189615/0.116376/0.01334/0.002276/0.0/0.190265/0.0/0.011781/0.0/0.022405/0.107215/0.219469/0.002553/0.002142/0.00154;0.153663/0.099516/0.087413/0.069323/0.057297/0.053549;0.364523/0.343476/0.290509/0.136027/0.001673/0.0;-0.8593481011193491,0.18553710380774335,-0.13971472524410672,2.5976621229288077,-0.08115855416830675,-0.5448090719655155,-2.3909935000558185,0.7352891997850042,0.8895638626292462,1.1515768193240388,-0.8309529103023838,-1.0964138038004156,-1.4386295370813462,-0.063792317488917,1.014171643843457,0.061632148798590136,-1.3383033235932933,0.006298702703224912,1.029590403921926,-0.9579976070822878,1.1749463875265957,-0.741266781967282,-0.4084133822174541,0.41926640135741783,0.28681339063920797,-1.370086378968037,0.8698267436591914,0.31310402532221615,0.9002202204609075,0.2749488283264311,0.44019830607232546,0.18517958464574064,1.4297959730492988,-1.4059130145414267,1.7420184485875154,-0.561884158682131,0.5783874466497524,-1.4151884110883461,-0.28563076259359604,-0.03434849353341904,-1.6421030429787973,-0.7456568474510801,-0.08309806335246306,0.22439659262721878,-0.799100605674644,0.14112609812335974,-0.5260436227818086,0.9072821674917467,-1.5717492397869792,-0.023873931001228532,-0.38640402993970807,-0.06329189472202786,1.8706024451036756,-0.07411540586936627,0.37660569650035153,-0.5215718995582221,-0.23871386520111715,1.2712244289516539,1.5469267253599766,0.3785730899695169,0.04017809555511043,0.3134382426800641,1.6821149847015229,-0.8591068132870178,-0.775179286200192,0.15721968476774095,-0.6781654810252499,-0.5748548849303767,-1.7897070866909313,0.3202548062246984,-0.29980612345552615,-0.11332954619787572,-1.5542703734234762,-1.0633079571170523,-0.3299373162767346,0.8370102500614419,1.070193031641173,0.4880880748557489,-1.094850649289272,1.768116449925341,1.088810838941771,-0.23493991866226516,0.00037568669485532613,-0.8576892819825408,1.6049250452255954,-0.614798540022821,1.0342523895925542,0.36954747851663206,-0.5664618488972437,0.3349812205617434,0.389124850623794,0.13401002197298367,0.8660118769006172,-0.47019049375769784,-0.028833020104389595,-0.5199353163720585,0.148893773436594,-1.446022782152467,0.933575406408879,0.4239062641227383,-0.6168995010733569,-0.7179787282736293,-0.8525136824602951,0.24090089604244863,-0.3175226585268325,0.21843563781986114,-0.2002457172046269,-0.07585429732246746,0.16711824150823607,-1.3490225769420172,0.31569759894293015,-1.6151241197332389,-0.8599619046443209,-0.22557278092214322,1.7306373036542684,-1.2502889031194269,0.2604538794187037,-1.227091695766514,0.6351110234003392,0.4542629761157463,0.9630335446291292,-0.27696823622947947,1.4013932438177585,0.19512169186409017,-0.3137598438827967,0.35100366949613476,-1.1297164564234792,-0.0869242423384688,1.0453440109965793,0.9109535421356096,-0.23547100454066733,-0.9002448809142984,0.25868311467258387,0.5971739536807185,-0.807138456866515,0.7973348892618929,-0.9292402062208274,0.39489630917628155,0.9509765096073344,1.7962769581094373,0.5015131689593803,-1.5460088754050283,0.23514066086174062,0.090586791343083,1.222943292588209,-0.14636749866943652,0.3175749706407742,0.9763392689538356,-0.43203421837781986,-0.1641647319795397,-0.8404627734331426,-1.4625479825933594,-0.5037608227352237,-0.9952687956458386,1.135084984924608,1.0257210534851633,-0.44760820568944976,0.9386424783883381;2.1622776536783306,1.9213913926612574,0.6121334615228885,1.0685456858716842,0.6433899410090825,-0.6113659710923113,1.730790564833025,-0.6767068317680148,0.20440314209021096,0.6589215023208866,0.26214072537284505,0.21131239514237196,-0.7020078101997868,-0.6394593329151992,-1.0411745481406849,-1.0619169110444662,-1.8207619306774625,1.0675791927779428,2.0797301708731526,0.6179432986848344,-0.8914596643685107,0.7450472274574848,0.31160522054662193,-0.6667654196118458,-0.30624079307959173,-0.9534497646242933,-1.1049562872275827,0.4741063433290027,-0.314349315121774,-2.0724692984435342,0.2293912654559494,0.3762357018793445,-0.12995267435806335,-0.5059212375204549,-1.15688864297975,-0.41831216419601336,-0.501202621419933,0.9173876497286809,-0.3501981237491968,0.270456674627182,0.37030148066393026,1.0033964311764025,-0.12715868624610482,-0.6941396491423506,-0.23882769111037078,-0.14674344637900466,0.4257224685118485,1.5859035086377937,-0.9039712996260522,-0.314648685736877,-0.7064089180752354,0.8237516188119189,0.3177383884473771,-0.3269062938893755,-1.0899797112705252,-1.336793476591041,1.6054512237201366,0.7037022473560153,-0.36632619640927366,0.15464077253069694,0.34432855680729146,-1.017155459019012,-0.008195945791704323,0.3879287103059875,0.9837180443098079,0.8636145997268544,0.6423178954462492,-0.7892237645759226,-1.014284092823416,-0.7633118343055694,0.9137800143301935,1.7043485644217615,0.1835955870864614,-0.49819009358995553,-1.0503897454554223,-0.9271908228574283,-1.2632659800504642,0.937543652893027,0.9839591151155755,0.41426157367424443,0.7816336598233309,0.5292732819399302,-1.3761809504894584,-0.663499325625208,-1.4927615211989131,-0.34341199243296283,1.4727620758071753,0.9859959222965207,0.3767431999985927,0.19789544134955095,-2.0040109985726167,-0.37392768045356606,-0.4494121533974379,-0.5171953875006204,-1.1049951469404486,-0.5039960213446026,-0.1571450413944404,-0.8237150708922073,-1.527599076145962,0.32690022573123645,-0.1791675123145587,0.7188050033915162,-0.5304840841246189,0.7713854755287927,-1.3863157794110812,-0.26341463263364795,0.3169985799781733,-0.33468286268311664,0.22113940373406354,-1.8460148651254729,-1.8118673139383508,-0.5920678375696028,-1.7458366306197046,-1.271739460376994,0.6986494308786957,-0.18398413414639714,-0.1228922139792904,1.4342721247675883,0.9828120009601393,-0.1961244261155493,-0.5037251161927927,0.7935755878749492,0.695706998130676,0.4650407335103458,0.6108735886961174,-1.1679184432029084,-0.13839836051143134,0.1408168250013211,0.37799791512180986,-1.2238957696511537,-0.13658977526936567,1.1744223978417738,-0.2273043139082198,0.038159220930667606,0.5948130329394621,0.34839874044493974,-0.3345889092225058,-0.12259034822515869,0.2107180658931579,-0.9603155076062196,-0.5301145276482594,-1.3602379053236247,-0.8024914530256464,-0.4171933349600524,-0.29328264315624103,0.04189755917287841,1.6245259901393647,-0.0400471096358882,0.7173988193516556,-1.6813176050268863,0.5303924525407542,-0.47633711829274644,0.10580617267731035,-0.06523727167554977,-0.5363278088671153,-0.6045994026790559,-0.041782085303784355,-0.12098008553305467
3;23;12206.105047225952;330;843;0.057297;0.001673;0.161019/0.06173/0.119814/0.097976/0.055966/0.144474/0.10281/0.126638/0.111898/0.137314/0.153663/0.067252/0.106885/0.057297/0.137296/0.125733/0.066463/0.103034/0.061375/0.150388/0.147235/0.089172/0.146639/0.110998/0.116284/0.092553/0.059644/0.138961/0.069323/0.102844/0.098815/0.104187/0.087413/0.102463/0.144825/0.103151/0.119583/0.059915/0.148757/0.101195/0.103991/0.102511/0.125885/0.116305/0.144349/0.108126/0.146111/0.164485/0.054365/0.080893/0.095351/0.162292/0.06072/0.16308/0.138162/0.077761/0.053549/0.100592/0.150043/0.085332/0.116624/0.119091/0.140786/0.06762/0.099815/0.102626/0.102662/0.100584/0.116816/0.098769/0.109971/0.112736/0.159004/0.153389/0.099516/0.101513/0.11565/0.159763/0.120249/0.129324/0.097915/0.071908/0.058308/0.13868/0.06726/0.094963/0.054358/0.116555/0.11497/0.10328/0.087607/0.095342/0.092944/0.101192/0.102959/0.102092/0.134694/0.130196/0.142642/0.10391;0.074874/0.0/0.001444/0.00021/0.0/0.083729/0.197456/0.025551/0.21531/0.115879/0.364523/0.0/0.234712/0.001673/0.073153/0.00263/0.0/0.332785/0.0/0.147607/0.101879/0.252011/0.074109/0.18601/0.086235/0.008425/0.0/0.013847/0.136027/0.016954/0.003978/0.192914/0.290509/0.183342/0.080956/0.032149/0.015635/0.0/0.143801/0.006321/0.191556/0.224404/0.035812/0.023849/0.050031/2.9e-05/0.184748/0.037552/0.0/0.021382/0.086684/0.138092/0.0/0.284456/0.119216/0.010605/0.0/0.163997/0.121243/0.020253/0.188209/8.6e-05/0.307177/0.0/0.087143/0.159025/0.204274/0.002591/0.109912/0.0317/0.327545/0.00152/0.035161/0.322467/0.343476/0.27059/0.055386/0.054984/0.189615/0.116376/0.01334/0.002276/0.0/0.190265/0.0/0.011781/0.0/0.022405/0.107215/0.219469/0.002553/0.002142/0.00154/2.9e-05/0.004552/0.05487/0.29814/0.128348/0.06514/0.05988;0.153663/0.099516/0.087413/0.069323/0.057297/0.053549;0.364523/0.343476/0.290509/0.136027/0.001673/0.0;-0.8593481011193491,0.18553710380774335,-0.13971472524410672,2.5976621229288077,-0.08115855416830675,-0.5448090719655155,-2.3909935000558185,0.7352891997850042,0.8895638626292462,1.1515768193240388,-0.8309529103023838,-1.0964138038004156,-1.4386295370813462,-0.063792317488917,1.014171643843457,0.061632148798590136,-1.3383033235932933,0.006298702703224912,1.029590403921926,-0.9579976070822878,1.1749463875265957,-0.741266781967282,-0.4084133822174541,0.41926640135741783,0.28681339063920797,-1.370086378968037,0.8698267436591914,0.31310402532221615,0.9002202204609075,0.2749488283264311,0.44019830607232546,0.18517958464574064,1.4297959730492988,-1.4059130145414267,1.7420184485875154,-0.561884158682131,0.5783874466497524,-1.4151884110883461,-0.28563076259359604,-0.03434849353341904,-1.6421030429787973,-0.7456568474510801,-0.08309806335246306,0.22439659262721878,-0.799100605674644,0.14112609812335974,-0.5260436227818086,0.9072821674917467,-1.5717492397869792,-0.023873931001228532,-0.38640402993970807,-0.06329189472202786,1.8706024451036756,-0.07411540586936627,0.37660569650035153,-0.5215718995582221,-0.23871386520111715,1.2712244289516539,1.5469267253599766,0.3785730899695169,0.04017809555511043,0.3134382426800641,1.6821149847015229,-0.8591068132870178,-0.775179286200192,0.15721968476774095,-0.6781654810252499,-0.5748548849303767,-1.7897070866909313,0.3202548062246984,-0.29980612345552615,-0.11332954619787572,-1.5542703734234762,-1.0633079571170523,-0.3299373162767346,0.8370102500614419,1.070193031641173,0.4880880748557489,-1.094850649289272,1.768116449925341,1.088810838941771,-0.23493991866226516,0.00037568669485532613,-0.8576892819825408,1.6049250452255954,-0.614798540022821,1.0342523895925542,0.36954747851663206,-0.5664618488972437,0.3349812205617434,0.389124850623794,0.13401002197298367,0.8660118769006172,-0.47019049375769784,-0.028833020104389595,-0.5199353163720585,0.148893773436594,-1.446022782152467,0.933575406408879,0.4239062641227383,-0.6168995010733569,-0.7179787282736293,-0.8525136824602951,0.24090089604244863,-0.3175226585268325,0.21843563781986114,-0.2002457172046269,-0.07585429732246746,0.16711824150823607,-1.3490225769420172,0.31569759894293015,-1.6151241197332389,-0.8599619046443209,-0.22557278092214322,1.7306373036542684,-1.2502889031194269,0.2604538794187037,-1.227091695766514,0.6351110234003392,0.4542629761157463,0.9630335446291292,-0.27696823622947947,1.4013932438177585,0.19512169186409017,-0.3137598438827967,0.35100366949613476,-1.1297164564234792,-0.0869242423384688,1.0453440109965793,0.9109535421356096,-0.23547100454066733,-0.9002448809142984,0.25868311467258387,0.5971739536807185,-0.807138456866515,0.7973348892618929,-0.9292402062208274,0.39489630917628155,0.9509765096073344,1.7962769581094373,0.5015131689593803,-1.5460088754050283,0.23514066086174062,0.090586791343083,1.222943292588209,-0.14636749866943652,0.3175749706407742,0.9763392689538356,-0.43203421837781986,-0.1641647319795397,-0.8404627734331426,-1.4625479825933594,-0.5037608227352237,-0.9952687956458386,1.135084984924608,1.0257210534851633,-0.44760820568944976,0.9386424783883381;2.1622776536783306,1.9213913926612574,0.6121334615228885,1.0685456858716842,0.6433899410090825,-0.6113659710923113,1.730790564833025,-0.6767068317680148,0.20440314209021096,0.6589215023208866,0.26214072537284505,0.21131239514237196,-0.7020078101997868,-0.6394593329151992,-1.0411745481406849,-1.0619169110444662,-1.8207619306774625,1.0675791927779428,2.0797301708731526,0.6179432986848344,-0.8914596643685107,0.7450472274574848,0.31160522054662193,-0.6667654196118458,-0.30624079307959173,-0.9534497646242933,-1.1049562872275827,0.4741063433290027,-0.314349315121774,-2.0724692984435342,0.2293912654559494,0.3762357018793445,-0.12995267435806335,-0.5059212375204549,-1.15688864297975,-0.41831216419601336,-0.501202621419933,0.9173876497286809,-0.3501981237491968,0.270456674627182,0.37030148066393026,1.0033964311764025,-0.12715868624610482,-0.6941396491423506,-0.23882769111037078,-0.14674344637900466,0.4257224685118485,1.5859035086377937,-0.9039712996260522,-0.314648685736877,-0.7064089180752354,0.8237516188119189,0.3177383884473771,-0.3269062938893755,-1.0899797112705252,-1.336793476591041,1.6054512237201366,0.7037022473560153,-0.36632619640927366,0.15464077253069694,0.34432855680729146,-1.017155459019012,-0.008195945791704323,0.3879287103059875,0.9837180443098079,0.8636145997268544,0.6423178954462492,-0.7892237645759226,-1.014284092823416,-0.7633118343055694,0.9137800143301935,1.7043485644217615,0.1835955870864614,-0.49819009358995553,-1.0503897454554223,-0.9271908228574283,-1.2632659800504642,0.937543652893027,0.9839591151155755,0.41426157367424443,0.7816336598233309,0.5292732819399302,-1.3761809504894584,-0.663499325625208,-1.4927615211989131,-0.34341199243296283,1.4727620758071753,0.9859959222965207,0.3767431999985927,0.19789544134955095,-2.0040109985726167,-0.37392768045356606,-0.4494121533974379,-0.5171953875006204,-1.1049951469404486,-0.5039960213446026,-0.1571450413944404,-0.8237150708922073,-1.527599076145962,0.32690022573123645,-0.1791675123145587,0.7188050033915162,-0.5304840841246189,0.7713854755287927,-1.3863157794110812,-0.26341463263364795,0.3169985799781733,-0.33468286268311664,0.22113940373406354,-1.8460148651254729,-1.8118673139383508,-0.5920678375696028,-1.7458366306197046,-1.271739460376994,0.6986494308786957,-0.18398413414639714,-0.1228922139792904,1.4342721247675883,0.9828120009601393,-0.1961244261155493,-0.5037251161927927,0.7935755878749492,0.695706998130676,0.4650407335103458,0.6108735886961174,-1.1679184432029084,-0.13839836051143134,0.1408168250013211,0.37799791512180986,-1.2238957696511537,-0.13658977526936567,1.1744223978417738,-0.2273043139082198,0.038159220930667606,0.5948130329394621,0.34839874044493974,-0.3345889092225058,-0.12259034822515869,0.2107180658931579,-0.9603155076062196,-0.5301145276482594,-1.3602379053236247,-0.8024914530256464,-0.4171933349600524,-0.29328264315624103,0.04189755917287841,1.6245259901393647,-0.0400471096358882,0.7173988193516556,-1.6813176050268863,0.5303924525407542,-0.47633711829274644,0.10580617267731035,-0.06523727167554977,-0.5363278088671153,-0.6045994026790559,-0.041782085303784355,-0.12098008553305467
3;24;12742.193852186203;330;843;0.057297;0.001673;0.06173/0.097976/0.055966/0.144474/0.10281/0.126638/0.111898/0.137314/0.153663/0.106885/0.057297/0.137296/0.066463/0.103034/0.061375/0.150388/0.147235/0.089172/0.110998/0.116284/0.092553/0.059644/0.069323/0.102844/0.098815/0.104187/0.087413/0.102463/0.144825/0.103151/0.119583/0.059915/0.148757/0.101195/0.103991/0.102511/0.125885/0.116305/0.108126/0.146111/0.054365/0.080893/0.095351/0.162292/0.06072/0.16308/0.138162/0.077761/0.053549/0.100592/0.150043/0.085332/0.116624/0.119091/0.140786/0.099815/0.102626/0.102662/0.100584/0.116816/0.098769/0.109971/0.112736/0.153389/0.099516/0.101513/0.11565/0.120249/0.129324/0.097915/0.071908/0.058308/0.13868/0.094963/0.054358/0.116555/0.11497/0.10328/0.087607/0.095342/0.092944/0.101192/0.102959/0.102092/0.134694/0.130196/0.142642/0.10391/0.123071/0.104879/0.056701/0.109978/0.08897/0.102995/0.1995/0.099716/0.080115/0.119597/0.119763/0.094804;0.0/0.00021/0.0/0.083729/0.197456/0.025551/0.21531/0.115879/0.364523/0.234712/0.001673/0.073153/0.0/0.332785/0.0/0.147607/0.101879/0.252011/0.18601/0.086235/0.008425/0.0/0.136027/0.016954/0.003978/0.192914/0.290509/0.183342/0.080956/0.032149/0.015635/0.0/0.143801/0.006321/0.191556/0.224404/0.035812/0.023849/2.9e-05/0.184748/0.0/0.021382/0.086684/0.138092/0.0/0.284456/0.119216/0.010605/0.0/0.163997/0.121243/0.020253/0.188209/8.6e-05/0.307177/0.087143/0.159025/0.204274/0.002591/0.109912/0.0317/0.327545/0.00152/0.322467/0.343476/0.27059/0.055386/0.189615/0.116376/0.01334/0.002276/0.0/0.190265/0.011781/0.0/0.022405/0.107215/0.219469/0.002553/0.002142/0.00154/2.9e-05/0.004552/0.05487/0.29814/0.128348/0.06514/0.05988/0.023715/0.007181/0.0/0.066278/0.000201/0.018092/0.143715/0.000134/1.9e-05/0.026612/0.14753/0.290987;0.153663/0.099516/0.094804/0.087413/0.069323/0.057297/0.053549;0.364523/0.343476/0.290987/0.290509/0.136027/0.001673/0.0;-0.8593481011193491,0.18553710380774335,-0.13971472524410672,2.5976621229288077,-0.08115855416830675,-0.5448090719655155,-2.3909935000558185,0.7352891997850042,0.8895638626292462,1.1515768193240388,-0.8309529103023838,-1.0964138038004156,-1.4386295370813462,-0.063792317488917,1.014171643843457,0.061632148798590136,-1.3383033235932933,0.006298702703224912,1.029590403921926,-0.9579976070822878,1.1749463875265957,-0.741266781967282,-0.4084133822174541,0.41926640135741783,0.28681339063920797,-1.370086378968037,0.8698267436591914,0.31310402532221615,0.9002202204609075,0.2749488283264311,0.44019830607232546,0.18517958464574064,1.4297959730492988,-1.4059130145414267,1.7420184485875154,-0.561884158682131,0.5783874466497524,-1.4151884110883461,-0.28563076259359604,-0.03434849353341904,-1.6421030429787973,-0.7456568474510801,-0.08309806335246306,0.22439659262721878,-0.799100605674644,0.14112609812335974,-0.5260436227818086,0.9072821674917467,-1.5717492397869792,-0.023873931001228532,-0.38640402993970807,-0.06329189472202786,1.8706024451036756,-0.07411540586936627,0.37660569650035153,-0.5215718995582221,-0.23871386520111715,1.2712244289516539,1.5469267253599766,0.3785730899695169,0.04017809555511043,0.3134382426800641,1.6821149847015229,-0.8591068132870178,-0.775179286200192,0.15721968476774095,-0.6781654810252499,-0.5748548849303767,-1.7897070866909313,0.3202548062246984,-0.29980612345552615,-0.11332954619787572,-1.5542703734234762,-1.0633079571170523,-0.3299373162767346,0.8370102500614419,1.070193031641173,0.4880880748557489,-1.094850649289272,1.768116449925341,1.088810838941771,-0.23493991866226516,0.00037568669485532613,-0.8576892819825408,1.6049250452255954,-0.614798540022821,1.0342523895925542,0.36954747851663206,-0.5664618488972437,0.3349812205617434,0.389124850623794,0.13401002197298367,0.8660118769006172,-0.47019049375769784,-0.028833020104389595,-0.5199353163720585,0.148893773436594,-1.446022782152467,0.933575406408879,0.4239062641227383,-0.6168995010733569,-0.7179787282736293,-0.8525136824602951,0.24090089604244863,-0.3175226585268325,0.21843563781986114,-0.2002457172046269,-0.07585429732246746,0.16711824150823607,-1.3490225769420172,0.31569759894293015,-1.6151241197332389,-0.8599619046443209,-0.22557278092214322,1.7306373036542684,-1.2502889031194269,0.2604538794187037,-1.227091695766514,0.6351110234003392,0.4542629761157463,0.9630335446291292,-0.27696823622947947,1.4013932438177585,0.19512169186409017,-0.3137598438827967,0.35100366949613476,-1.1297164564234792,-0.0869242423384688,1.0453440109965793,0.9109535421356096,-0.23547100454066733,-0.9002448809142984,0.25868311467258387,0.5971739536807185,-0.807138456866515,0.7973348892618929,-0.9292402062208274,0.39489630917628155,0.9509765096073344,1.7962769581094373,0.5015131689593803,-1.5460088754050283,0.23514066086174062,0.090586791343083,1.222943292588209,-0.14636749866943652,0.3175749706407742,0.9763392689538356,-0.43203421837781986,-0.1641647319795397,-0.8404627734331426,-1.4625479825933594,-0.5037608227352237,-0.9952687956458386,1.135084984924608,1.0257210534851633,-0.44760820568944976,0.9386424783883381;2.1622776536783306,1.9213913926612574,0.6121334615228885,1.0685456858716842,0.6433899410090825,-0.6113659710923113,1.730790564833025,-0.6767068317680148,0.20440314209021096,0.6589215023208866,0.26214072537284505,0.21131239514237196,-0.7020078101997868,-0.6394593329151992,-1.0411745481406849,-1.0619169110444662,-1.8207619306774625,1.0675791927779428,2.0797301708731526,0.6179432986848344,-0.8914596643685107,0.7450472274574848,0.31160522054662193,-0.6667654196118458,-0.30624079307959173,-0.9534497646242933,-1.1049562872275827,0.4741063433290027,-0.314349315121774,-2.0724692984435342,0.2293912654559494,0.3762357018793445,-0.12995267435806335,-0.5059212375204549,-1.15688864297975,-0.41831216419601336,-0.501202621419933,0.9173876497286809,-0.3501981237491968,0.270456674627182,0.37030148066393026,1.0033964311764025,-0.12715868624610482,-0.6941396491423506,-0.23882769111037078,-0.14674344637900466,0.4257224685118485,1.5859035086377937,-0.9039712996260522,-0.314648685736877,-0.7064089180752354,0.8237516188119189,0.3177383884473771,-0.3269062938893755,-1.0899797112705252,-1.336793476591041,1.6054512237201366,0.7037022473560153,-0.36632619640927366,0.15464077253069694,0.34432855680729146,-1.017155459019012,-0.008195945791704323,0.3879287103059875,0.9837180443098079,0.8636145997268544,0.6423178954462492,-0.7892237645759226,-1.014284092823416,-0.7633118343055694,0.9137800143301935,1.7043485644217615,0.1835955870864614,-0.49819009358995553,-1.0503897454554223,-0.9271908228574283,-1.2632659800504642,0.937543652893027,0.9839591151155755,0.41426157367424443,0.7816336598233309,0.5292732819399302,-1.3761809504894584,-0.663499325625208,-1.4927615211989131,-0.34341199243296283,1.4727620758071753,0.9859959222965207,0.3767431999985927,0.19789544134955095,-2.0040109985726167,-0.37392768045356606,-0.4494121533974379,-0.5171953875006204,-1.1049951469404486,-0.5039960213446026,-0.1571450413944404,-0.8237150708922073,-1.527599076145962,0.32690022573123645,-0.1791675123145587,0.7188050033915162,-0.5304840841246189,0.7713854755287927,-1.3863157794110812,-0.26341463263364795,0.3169985799781733,-0.33468286268311664,0.22113940373406354,-1.8460148651254729,-1.8118673139383508,-0.5920678375696028,-1.7458366306197046,-1.271739460376994,0.6986494308786957,-0.18398413414639714,-0.1228922139792904,1.4342721247675883,0.9828120009601393,-0.1961244261155493,-0.5037251161927927,0.7935755878749492,0.695706998130676,0.4650407335103458,0.6108735886961174,-1.1679184432029084,-0.13839836051143134,0.1408168250013211,0.37799791512180986,-1.2238957696511537,-0.13658977526936567,1.1744223978417738,-0.2273043139082198,0.038159220930667606,0.5948130329394621,0.34839874044493974,-0.3345889092225058,-0.12259034822515869,0.2107180658931579,-0.9603155076062196,-0.5301145276482594,-1.3602379053236247,-0.8024914530256464,-0.4171933349600524,-0.29328264315624103,0.04189755917287841,1.6245259901393647,-0.0400471096358882,0.7173988193516556,-1.6813176050268863,0.5303924525407542,-0.47633711829274644,0.10580617267731035,-0.06523727167554977,-0.5363278088671153,-0.6045994026790559,-0.041782085303784355,-0.12098008553305467
3;25;13260.983294725418;330;843;0.057297;0.001673;0.097976/0.055966/0.144474/0.10281/0.126638/0.111898/0.137314/0.153663/0.106885/0.057297/0.137296/0.103034/0.061375/0.150388/0.147235/0.089172/0.110998/0.116284/0.092553/0.059644/0.069323/0.102844/0.098815/0.104187/0.087413/0.102463/0.103151/0.059915/0.148757/0.101195/0.103991/0.102511/0.125885/0.116305/0.108126/0.146111/0.054365/0.080893/0.095351/0.162292/0.06072/0.16308/0.138162/0.077761/0.053549/0.100592/0.150043/0.085332/0.116624/0.140786/0.099815/0.102626/0.102662/0.100584/0.116816/0.098769/0.109971/0.112736/0.153389/0.099516/0.101513/0.11565/0.120249/0.129324/0.097915/0.071908/0.058308/0.13868/0.094963/0.054358/0.116555/0.11497/0.10328/0.087607/0.095342/0.092944/0.101192/0.102959/0.102092/0.134694/0.130196/0.142642/0.10391/0.123071/0.104879/0.056701/0.109978/0.08897/0.102995/0.1995/0.099716/0.080115/0.119597/0.119763/0.094804/0.098751/0.081194/0.057403/0.101599/0.08548;0.00021/0.0/0.083729/0.197456/0.025551/0.21531/0.115879/0.364523/0.234712/0.001673/0.073153/0.332785/0.0/0.147607/0.101879/0.252011/0.18601/0.086235/0.008425/0.0/0.136027/0.016954/0.003978/0.192914/0.290509/0.183342/0.032149/0.0/0.143801/0.006321/0.191556/0.224404/0.035812/0.023849/2.9e-05/0.184748/0.0/0.021382/0.086684/0.138092/0.0/0.284456/0.119216/0.010605/0.0/0.163997/0.121243/0.020253/0.188209/0.307177/0.087143/0.159025/0.204274/0.002591/0.109912/0.0317/0.327545/0.00152/0.322467/0.343476/0.27059/0.055386/0.189615/0.116376/0.01334/0.002276/0.0/0.190265/0.011781/0.0/0.022405/0.107215/0.219469/0.002553/0.002142/0.00154/2.9e-05/0.004552/0.05487/0.29814/0.128348/0.06514/0.05988/0.023715/0.007181/0.0/0.066278/0.000201/0.018092/0.143715/0.000134/1.9e-05/0.026612/0.14753/0.290987/0.109567/0.043854/0.0/0.347052/0.002113;0.153663/0.101599/0.099516/0.094804/0.087413/0.069323/0.057297/0.053549;0.364523/0.347052/0.343476/0.290987/0.290509/0.136027/0.001673/0.0;-0.8593481011193491,0.18553710380774335,-0.13971472524410672,2.5976621229288077,-0.08115855416830675,-0.5448090719655155,-2.3909935000558185,0.7352891997850042,0.8895638626292462,1.1515768193240388,-0.8309529103023838,-1.0964138038004156,-1.4386295370813462,-0.063792317488917,1.014171643843457,0.061632148798590136,-1.3383033235932933,0.006298702703224912,1.029590403921926,-0.9579976070822878,1.1749463875265957,-0.741266781967282,-0.4084133822174541,0.41926640135741783,0.28681339063920797,-1.370086378968037,0.8698267436591914,0.31310402532221615,0.9002202204609075,0.2749488283264311,0.44019830607232546,0.18517958464574064,1.4297959730492988,-1.4059130145414267,1.7420184485875154,-0.561884158682131,0.5783874466497524,-1.4151884110883461,-0.28563076259359604,-0.03434849353341904,-1.6421030429787973,-0.7456568474510801,-0.08309806335246306,0.22439659262721878,-0.799100605674644,0.14112609812335974,-0.5260436227818086,0.9072821674917467,-1.5717492397869792,-0.023873931001228532,-0.38640402993970807,-0.06329189472202786,1.8706024451036756,-0.07411540586936627,0.37660569650035153,-0.5215718995582221,-0.23871386520111715,1.2712244289516539,1.5469267253599766,0.3785730899695169,0.04017809555511043,0.3134382426800641,1.6821149847015229,-0.8591068132870178,-0.775179286200192,0.15721968476774095,-0.6781654810252499,-0.5748548849303767,-1.7897070866909313,0.3202548062246984,-0.29980612345552615,-0.11332954619787572,-1.5542703734234762,-1.0633079571170523,-0.3299373162767346,0.8370102500614419,1.070193031641173,0.4880880748557489,-1.094850649289272,1.768116449925341,1.088810838941771,-0.23493991866226516,0.00037568669485532613,-0.8576892819825408,1.6049250452255954,-0.614798540022821,1.0342523895925542,0.36954747851663206,-0.5664618488972437,0.3349812205617434,0.389124850623794,0.13401002197298367,0.8660118769006172,-0.47019049375769784,-0.028833020104389595,-0.5199353163720585,0.148893773436594,-1.446022782152467,0.933575406408879,0.4239062641227383,-0.6168995010733569,-0.7179787282736293,-0.8525136824602951,0.24090089604244863,-0.3175226585268325,0.21843563781986114,-0.2002457172046269,-0.07585429732246746,0.16711824150823607,-1.3490225769420172,0.31569759894293015,-1.6151241197332389,-0.8599619046443209,-0.22557278092214322,1.7306373036542684,-1.2502889031194269,0.2604538794187037,-1.227091695766514,0.6351110234003392,0.4542629761157463,0.9630335446291292,-0.27696823622947947,1.4013932438177585,0.19512169186409017,-0.3137598438827967,0.35100366949613476,-1.1297164564234792,-0.0869242423384688,1.0453440109965793,0.9109535421356096,-0.23547100454066733,-0.9002448809142984,0.25868311467258387,0.5971739536807185,-0.807138456866515,0.7973348892618929,-0.9292402062208274,0.39489630917628155,0.9509765096073344,1.7962769581094373,0.5015131689593803,-1.5460088754050283,0.23514066086174062,0.090586791343083,1.222943292588209,-0.14636749866943652,0.3175749706407742,0.9763392689538356,-0.43203421837781986,-0.1641647319795397,-0.8404627734331426,-1.4625479825933594,-0.5037608227352237,-0.9952687956458386,1.135084984924608,1.0257210534851633,-0.44760820568944976,0.9386424783883381;2.1622776536783306,1.9213913926612574,0.6121334615228885,1.0685456858716842,0.6433899410090825,-0.6113659710923113,1.730790564833025,-0.6767068317680148,0.20440314209021096,0.6589215023208866,0.26214072537284505,0.21131239514237196,-0.7020078101997868,-0.6394593329151992,-1.0411745481406849,-1.0619169110444662,-1.8207619306774625,1.0675791927779428,2.0797301708731526,0.6179432986848344,-0.8914596643685107,0.7450472274574848,0.31160522054662193,-0.6667654196118458,-0.30624079307959173,-0.9534497646242933,-1.1049562872275827,0.4741063433290027,-0.314349315121774,-2.0724692984435342,0.2293912654559494,0.3762357018793445,-0.12995267435806335,-0.5059212375204549,-1.15688864297975,-0.41831216419601336,-0.501202621419933,0.9173876497286809,-0.3501981237491968,0.270456674627182,0.37030148066393026,1.0033964311764025,-0.12715868624610482,-0.6941396491423506,-0.23882769111037078,-0.14674344637900466,0.4257224685118485,1.5859035086377937,-0.9039712996260522,-0.314648685736877,-0.7064089180752354,0.8237516188119189,0.3177383884473771,-0.3269062938893755,-1.0899797112705252,-1.336793476591041,1.6054512237201366,0.7037022473560153,-0.36632619640927366,0.15464077253069694,0.34432855680729146,-1.017155459019012,-0.008195945791704323,0.3879287103059875,0.9837180443098079,0.8636145997268544,0.6423178954462492,-0.7892237645759226,-1.014284092823416,-0.7633118343055694,0.9137800143301935,1.7043485644217615,0.1835955870864614,-0.49819009358995553,-1.0503897454554223,-0.9271908228574283,-1.2632659800504642,0.937543652893027,0.9839591151155755,0.41426157367424443,0.7816336598233309,0.5292732819399302,-1.3761809504894584,-0.663499325625208,-1.4927615211989131,-0.34341199243296283,1.4727620758071753,0.9859959222965207,0.3767431999985927,0.19789544134955095,-2.0040109985726167,-0.37392768045356606,-0.4494121533974379,-0.5171953875006204,-1.1049951469404486,-0.5039960213446026,-0.1571450413944404,-0.8237150708922073,-1.527599076145962,0.32690022573123645,-0.1791675123145587,0.7188050033915162,-0.5304840841246189,0.7713854755287927,-1.3863157794110812,-0.26341463263364795,0.3169985799781733,-0.33468286268311664,0.22113940373406354,-1.8460148651254729,-1.8118673139383508,-0.5920678375696028,-1.7458366306197046,-1.271739460376994,0.6986494308786957,-0.18398413414639714,-0.1228922139792904,1.4342721247675883,0.9828120009601393,-0.1961244261155493,-0.5037251161927927,0.7935755878749492,0.695706998130676,0.4650407335103458,0.6108735886961174,-1.1679184432029084,-0.13839836051143134,0.1408168250013211,0.37799791512180986,-1.2238957696511537,-0.13658977526936567,1.1744223978417738,-0.2273043139082198,0.038159220930667606,0.5948130329394621,0.34839874044493974,-0.3345889092225058,-0.12259034822515869,0.2107180658931579,-0.9603155076062196,-0.5301145276482594,-1.3602379053236247,-0.8024914530256464,-0.4171933349600524,-0.29328264315624103,0.04189755917287841,1.6245259901393647,-0.0400471096358882,0.7173988193516556,-1.6813176050268863,0.5303924525407542,-0.47633711829274644,0.10580617267731035,-0.06523727167554977,-0.5363278088671153,-0.6045994026790559,-0.041782085303784355,-0.12098008553305467
3;26;13786.893966197968;330;843;0.057297;0.001673;0.097976/0.055966/0.10281/0.111898/0.137314/0.153663/0.106885/0.057297/0.137296/0.103034/0.150388/0.089172/0.110998/0.116284/0.092553/0.059644/0.069323/0.102844/0.098815/0.104187/0.087413/0.102463/0.103151/0.059915/0.148757/0.101195/0.103991/0.102511/0.125885/0.116305/0.108126/0.146111/0.054365/0.080893/0.095351/0.162292/0.06072/0.16308/0.138162/0.077761/0.053549/0.100592/0.150043/0.085332/0.116624/0.140786/0.099815/0.102626/0.102662/0.100584/0.116816/0.098769/0.109971/0.112736/0.153389/0.099516/0.101513/0.11565/0.120249/0.129324/0.097915/0.071908/0.058308/0.13868/0.094963/0.054358/0.11497/0.10328/0.087607/0.095342/0.092944/0.101192/0.102959/0.102092/0.134694/0.130196/0.10391/0.104879/0.056701/0.109978/0.08897/0.102995/0.1995/0.099716/0.080115/0.119597/0.119763/0.094804/0.098751/0.081194/0.057403/0.101599/0.08548/0.055065/0.159528/0.105307/0.094612/0.09665/0.06951/0.099054;0.00021/0.0/0.197456/0.21531/0.115879/0.364523/0.234712/0.001673/0.073153/0.332785/0.147607/0.252011/0.18601/0.086235/0.008425/0.0/0.136027/0.016954/0.003978/0.192914/0.290509/0.183342/0.032149/0.0/0.143801/0.006321/0.191556/0.224404/0.035812/0.023849/2.9e-05/0.184748/0.0/0.021382/0.086684/0.138092/0.0/0.284456/0.119216/0.010605/0.0/0.163997/0.121243/0.020253/0.188209/0.307177/0.087143/0.159025/0.204274/0.002591/0.109912/0.0317/0.327545/0.00152/0.322467/0.343476/0.27059/0.055386/0.189615/0.116376/0.01334/0.002276/0.0/0.190265/0.011781/0.0/0.107215/0.219469/0.002553/0.002142/0.00154/2.9e-05/0.004552/0.05487/0.29814/0.128348/0.05988/0.007181/0.0/0.066278/0.000201/0.018092/0.143715/0.000134/1.9e-05/0.026612/0.14753/0.290987/0.109567/0.043854/0.0/0.347052/0.002113/0.0/0.211934/0.297251/0.001903/0.000287/0.008731/0.106794;0.153663/0.101599/0.099516/0.094804/0.087413/0.069323/0.057297/0.053549;0.364523/0.347052/0.343476/0.290987/0.290509/0.136027/0.001673/0.0;-0.8593481011193491,0.18553710380774335,-0.13971472524410672,2.5976621229288077,-0.08115855416830675,-0.5448090719655155,-2.3909935000558185,0.7352891997850042,0.8895638626292462,1.1515768193240388,-0.8309529103023838,-1.0964138038004156,-1.4386295370813462,-0.063792317488917,1.014171643843457,0.061632148798590136,-1.3383033235932933,0.006298702703224912,1.029590403921926,-0.9579976070822878,1.1749463875265957,-0.741266781967282,-0.4084133822174541,0.41926640135741783,0.28681339063920797,-1.370086378968037,0.8698267436591914,0.31310402532221615,0.9002202204609075,0.2749488283264311,0.44019830607232546,0.18517958464574064,1.4297959730492988,-1.4059130145414267,1.7420184485875154,-0.561884158682131,0.5783874466497524,-1.4151884110883461,-0.28563076259359604,-0.03434849353341904,-1.6421030429787973,-0.7456568474510801,-0.08309806335246306,0.22439659262721878,-0.799100605674644,0.14112609812335974,-0.5260436227818086,0.9072821674917467,-1.5717492397869792,-0.023873931001228532,-0.38640402993970807,-0.06329189472202786,1.8706024451036756,-0.07411540586936627,0.37660569650035153,-0.5215718995582221,-0.23871386520111715,1.2712244289516539,1.5469267253599766,0.3785730899695169,0.04017809555511043,0.3134382426800641,1.6821149847015229,-0.8591068132870178,-0.775179286200192,0.15721968476774095,-0.6781654810252499,-0.5748548849303767,-1.7897070866909313,0.3202548062246984,-0.29980612345552615,-0.11332954619787572,-1.5542703734234762,-1.0633079571170523,-0.3299373162767346,0.8370102500614419,1.070193031641173,0.4880880748557489,-1.094850649289272,1.768116449925341,1.088810838941771,-0.23493991866226516,0.00037568669485532613,-0.8576892819825408,1.6049250452255954,-0.614798540022821,1.0342523895925542,0.36954747851663206,-0.5664618488972437,0.3349812205617434,0.389124850623794,0.13401002197298367,0.8660118769006172,-0.47019049375769784,-0.028833020104389595,-0.5199353163720585,0.148893773436594,-1.446022782152467,0.933575406408879,0.4239062641227383,-0.6168995010733569,-0.7179787282736293,-0.8525136824602951,0.24090089604244863,-0.3175226585268325,0.21843563781986114,-0.2002457172046269,-0.07585429732246746,0.16711824150823607,-1.3490225769420172,0.31569759894293015,-1.6151241197332389,-0.8599619046443209,-0.22557278092214322,1.7306373036542684,-1.2502889031194269,0.2604538794187037,-1.227091695766514,0.6351110234003392,0.4542629761157463,0.9630335446291292,-0.27696823622947947,1.4013932438177585,0.19512169186409017,-0.3137598438827967,0.35100366949613476,-1.1297164564234792,-0.0869242423384688,1.0453440109965793,0.9109535421356096,-0.23547100454066733,-0.9002448809142984,0.25868311467258387,0.5971739536807185,-0.807138456866515,0.7973348892618929,-0.9292402062208274,0.39489630917628155,0.9509765096073344,1.7962769581094373,0.5015131689593803,-1.5460088754050283,0.23514066086174062,0.090586791343083,1.222943292588209,-0.14636749866943652,0.3175749706407742,0.9763392689538356,-0.43203421837781986,-0.1641647319795397,-0.8404627734331426,-1.4625479825933594,-0.5037608227352237,-0.9952687956458386,1.135084984924608,1.0257210534851633,-0.44760820568944976,0.9386424783883381;2.1622776536783306,1.9213913926612574,0.6121334615228885,1.0685456858716842,0.6433899410090825,-0.6113659710923113,1.730790564833025,-0.6767068317680148,0.20440314209021096,0.6589215023208866,0.26214072537284505,0.21131239514237196,-0.7020078101997868,-0.6394593329151992,-1.0411745481406849,-1.0619169110444662,-1.8207619306774625,1.0675791927779428,2.0797301708731526,0.6179432986848344,-0.8914596643685107,0.7450472274574848,0.31160522054662193,-0.6667654196118458,-0.30624079307959173,-0.9534497646242933,-1.1049562872275827,0.4741063433290027,-0.314349315121774,-2.0724692984435342,0.2293912654559494,0.3762357018793445,-0.12995267435806335,-0.5059212375204549,-1.15688864297975,-0.41831216419601336,-0.501202621419933,0.9173876497286809,-0.3501981237491968,0.270456674627182,0.37030148066393026,1.0033964311764025,-0.12715868624610482,-0.6941396491423506,-0.23882769111037078,-0.14674344637900466,0.4257224685118485,1.5859035086377937,-0.9039712996260522,-0.314648685736877,-0.7064089180752354,0.8237516188119189,0.3177383884473771,-0.3269062938893755,-1.0899797112705252,-1.336793476591041,1.6054512237201366,0.7037022473560153,-0.36632619640927366,0.15464077253069694,0.34432855680729146,-1.017155459019012,-0.008195945791704323,0.3879287103059875,0.9837180443098079,0.8636145997268544,0.6423178954462492,-0.7892237645759226,-1.014284092823416,-0.7633118343055694,0.9137800143301935,1.7043485644217615,0.1835955870864614,-0.49819009358995553,-1.0503897454554223,-0.9271908228574283,-1.2632659800504642,0.937543652893027,0.9839591151155755,0.41426157367424443,0.7816336598233309,0.5292732819399302,-1.3761809504894584,-0.663499325625208,-1.4927615211989131,-0.34341199243296283,1.4727620758071753,0.9859959222965207,0.3767431999985927,0.19789544134955095,-2.0040109985726167,-0.37392768045356606,-0.4494121533974379,-0.5171953875006204,-1.1049951469404486,-0.5039960213446026,-0.1571450413944404,-0.8237150708922073,-1.527599076145962,0.32690022573123645,-0.1791675123145587,0.7188050033915162,-0.5304840841246189,0.7713854755287927,-1.3863157794110812,-0.26341463263364795,0.3169985799781733,-0.33468286268311664,0.22113940373406354,-1.8460148651254729,-1.8118673139383508,-0.5920678375696028,-1.7458366306197046,-1.271739460376994,0.6986494308786957,-0.18398413414639714,-0.1228922139792904,1.4342721247675883,0.9828120009601393,-0.1961244261155493,-0.5037251161927927,0.7935755878749492,0.695706998130676,0.4650407335103458,0.6108735886961174,-1.1679184432029084,-0.13839836051143134,0.1408168250013211,0.37799791512180986,-1.2238957696511537,-0.13658977526936567,1.1744223978417738,-0.2273043139082198,0.038159220930667606,0.5948130329394621,0.34839874044493974,-0.3345889092225058,-0.12259034822515869,0.2107180658931579,-0.9603155076062196,-0.5301145276482594,-1.3602379053236247,-0.8024914530256464,-0.4171933349600524,-0.29328264315624103,0.04189755917287841,1.6245259901393647,-0.0400471096358882,0.7173988193516556,-1.6813176050268863,0.5303924525407542,-0.47633711829274644,0.10580617267731035,-0.06523727167554977,-0.5363278088671153,-0.6045994026790559,-0.041782085303784355,-0.12098008553305467
3;27;14317.259948968887;330;843;0.057297;0.001673;0.097976/0.055966/0.10281/0.111898/0.153663/0.106885/0.057297/0.103034/0.150388/0.089172/0.110998/0.116284/0.092553/0.059644/0.069323/0.102844/0.098815/0.104187/0.087413/0.102463/0.103151/0.059915/0.148757/0.101195/0.103991/0.102511/0.125885/0.116305/0.146111/0.054365/0.080893/0.095351/0.162292/0.16308/0.138162/0.077761/0.053549/0.100592/0.150043/0.085332/0.116624/0.140786/0.099815/0.102626/0.102662/0.100584/0.116816/0.098769/0.109971/0.112736/0.153389/0.099516/0.101513/0.11565/0.120249/0.129324/0.097915/0.071908/0.058308/0.13868/0.094963/0.054358/0.11497/0.10328/0.087607/0.095342/0.092944/0.101192/0.102959/0.102092/0.134694/0.130196/0.10391/0.104879/0.056701/0.109978/0.08897/0.102995/0.1995/0.099716/0.080115/0.119597/0.119763/0.094804/0.098751/0.081194/0.057403/0.101599/0.08548/0.055065/0.159528/0.105307/0.094612/0.09665/0.06951/0.099054/0.146328/0.142987/0.064294/0.080066;0.00021/0.0/0.197456/0.21531/0.364523/0.234712/0.001673/0.332785/0.147607/0.252011/0.18601/0.086235/0.008425/0.0/0.136027/0.016954/0.003978/0.192914/0.290509/0.183342/0.032149/0.0/0.143801/0.006321/0.191556/0.224404/0.035812/0.023849/0.184748/0.0/0.021382/0.086684/0.138092/0.284456/0.119216/0.010605/0.0/0.163997/0.121243/0.020253/0.188209/0.307177/0.087143/0.159025/0.204274/0.002591/0.109912/0.0317/0.327545/0.00152/0.322467/0.343476/0.27059/0.055386/0.189615/0.116376/0.01334/0.002276/0.0/0.190265/0.011781/0.0/0.107215/0.219469/0.002553/0.002142/0.00154/2.9e-05/0.004552/0.05487/0.29814/0.128348/0.05988/0.007181/0.0/0.066278/0.000201/0.018092/0.143715/0.000134/1.9e-05/0.026612/0.14753/0.290987/0.109567/0.043854/0.0/0.347052/0.002113/0.0/0.211934/0.297251/0.001903/0.000287/0.008731/0.106794/0.185637/0.320545/0.210653/0.003117;0.153663/0.101599/0.099516/0.094804/0.087413/0.064294/0.057297/0.053549;0.364523/0.347052/0.343476/0.290987/0.290509/0.210653/0.001673/0.0;-0.8593481011193491,0.18553710380774335,-0.13971472524410672,2.5976621229288077,-0.08115855416830675,-0.5448090719655155,-2.3909935000558185,0.7352891997850042,0.8895638626292462,1.1515768193240388,-0.8309529103023838,-1.0964138038004156,-1.4386295370813462,-0.063792317488917,1.014171643843457,0.061632148798590136,-1.3383033235932933,0.006298702703224912,1.029590403921926,-0.9579976070822878,1.1749463875265957,-0.741266781967282,-0.4084133822174541,0.41926640135741783,0.28681339063920797,-1.370086378968037,0.8698267436591914,0.31310402532221615,0.9002202204609075,0.2749488283264311,0.44019830607232546,0.18517958464574064,1.4297959730492988,-1.4059130145414267,1.7420184485875154,-0.561884158682131,0.5783874466497524,-1.4151884110883461,-0.28563076259359604,-0.03434849353341904,-1.6421030429787973,-0.7456568474510801,-0.08309806335246306,0.22439659262721878,-0.799100605674644,0.14112609812335974,-0.5260436227818086,0.9072821674917467,-1.5717492397869792,-0.023873931001228532,-0.38640402993970807,-0.06329189472202786,1.8706024451036756,-0.07411540586936627,0.37660569650035153,-0.5215718995582221,-0.23871386520111715,1.2712244289516539,1.5469267253599766,0.3785730899695169,0.04017809555511043,0.3134382426800641,1.6821149847015229,-0.8591068132870178,-0.775179286200192,0.15721968476774095,-0.6781654810252499,-0.5748548849303767,-1.7897070866909313,0.3202548062246984,-0.29980612345552615,-0.11332954619787572,-1.5542703734234762,-1.0633079571170523,-0.3299373162767346,0.8370102500614419,1.070193031641173,0.4880880748557489,-1.094850649289272,1.768116449925341,1.088810838941771,-0.23493991866226516,0.00037568669485532613,-0.8576892819825408,1.6049250452255954,-0.614798540022821,1.0342523895925542,0.36954747851663206,-0.5664618488972437,0.3349812205617434,0.389124850623794,0.13401002197298367,0.8660118769006172,-0.47019049375769784,-0.028833020104389595,-0.5199353163720585,0.148893773436594,-1.446022782152467,0.933575406408879,0.4239062641227383,-0.6168995010733569,-0.7179787282736293,-0.8525136824602951,0.24090089604244863,-0.3175226585268325,0.21843563781986114,-0.2002457172046269,-0.07585429732246746,0.16711824150823607,-1.3490225769420172,0.31569759894293015,-1.6151241197332389,-0.8599619046443209,-0.22557278092214322,1.7306373036542684,-1.2502889031194269,0.2604538794187037,-1.227091695766514,0.6351110234003392,0.4542629761157463,0.9630335446291292,-0.27696823622947947,1.4013932438177585,0.19512169186409017,-0.3137598438827967,0.35100366949613476,-1.1297164564234792,-0.0869242423384688,1.0453440109965793,0.9109535421356096,-0.23547100454066733,-0.9002448809142984,0.25868311467258387,0.5971739536807185,-0.807138456866515,0.7973348892618929,-0.9292402062208274,0.39489630917628155,0.9509765096073344,1.7962769581094373,0.5015131689593803,-1.5460088754050283,0.23514066086174062,0.090586791343083,1.222943292588209,-0.14636749866943652,0.3175749706407742,0.9763392689538356,-0.43203421837781986,-0.1641647319795397,-0.8404627734331426,-1.4625479825933594,-0.5037608227352237,-0.9952687956458386,1.135084984924608,1.0257210534851633,-0.44760820568944976,0.9386424783883381;2.1622776536783306,1.9213913926612574,0.6121334615228885,1.0685456858716842,0.6433899410090825,-0.6113659710923113,1.730790564833025,-0.6767068317680148,0.20440314209021096,0.6589215023208866,0.26214072537284505,0.21131239514237196,-0.7020078101997868,-0.6394593329151992,-1.0411745481406849,-1.0619169110444662,-1.8207619306774625,1.0675791927779428,2.0797301708731526,0.6179432986848344,-0.8914596643685107,0.7450472274574848,0.31160522054662193,-0.6667654196118458,-0.30624079307959173,-0.9534497646242933,-1.1049562872275827,0.4741063433290027,-0.314349315121774,-2.0724692984435342,0.2293912654559494,0.3762357018793445,-0.12995267435806335,-0.5059212375204549,-1.15688864297975,-0.41831216419601336,-0.501202621419933,0.9173876497286809,-0.3501981237491968,0.270456674627182,0.37030148066393026,1.0033964311764025,-0.12715868624610482,-0.6941396491423506,-0.23882769111037078,-0.14674344637900466,0.4257224685118485,1.5859035086377937,-0.9039712996260522,-0.314648685736877,-0.7064089180752354,0.8237516188119189,0.3177383884473771,-0.3269062938893755,-1.0899797112705252,-1.336793476591041,1.6054512237201366,0.7037022473560153,-0.36632619640927366,0.15464077253069694,0.34432855680729146,-1.017155459019012,-0.008195945791704323,0.3879287103059875,0.9837180443098079,0.8636145997268544,0.6423178954462492,-0.7892237645759226,-1.014284092823416,-0.7633118343055694,0.9137800143301935,1.7043485644217615,0.1835955870864614,-0.49819009358995553,-1.0503897454554223,-0.9271908228574283,-1.2632659800504642,0.937543652893027,0.9839591151155755,0.41426157367424443,0.7816336598233309,0.5292732819399302,-1.3761809504894584,-0.663499325625208,-1.4927615211989131,-0.34341199243296283,1.4727620758071753,0.9859959222965207,0.3767431999985927,0.19789544134955095,-2.0040109985726167,-0.37392768045356606,-0.4494121533974379,-0.5171953875006204,-1.1049951469404486,-0.5039960213446026,-0.1571450413944404,-0.8237150708922073,-1.527599076145962,0.32690022573123645,-0.1791675123145587,0.7188050033915162,-0.5304840841246189,0.7713854755287927,-1.3863157794110812,-0.26341463263364795,0.3169985799781733,-0.33468286268311664,0.22113940373406354,-1.8460148651254729,-1.8118673139383508,-0.5920678375696028,-1.7458366306197046,-1.271739460376994,0.6986494308786957,-0.18398413414639714,-0.1228922139792904,1.4342721247675883,0.9828120009601393,-0.1961244261155493,-0.5037251161927927,0.7935755878749492,0.695706998130676,0.4650407335103458,0.6108735886961174,-1.1679184432029084,-0.13839836051143134,0.1408168250013211,0.37799791512180986,-1.2238957696511537,-0.13658977526936567,1.1744223978417738,-0.2273043139082198,0.038159220930667606,0.5948130329394621,0.34839874044493974,-0.3345889092225058,-0.12259034822515869,0.2107180658931579,-0.9603155076062196,-0.5301145276482594,-1.3602379053236247,-0.8024914530256464,-0.4171933349600524,-0.29328264315624103,0.04189755917287841,1.6245259901393647,-0.0400471096358882,0.7173988193516556,-1.6813176050268863,0.5303924525407542,-0.47633711829274644,0.10580617267731035,-0.06523727167554977,-0.5363278088671153,-0.6045994026790559,-0.041782085303784355,-0.12098008553305467
3;28;14838.743574142456;330;1417;0.053087;0.165537;0.097976/0.055966/0.10281/0.111898/0.153663/0.106885/0.057297/0.103034/0.150388/0.089172/0.110998/0.116284/0.092553/0.059644/0.069323/0.102844/0.098815/0.104187/0.087413/0.102463/0.103151/0.148757/0.101195/0.103991/0.102511/0.146111/0.054365/0.080893/0.095351/0.16308/0.077761/0.053549/0.100592/0.085332/0.116624/0.140786/0.099815/0.102626/0.102662/0.100584/0.116816/0.098769/0.109971/0.112736/0.153389/0.099516/0.101513/0.11565/0.120249/0.129324/0.097915/0.071908/0.058308/0.13868/0.094963/0.054358/0.11497/0.10328/0.087607/0.095342/0.092944/0.102959/0.102092/0.134694/0.130196/0.10391/0.104879/0.056701/0.109978/0.08897/0.102995/0.099716/0.080115/0.119763/0.094804/0.098751/0.081194/0.057403/0.101599/0.08548/0.055065/0.159528/0.105307/0.094612/0.09665/0.06951/0.099054/0.146328/0.142987/0.064294/0.080066/0.082657/0.053087/0.084543/0.138285/0.105876/0.101809/0.158041/0.140608/0.091413;0.00021/0.0/0.197456/0.21531/0.364523/0.234712/0.001673/0.332785/0.147607/0.252011/0.18601/0.086235/0.008425/0.0/0.136027/0.016954/0.003978/0.192914/0.290509/0.183342/0.032149/0.143801/0.006321/0.191556/0.224404/0.184748/0.0/0.021382/0.086684/0.284456/0.010605/0.0/0.163997/0.020253/0.188209/0.307177/0.087143/0.159025/0.204274/0.002591/0.109912/0.0317/0.327545/0.00152/0.322467/0.343476/0.27059/0.055386/0.189615/0.116376/0.01334/0.002276/0.0/0.190265/0.011781/0.0/0.107215/0.219469/0.002553/0.002142/0.00154/0.004552/0.05487/0.29814/0.128348/0.05988/0.007181/0.0/0.066278/0.000201/0.018092/0.000134/1.9e-05/0.14753/0.290987/0.109567/0.043854/0.0/0.347052/0.002113/0.0/0.211934/0.297251/0.001903/0.000287/0.008731/0.106794/0.185637/0.320545/0.210653/0.003117/0.00021/0.165537/0.223715/0.329486/0.184958/0.005298/0.189051/0.340655/9.6e-05;0.153663/0.101599/0.099516/0.094804/0.087413/0.084543/0.064294/0.053087;0.364523/0.347052/0.343476/0.290987/0.290509/0.223715/0.210653/0.165537;-0.8593481011193491,0.18553710380774335,-0.13971472524410672,2.5976621229288077,-0.08115855416830675,-0.5448090719655155,-2.3909935000558185,0.7352891997850042,0.8895638626292462,1.1515768193240388,-0.8309529103023838,-1.0964138038004156,-1.4386295370813462,-0.063792317488917,1.014171643843457,0.061632148798590136,-1.3383033235932933,0.006298702703224912,1.029590403921926,-0.9579976070822878,1.1749463875265957,-0.741266781967282,-0.4084133822174541,0.41926640135741783,0.28681339063920797,-1.370086378968037,0.8698267436591914,0.31310402532221615,0.9002202204609075,0.2749488283264311,0.44019830607232546,0.18517958464574064,1.4297959730492988,-1.4059130145414267,1.7420184485875154,-0.561884158682131,0.5783874466497524,-1.4151884110883461,-0.28563076259359604,-0.03434849353341904,-1.6421030429787973,-0.7456568474510801,-0.08309806335246306,0.22439659262721878,-0.799100605674644,0.14112609812335974,-0.5260436227818086,0.9072821674917467,-1.5717492397869792,-0.023873931001228532,-0.38640402993970807,-0.06329189472202786,1.8706024451036756,-0.07411540586936627,0.37660569650035153,-0.5215718995582221,-0.23871386520111715,1.2712244289516539,1.5469267253599766,0.3785730899695169,0.04017809555511043,0.3134382426800641,1.6821149847015229,-0.8591068132870178,-0.775179286200192,0.15721968476774095,-0.6781654810252499,-0.5748548849303767,-1.7897070866909313,0.3202548062246984,-0.29980612345552615,-0.11332954619787572,-1.5542703734234762,-1.0633079571170523,-0.3299373162767346,0.8370102500614419,1.070193031641173,0.4880880748557489,-1.094850649289272,1.768116449925341,1.088810838941771,-0.23493991866226516,0.00037568669485532613,-0.8576892819825408,1.6049250452255954,-0.614798540022821,1.0342523895925542,0.36954747851663206,-0.5664618488972437,0.3349812205617434,0.389124850623794,0.13401002197298367,0.8660118769006172,-0.47019049375769784,-0.028833020104389595,-0.5199353163720585,0.148893773436594,-1.446022782152467,0.933575406408879,0.4239062641227383,-0.6168995010733569,-0.7179787282736293,-0.8525136824602951,0.24090089604244863,-0.3175226585268325,0.21843563781986114,-0.2002457172046269,-0.07585429732246746,0.16711824150823607,-1.3490225769420172,0.31569759894293015,-1.6151241197332389,-0.8599619046443209,-0.22557278092214322,1.7306373036542684,-1.2502889031194269,0.2604538794187037,-1.227091695766514,0.6351110234003392,0.4542629761157463,0.9630335446291292,-0.27696823622947947,1.4013932438177585,0.19512169186409017,-0.3137598438827967,0.35100366949613476,-1.1297164564234792,-0.0869242423384688,1.0453440109965793,0.9109535421356096,-0.23547100454066733,-0.9002448809142984,0.25868311467258387,0.5971739536807185,-0.807138456866515,0.7973348892618929,-0.9292402062208274,0.39489630917628155,0.9509765096073344,1.7962769581094373,0.5015131689593803,-1.5460088754050283,0.23514066086174062,0.090586791343083,1.222943292588209,-0.14636749866943652,0.3175749706407742,0.9763392689538356,-0.43203421837781986,-0.1641647319795397,-0.8404627734331426,-1.4625479825933594,-0.5037608227352237,-0.9952687956458386,1.135084984924608,1.0257210534851633,-0.44760820568944976,0.9386424783883381;1.7086592364931041,1.7848832186585015,0.7641336785970623,0.6081747668836668,0.49735716911331296,-0.6611095383258565,1.4766557714800763,-0.7673063822791646,0.7751699972326712,1.1614620679184564,0.2763967168411397,0.05068692957686108,-1.0083040918323896,-1.007997789934322,-0.9308360443028726,-0.8442736227994808,-1.5681748930820234,0.5543601948880859,2.309537009216548,0.9049170380780733,-0.7133840250982595,0.21751996971048393,0.15946089460418744,-1.1082938898654633,-0.403905681366287,-1.4883132793370883,-1.3455340804680909,0.1558550039187448,-0.407389387723912,-2.556099629654668,-0.298563595618435,0.04443434560709336,0.30196383320575715,-0.8149911176231847,-1.8409625224219948,-0.325680203690089,-1.026285781993432,0.37282279008840447,-0.9645153897484785,0.09412162869689619,0.5413698046231397,1.1997617439268191,0.29647305353543146,-0.444837980520954,-0.176172192258281,-0.5034253470360599,0.11801399867124301,1.9384015626528188,-1.4059448125791447,-0.6934752480731123,-0.3852820357053448,0.5395033604813562,0.11720459132382649,-0.837271584360874,-1.1575810120701642,-1.8078376350317709,1.96510149506864,0.8480784659377968,-0.022749419017297712,0.5454068996634784,0.7491388548816822,-0.9862465124186072,-0.3497605341780192,0.6079335972712102,1.923876784453113,1.0316386904853525,1.194203557041065,-0.1698563474657061,-0.3611087654839624,-0.5313837237100857,0.7496014803367013,1.2106217622113131,0.12442999330779926,-0.2531769313243838,-1.5294892770053772,-0.8388936815894475,-1.5170031724770048,0.6359456823821414,1.2699789010274398,0.8515377071224639,0.885241014278837,0.3910984578416591,-1.7647132952539104,-0.6807086775734609,-2.1103587219219495,-0.15502592810117466,1.3792311616071626,0.7086482256526747,0.4137055912588074,0.981941706599871,-2.28646110851908,-0.6461963198331178,-0.5176888166040974,-0.8702396105799453,-0.9558504952629631,0.17633368858119058,-0.39389335022627336,-0.9104672741465994,-1.2581340084585122,0.10724827510435292,-0.25968747111131807,0.3432035687369524,-0.6288483912945843,0.8814218510360758,-1.5933401447910858,0.30281005876279765,0.7200507818217812,-0.5698030111673313,0.36865668668372265,-1.7279861706068358,-2.233934612741783,-0.07811949669007734,-2.3344813859802076,-1.282867127033449,0.6783023834061807,-0.1831061407141985,-0.4468755332894894,1.4673850466653124,1.395023380862571,-0.400068016587515,-0.038809606974714084,0.5170323203267118,1.1532475855770215,0.5423648115970212,0.8676906676297658,-1.357043786700122,-0.07056344080903236,0.056619051432268336,0.20301404402991496,-1.0265741854081445,0.14123688291652758,1.4575894016408357,-0.18036989577416704,-0.16324851839466553,0.5660234300770022,0.6293871753793938,-0.3704159433302464,-0.2521779361267693,0.40892978632446186,-0.6317701791839779,-0.2820188324210753,-1.698896122491067,0.0445551783070649,-1.305098555886937,-0.2698445664425465,0.15398320284158776,1.4026512278104668,0.301445006997364,0.8493414027792814,-2.403494561030108,0.9046347208877741,-0.3937044866396708,-0.5013569757167775,-0.33606091274392347,-0.8947595978484069,-0.6524475342023859,-0.24130565791743422,-0.13580634321918794
3;29;15369.716287374496;330;1484;0.048803;0.0;0.097976/0.055966/0.10281/0.111898/0.153663/0.106885/0.057297/0.103034/0.150388/0.089172/0.110998/0.092553/0.069323/0.102844/0.098815/0.104187/0.087413/0.102463/0.103151/0.148757/0.101195/0.103991/0.102511/0.146111/0.054365/0.080893/0.095351/0.16308/0.077761/0.053549/0.100592/0.085332/0.116624/0.140786/0.099815/0.102626/0.102662/0.100584/0.116816/0.098769/0.109971/0.153389/0.099516/0.101513/0.120249/0.129324/0.097915/0.071908/0.058308/0.13868/0.094963/0.054358/0.11497/0.10328/0.087607/0.095342/0.092944/0.102092/0.134694/0.130196/0.10391/0.104879/0.056701/0.109978/0.08897/0.102995/0.080115/0.119763/0.094804/0.098751/0.081194/0.057403/0.101599/0.08548/0.055065/0.159528/0.105307/0.094612/0.09665/0.06951/0.099054/0.146328/0.142987/0.064294/0.080066/0.082657/0.053087/0.084543/0.138285/0.105876/0.101809/0.158041/0.140608/0.091413/0.080478/0.100871/0.063066/0.048803/0.140855/0.119534;0.00021/0.0/0.197456/0.21531/0.364523/0.234712/0.001673/0.332785/0.147607/0.252011/0.18601/0.008425/0.136027/0.016954/0.003978/0.192914/0.290509/0.183342/0.032149/0.143801/0.006321/0.191556/0.224404/0.184748/0.0/0.021382/0.086684/0.284456/0.010605/0.0/0.163997/0.020253/0.188209/0.307177/0.087143/0.159025/0.204274/0.002591/0.109912/0.0317/0.327545/0.322467/0.343476/0.27059/0.189615/0.116376/0.01334/0.002276/0.0/0.190265/0.011781/0.0/0.107215/0.219469/0.002553/0.002142/0.00154/0.05487/0.29814/0.128348/0.05988/0.007181/0.0/0.066278/0.000201/0.018092/1.9e-05/0.14753/0.290987/0.109567/0.043854/0.0/0.347052/0.002113/0.0/0.211934/0.297251/0.001903/0.000287/0.008731/0.106794/0.185637/0.320545/0.210653/0.003117/0.00021/0.165537/0.223715/0.329486/0.184958/0.005298/0.189051/0.340655/9.6e-05/2.9e-05/0.041253/0.240717/0.0/0.288042/0.136983;0.153663/0.101599/0.099516/0.094804/0.087413/0.063066/0.053087/0.048803;0.364523/0.347052/0.343476/0.290987/0.290509/0.240717/0.165537/0.0;-0.8593481011193491,0.18553710380774335,-0.13971472524410672,2.5976621229288077,-0.08115855416830675,-0.5448090719655155,-2.3909935000558185,0.7352891997850042,0.8895638626292462,1.1515768193240388,-0.8309529103023838,-1.0964138038004156,-1.4386295370813462,-0.063792317488917,1.014171643843457,0.061632148798590136,-1.3383033235932933,0.006298702703224912,1.029590403921926,-0.9579976070822878,1.1749463875265957,-0.741266781967282,-0.4084133822174541,0.41926640135741783,0.28681339063920797,-1.370086378968037,0.8698267436591914,0.31310402532221615,0.9002202204609075,0.2749488283264311,0.44019830607232546,0.18517958464574064,1.4297959730492988,-1.4059130145414267,1.7420184485875154,-0.561884158682131,0.5783874466497524,-1.4151884110883461,-0.28563076259359604,-0.03434849353341904,-1.6421030429787973,-0.7456568474510801,-0.08309806335246306,0.22439659262721878,-0.799100605674644,0.14112609812335974,-0.5260436227818086,0.9072821674917467,-1.5717492397869792,-0.023873931001228532,-0.38640402993970807,-0.06329189472202786,1.8706024451036756,-0.07411540586936627,0.37660569650035153,-0.5215718995582221,-0.23871386520111715,1.2712244289516539,1.5469267253599766,0.3785730899695169,0.04017809555511043,0.3134382426800641,1.6821149847015229,-0.8591068132870178,-0.775179286200192,0.15721968476774095,-0.6781654810252499,-0.5748548849303767,-1.7897070866909313,0.3202548062246984,-0.29980612345552615,-0.11332954619787572,-1.5542703734234762,-1.0633079571170523,-0.3299373162767346,0.8370102500614419,1.070193031641173,0.4880880748557489,-1.094850649289272,1.768116449925341,1.088810838941771,-0.23493991866226516,0.00037568669485532613,-0.8576892819825408,1.6049250452255954,-0.614798540022821,1.0342523895925542,0.36954747851663206,-0.5664618488972437,0.3349812205617434,0.389124850623794,0.13401002197298367,0.8660118769006172,-0.47019049375769784,-0.028833020104389595,-0.5199353163720585,0.148893773436594,-1.446022782152467,0.933575406408879,0.4239062641227383,-0.6168995010733569,-0.7179787282736293,-0.8525136824602951,0.24090089604244863,-0.3175226585268325,0.21843563781986114,-0.2002457172046269,-0.07585429732246746,0.16711824150823607,-1.3490225769420172,0.31569759894293015,-1.6151241197332389,-0.8599619046443209,-0.22557278092214322,1.7306373036542684,-1.2502889031194269,0.2604538794187037,-1.227091695766514,0.6351110234003392,0.4542629761157463,0.9630335446291292,-0.27696823622947947,1.4013932438177585,0.19512169186409017,-0.3137598438827967,0.35100366949613476,-1.1297164564234792,-0.0869242423384688,1.0453440109965793,0.9109535421356096,-0.23547100454066733,-0.9002448809142984,0.25868311467258387,0.5971739536807185,-0.807138456866515,0.7973348892618929,-0.9292402062208274,0.39489630917628155,0.9509765096073344,1.7962769581094373,0.5015131689593803,-1.5460088754050283,0.23514066086174062,0.090586791343083,1.222943292588209,-0.14636749866943652,0.3175749706407742,0.9763392689538356,-0.43203421837781986,-0.1641647319795397,-0.8404627734331426,-1.4625479825933594,-0.5037608227352237,-0.9952687956458386,1.135084984924608,1.0257210534851633,-0.44760820568944976,0.9386424783883381;1.6129200755454733,1.5674311779466024,0.948221167868835,0.5094352505218451,0.3536034562136767,-0.22040874322680698,1.6622741227625366,-1.010559915915565,1.228395484519289,0.8176145142553797,-0.04777226905962112,-0.5863396007861534,-0.7256686418469303,-0.47903029485418247,-1.214985806950809,-0.7625340095445953,-1.7152568232462928,1.1126759667359827,2.27891237234259,0.49723158832273545,-0.9571008690893378,0.554270623583486,0.08406982316076862,-1.151731601633847,-0.5497198599669926,-1.4162323824401815,-0.7281350594014292,0.1372014872954804,-0.7051929602770346,-2.911502519039403,0.12522087195686293,0.7461321322619489,0.39521511796956044,-0.3729516330010463,-1.2371178919547623,0.7350255513174138,-1.4433201067776036,0.5629758407326482,-1.5954156656934182,-0.14027053015679486,0.5461440254052581,0.9765430232358449,0.2044156887013677,-0.6039130299401125,-0.503251765131796,0.18389343624239451,0.3754319824521989,2.155820121441151,-1.3693820804132704,-1.4364479228094256,-0.4936183557781647,0.14092100649578393,0.2722607401303635,-0.8641471700497183,-1.1939203598020356,-2.1000505628679393,2.220928359447662,1.1756994462290231,0.24078348196303273,0.642019974657997,0.9549746591982748,-0.899436550106452,-0.4051571844132069,0.48882859341795704,2.216355200392451,0.9992901741555736,0.9872272209598478,-0.33837770643869114,-0.4060916098800185,-0.37353427137839706,0.41789432278503846,1.5099108877363394,0.2535011025634512,-0.29632505944008036,-1.4068317087231905,-0.5221457363525871,-1.0938943492761837,0.44694052510067345,0.6380298326976793,0.9582558814939317,1.0706780755732412,1.2294774722343094,-1.998728335653956,-0.18371083484871165,-1.9571409672452493,0.22891114633389142,1.0408032429698753,1.1403495505737957,0.4421025057347121,0.718192671254211,-2.419764266509521,-0.9347711423787942,-0.7509568250719526,-0.725333874967602,-1.2269860621078643,0.462357025372487,-0.2378365103968981,-0.7063402122242796,-1.7029918180252124,-0.3652150551856287,-0.4154025538667492,-0.26342744380815014,-0.46808460803390106,0.6680789740606324,-1.7884433474749197,0.5266134345479598,0.3848420256809296,-0.5386122381958538,0.6282769498368024,-1.5036243138409597,-3.096945811775848,-0.1694806367572902,-2.4926461654690613,-0.8499729882562459,0.09297391721560133,-0.29918590487914665,-0.4806920789559077,2.1399002412259085,1.4449870749291878,-0.4054082063168377,-0.15008749933475957,0.85929028285007,0.8800992406195405,0.861956252246838,0.9053520747795788,-1.0014292747184195,0.17472319624395266,-0.08603344177617478,0.6448170624165986,-1.2015361213542133,0.42858946127459446,1.0755439839724947,-0.24882569439475988,0.06047868566281961,0.6488833305606119,0.6911596845216773,0.08966531974217112,0.6060117596145538,0.07179162414675844,-0.8221892642867094,-0.35896737749788904,-1.4438511647039147,0.4856465720995238,-1.6099496392244366,-0.5126150376088392,0.404485455470603,1.1106049555272048,0.01212106924620221,0.5664986650696668,-2.5572818103210135,0.7895422508694574,-0.1821252901743785,-0.41270196184256425,-0.4294107943249559,-0.969084335007399,-0.43679605329005455,-0.9039676486793023,-0.07602277987289023
3;30;15894.91465973854;1534;1484;0.048803;0.0;0.097976/0.055966/0.10281/0.111898/0.153663/0.106885/0.057297/0.103034/0.089172/0.110998/0.092553/0.069323/0.102844/0.098815/0.104187/0.087413/0.102463/0.103151/0.101195/0.103991/0.102511/0.146111/0.054365/0.080893/0.095351/0.16308/0.077761/0.053549/0.100592/0.085332/0.116624/0.140786/0.099815/0.102626/0.102662/0.100584/0.116816/0.098769/0.109971/0.153389/0.099516/0.101513/0.120249/0.097915/0.071908/0.13868/0.094963/0.054358/0.11497/0.10328/0.087607/0.095342/0.092944/0.102092/0.134694/0.10391/0.056701/0.109978/0.08897/0.102995/0.080115/0.119763/0.094804/0.098751/0.081194/0.057403/0.101599/0.08548/0.055065/0.159528/0.105307/0.094612/0.09665/0.06951/0.099054/0.146328/0.142987/0.064294/0.080066/0.082657/0.053087/0.084543/0.138285/0.105876/0.101809/0.158041/0.140608/0.091413/0.080478/0.100871/0.063066/0.048803/0.140855/0.119534/0.04952/0.116518/0.102286/0.150514/0.147375/0.101866;0.00021/0.0/0.197456/0.21531/0.364523/0.234712/0.001673/0.332785/0.252011/0.18601/0.008425/0.136027/0.016954/0.003978/0.192914/0.290509/0.183342/0.032149/0.006321/0.191556/0.224404/0.184748/0.0/0.021382/0.086684/0.284456/0.010605/0.0/0.163997/0.020253/0.188209/0.307177/0.087143/0.159025/0.204274/0.002591/0.109912/0.0317/0.327545/0.322467/0.343476/0.27059/0.189615/0.01334/0.002276/0.190265/0.011781/0.0/0.107215/0.219469/0.002553/0.002142/0.00154/0.05487/0.29814/0.05988/0.0/0.066278/0.000201/0.018092/1.9e-05/0.14753/0.290987/0.109567/0.043854/0.0/0.347052/0.002113/0.0/0.211934/0.297251/0.001903/0.000287/0.008731/0.106794/0.185637/0.320545/0.210653/0.003117/0.00021/0.165537/0.223715/0.329486/0.184958/0.005298/0.189051/0.340655/9.6e-05/2.9e-05/0.041253/0.240717/0.0/0.288042/0.136983/0.0/0.259833/0.357103/0.150179/0.367583/0.202668;0.147375/0.102286/0.101599/0.099516/0.094804/0.087413/0.063066/0.053087/0.048803;0.367583/0.357103/0.347052/0.343476/0.290987/0.290509/0.240717/0.165537/0.0;-0.9571458981660765,-1.106079698362763,-0.5679107970636667,2.5291400921984675,-0.4379099656573562,-0.5535503609701643,-2.6491803865400394,1.307146428754024,0.9078677379717597,1.458570511043683,-0.5315310299696561,-0.9375770547709559,-2.2562111933534426,0.39310858617623573,0.49357763056351545,0.08118122033387312,-1.6939444870073408,0.36638354924176203,1.0720644056839541,-0.21010562958706058,1.1446767911940738,-0.5646231621392868,-0.227445722353258,1.4227379566372982,0.38310655876597566,-1.8300334530056015,1.270197352008617,0.33187114281060515,1.6522306088871153,0.20957765204957446,1.110269917429348,-0.5939899518032798,1.9267688474688682,-0.9457698621178283,2.4152458376797945,0.6600864988091067,0.4072612700618921,-1.3357691397487463,-0.40563491784232,-0.06052425984979121,-1.599817805781523,-1.4933389329326974,-0.5759914648461056,-0.49395370060546345,0.17915247217902125,-0.1604800479496854,-0.19347619750172346,-0.40400704409522964,-1.3935266993719917,-0.23756528594246332,-1.0240755727270867,0.6938715763017127,1.9527944934846464,-0.4482007111387864,-1.017769710384174,-1.0727368238642934,-1.0775319830716494,1.1217943059876145,1.5737185175685329,1.1210708690250466,0.015672259742154325,0.8565002819514438,2.1141417646884895,-1.0135224127730023,-0.7670405327148719,-0.28631168945112345,0.3336856252140936,-0.5477109991443312,-1.8347091260217119,-0.012551128834424996,-1.1486213701984838,-0.35510064692940535,-1.703286408260718,-0.6776595069442986,-0.852052449822343,0.8975995954104894,1.037299523894423,0.6621581771698792,-2.085410927292781,1.306480247119746,0.8054301529394599,0.3175060071603506,0.8971374985660293,-0.000878409124026619,1.796445627182154,0.05501401394795685,0.8091484426157132,0.39347386067912815,0.05352091837732153,0.05918712562917963,1.0708166819484117,0.7150938968640834,1.9254214872687128,-0.27830108636276035,-0.1862174508915877,0.20709547350484975,0.8278109648669654,-2.0184333310222926,2.437395997893387,1.3564121675096223,-0.7934783172265103,-1.1572766499397011,-0.8397925244563167,-0.11351270780827974,0.08468765429371664,0.8511658264775558,-0.7319194716401562,0.36067534087434183,-0.6631318953640961,-1.1943860037988405,-0.6058656472525374,-2.0800092323208674,-0.7409855376931048,-0.922536254005683,0.7832480102077877,-0.22278300151775104,0.5369749239380313,-0.6420129533662825,0.08366585784069785,-0.23217807453068592,0.39485696393935976,-0.48199373087843334,2.166255695284676,0.5784238726928521,-1.2937387402485243,1.46173796955652,-0.9688497711569164,0.1770777777052026,0.6774525480557938,2.085512120032453,0.09530921461836583,-1.9411911735787575,-0.5125260323991242,1.3820299158834204,-0.49844128935928994,0.9965518586052067,-1.131574010835702,0.3505112233432049,0.7108176748952628,1.732285928457238,-0.2945885006078601,-1.6434579326284595,-0.0649905942177827,-0.6656241624579502,0.2935411197542101,-0.3973633780182283,-1.6931362469487201,0.2592768129002938,-0.7531308563450861,-0.4552528145466348,-0.9835117727412332,-1.5255222088655511,-0.3823885002391142,-1.3527978566560463,1.5749607581011262,0.7242081951511526,0.057961600121033685,1.1452869884564312;1.6129200755454733,1.5674311779466024,0.948221167868835,0.5094352505218451,0.3536034562136767,-0.22040874322680698,1.6622741227625366,-1.010559915915565,1.228395484519289,0.8176145142553797,-0.04777226905962112,-0.5863396007861534,-0.7256686418469303,-0.47903029485418247,-1.214985806950809,-0.7625340095445953,-1.7152568232462928,1.1126759667359827,2.27891237234259,0.49723158832273545,-0.9571008690893378,0.554270623583486,0.08406982316076862,-1.151731601633847,-0.5497198599669926,-1.4162323824401815,-0.7281350594014292,0.1372014872954804,-0.7051929602770346,-2.911502519039403,0.12522087195686293,0.7461321322619489,0.39521511796956044,-0.3729516330010463,-1.2371178919547623,0.7350255513174138,-1.4433201067776036,0.5629758407326482,-1.5954156656934182,-0.14027053015679486,0.5461440254052581,0.9765430232358449,0.2044156887013677,-0.6039130299401125,-0.503251765131796,0.18389343624239451,0.3754319824521989,2.155820121441151,-1.3693820804132704,-1.4364479228094256,-0.4936183557781647,0.14092100649578393,0.2722607401303635,-0.8641471700497183,-1.1939203598020356,-2.1000505628679393,2.220928359447662,1.1756994462290231,0.24078348196303273,0.642019974657997,0.9549746591982748,-0.899436550106452,-0.4051571844132069,0.48882859341795704,2.216355200392451,0.9992901741555736,0.9872272209598478,-0.33837770643869114,-0.4060916098800185,-0.37353427137839706,0.41789432278503846,1.5099108877363394,0.2535011025634512,-0.29632505944008036,-1.4068317087231905,-0.5221457363525871,-1.0938943492761837,0.44694052510067345,0.6380298326976793,0.9582558814939317,1.0706780755732412,1.2294774722343094,-1.998728335653956,-0.18371083484871165,-1.9571409672452493,0.22891114633389142,1.0408032429698753,1.1403495505737957,0.4421025057347121,0.718192671254211,-2.419764266509521,-0.9347711423787942,-0.7509568250719526,-0.725333874967602,-1.2269860621078643,0.462357025372487,-0.2378365103968981,-0.7063402122242796,-1.7029918180252124,-0.3652150551856287,-0.4154025538667492,-0.26342744380815014,-0.46808460803390106,0.6680789740606324,-1.7884433474749197,0.5266134345479598,0.3848420256809296,-0.5386122381958538,0.6282769498368024,-1.5036243138409597,-3.096945811775848,-0.1694806367572902,-2.4926461654690613,-0.8499729882562459,0.09297391721560133,-0.29918590487914665,-0.4806920789559077,2.1399002412259085,1.4449870749291878,-0.4054082063168377,-0.15008749933475957,0.85929028285007,0.8800992406195405,0.861956252246838,0.9053520747795788,-1.0014292747184195,0.17472319624395266,-0.08603344177617478,0.6448170624165986,-1.2015361213542133,0.42858946127459446,1.0755439839724947,-0.24882569439475988,0.06047868566281961,0.6488833305606119,0.6911596845216773,0.08966531974217112,0.6060117596145538,0.07179162414675844,-0.8221892642867094,-0.35896737749788904,-1.4438511647039147,0.4856465720995238,-1.6099496392244366,-0.5126150376088392,0.404485455470603,1.1106049555272048,0.01212106924620221,0.5664986650696668,-2.5572818103210135,0.7895422508694574,-0.1821252901743785,-0.41270196184256425,-0.4294107943249559,-0.969084335007399,-0.43679605329005455,-0.9039676486793023,-0.07602277987289023
3;31;16418.874739170074;1534;1484;0.048803;0.0;0.055966/0.10281/0.111898/0.153663/0.106885/0.057297/0.103034/0.089172/0.110998/0.092553/0.069323/0.102844/0.098815/0.104187/0.087413/0.102463/0.103151/0.101195/0.103991/0.102511/0.146111/0.054365/0.080893/0.095351/0.16308/0.077761/0.053549/0.100592/0.085332/0.116624/0.140786/0.099815/0.102626/0.102662/0.100584/0.116816/0.098769/0.109971/0.153389/0.099516/0.101513/0.120249/0.097915/0.071908/0.13868/0.094963/0.054358/0.11497/0.10328/0.087607/0.095342/0.092944/0.102092/0.134694/0.10391/0.056701/0.109978/0.08897/0.102995/0.080115/0.119763/0.094804/0.098751/0.081194/0.057403/0.101599/0.08548/0.055065/0.159528/0.105307/0.094612/0.09665/0.06951/0.099054/0.146328/0.142987/0.064294/0.080066/0.082657/0.053087/0.084543/0.138285/0.105876/0.158041/0.140608/0.091413/0.080478/0.100871/0.063066/0.048803/0.140855/0.119534/0.04952/0.116518/0.102286/0.147375/0.101866/0.055179/0.139001/0.162505;0.0/0.197456/0.21531/0.364523/0.234712/0.001673/0.332785/0.252011/0.18601/0.008425/0.136027/0.016954/0.003978/0.192914/0.290509/0.183342/0.032149/0.006321/0.191556/0.224404/0.184748/0.0/0.021382/0.086684/0.284456/0.010605/0.0/0.163997/0.020253/0.188209/0.307177/0.087143/0.159025/0.204274/0.002591/0.109912/0.0317/0.327545/0.322467/0.343476/0.27059/0.189615/0.01334/0.002276/0.190265/0.011781/0.0/0.107215/0.219469/0.002553/0.002142/0.00154/0.05487/0.29814/0.05988/0.0/0.066278/0.000201/0.018092/1.9e-05/0.14753/0.290987/0.109567/0.043854/0.0/0.347052/0.002113/0.0/0.211934/0.297251/0.001903/0.000287/0.008731/0.106794/0.185637/0.320545/0.210653/0.003117/0.00021/0.165537/0.223715/0.329486/0.184958/0.189051/0.340655/9.6e-05/2.9e-05/0.041253/0.240717/0.0/0.288042/0.136983/0.0/0.259833/0.357103/0.367583/0.202668/0.036223/0.26624/0.361262;0.147375/0.102286/0.101599/0.099516/0.094804/0.087413/0.063066/0.053087/0.048803;0.367583/0.357103/0.347052/0.343476/0.290987/0.290509/0.240717/0.165537/0.0;-0.9571458981660765,-1.106079698362763,-0.5679107970636667,2.5291400921984675,-0.4379099656573562,-0.5535503609701643,-2.6491803865400394,1.307146428754024,0.9078677379717597,1.458570511043683,-0.5315310299696561,-0.9375770547709559,-2.2562111933534426,0.39310858617623573,0.49357763056351545,0.08118122033387312,-1.6939444870073408,0.36638354924176203,1.0720644056839541,-0.21010562958706058,1.1446767911940738,-0.5646231621392868,-0.227445722353258,1.4227379566372982,0.38310655876597566,-1.8300334530056015,1.270197352008617,0.33187114281060515,1.6522306088871153,0.20957765204957446,1.110269917429348,-0.5939899518032798,1.9267688474688682,-0.9457698621178283,2.4152458376797945,0.6600864988091067,0.4072612700618921,-1.3357691397487463,-0.40563491784232,-0.06052425984979121,-1.599817805781523,-1.4933389329326974,-0.5759914648461056,-0.49395370060546345,0.17915247217902125,-0.1604800479496854,-0.19347619750172346,-0.40400704409522964,-1.3935266993719917,-0.23756528594246332,-1.0240755727270867,0.6938715763017127,1.9527944934846464,-0.4482007111387864,-1.017769710384174,-1.0727368238642934,-1.0775319830716494,1.1217943059876145,1.5737185175685329,1.1210708690250466,0.015672259742154325,0.8565002819514438,2.1141417646884895,-1.0135224127730023,-0.7670405327148719,-0.28631168945112345,0.3336856252140936,-0.5477109991443312,-1.8347091260217119,-0.012551128834424996,-1.1486213701984838,-0.35510064692940535,-1.703286408260718,-0.6776595069442986,-0.852052449822343,0.8975995954104894,1.037299523894423,0.6621581771698792,-2.085410927292781,1.306480247119746,0.8054301529394599,0.3175060071603506,0.8971374985660293,-0.000878409124026619,1.796445627182154,0.05501401394795685,0.8091484426157132,0.39347386067912815,0.05352091837732153,0.05918712562917963,1.0708166819484117,0.7150938968640834,1.9254214872687128,-0.27830108636276035,-0.1862174508915877,0.20709547350484975,0.8278109648669654,-2.0184333310222926,2.437395997893387,1.3564121675096223,-0.7934783172265103,-1.1572766499397011,-0.8397925244563167,-0.11351270780827974,0.08468765429371664,0.8511658264775558,-0.7319194716401562,0.36067534087434183,-0.6631318953640961,-1.1943860037988405,-0.6058656472525374,-2.0800092323208674,-0.7409855376931048,-0.922536254005683,0.7832480102077877,-0.22278300151775104,0.5369749239380313,-0.6420129533662825,0.08366585784069785,-0.23217807453068592,0.39485696393935976,-0.48199373087843334,2.166255695284676,0.5784238726928521,-1.2937387402485243,1.46173796955652,-0.9688497711569164,0.1770777777052026,0.6774525480557938,2.085512120032453,0.09530921461836583,-1.9411911735787575,-0.5125260323991242,1.3820299158834204,-0.49844128935928994,0.9965518586052067,-1.131574010835702,0.3505112233432049,0.7108176748952628,1.732285928457238,-0.2945885006078601,-1.6434579326284595,-0.0649905942177827,-0.6656241624579502,0.2935411197542101,-0.3973633780182283,-1.6931362469487201,0.2592768129002938,-0.7531308563450861,-0.4552528145466348,-0.9835117727412332,-1.5255222088655511,-0.3823885002391142,-1.3527978566560463,1.5749607581011262,0.7242081951511526,0.057961600121033685,1.1452869884564312;1.6129200755454733,1.5674311779466024,0.948221167868835,0.5094352505218451,0.3536034562136767,-0.22040874322680698,1.6622741227625366,-1.010559915915565,1.228395484519289,0.8176145142553797,-0.04777226905962112,-0.5863396007861534,-0.7256686418469303,-0.47903029485418247,-1.214985806950809,-0.7625340095445953,-1.7152568232462928,1.1126759667359827,2.27891237234259,0.49723158832273545,-0.9571008690893378,0.554270623583486,0.08406982316076862,-1.151731601633847,-0.5497198599669926,-1.4162323824401815,-0.7281350594014292,0.1372014872954804,-0.7051929602770346,-2.911502519039403,0.12522087195686293,0.7461321322619489,0.39521511796956044,-0.3729516330010463,-1.2371178919547623,0.7350255513174138,-1.4433201067776036,0.5629758407326482,-1.5954156656934182,-0.14027053015679486,0.5461440254052581,0.9765430232358449,0.2044156887013677,-0.6039130299401125,-0.503251765131796,0.18389343624239451,0.3754319824521989,2.155820121441151,-1.3693820804132704,-1.4364479228094256,-0.4936183557781647,0.14092100649578393,0.2722607401303635,-0.8641471700497183,-1.1939203598020356,-2.1000505628679393,2.220928359447662,1.1756994462290231,0.24078348196303273,0.642019974657997,0.9549746591982748,-0.899436550106452,-0.4051571844132069,0.48882859341795704,2.216355200392451,0.9992901741555736,0.9872272209598478,-0.33837770643869114,-0.4060916098800185,-0.37353427137839706,0.41789432278503846,1.5099108877363394,0.2535011025634512,-0.29632505944008036,-1.4068317087231905,-0.5221457363525871,-1.0938943492761837,0.44694052510067345,0.6380298326976793,0.9582558814939317,1.0706780755732412,1.2294774722343094,-1.998728335653956,-0.18371083484871165,-1.9571409672452493,0.22891114633389142,1.0408032429698753,1.1403495505737957,0.4421025057347121,0.718192671254211,-2.419764266509521,-0.9347711423787942,-0.7509568250719526,-0.725333874967602,-1.2269860621078643,0.462357025372487,-0.2378365103968981,-0.7063402122242796,-1.7029918180252124,-0.3652150551856287,-0.4154025538667492,-0.26342744380815014,-0.46808460803390106,0.6680789740606324,-1.7884433474749197,0.5266134345479598,0.3848420256809296,-0.5386122381958538,0.6282769498368024,-1.5036243138409597,-3.096945811775848,-0.1694806367572902,-2.4926461654690613,-0.8499729882562459,0.09297391721560133,-0.29918590487914665,-0.4806920789559077,2.1399002412259085,1.4449870749291878,-0.4054082063168377,-0.15008749933475957,0.85929028285007,0.8800992406195405,0.861956252246838,0.9053520747795788,-1.0014292747184195,0.17472319624395266,-0.08603344177617478,0.6448170624165986,-1.2015361213542133,0.42858946127459446,1.0755439839724947,-0.24882569439475988,0.06047868566281961,0.6488833305606119,0.6911596845216773,0.08966531974217112,0.6060117596145538,0.07179162414675844,-0.8221892642867094,-0.35896737749788904,-1.4438511647039147,0.4856465720995238,-1.6099496392244366,-0.5126150376088392,0.404485455470603,1.1106049555272048,0.01212106924620221,0.5664986650696668,-2.5572818103210135,0.7895422508694574,-0.1821252901743785,-0.41270196184256425,-0.4294107943249559,-0.969084335007399,-0.43679605329005455,-0.9039676486793023,-0.07602277987289023
3;32;16950.013583660126;1534;1484;0.048803;0.0;0.055966/0.10281/0.111898/0.153663/0.106885/0.057297/0.103034/0.089172/0.110998/0.092553/0.069323/0.098815/0.104187/0.087413/0.102463/0.103991/0.102511/0.146111/0.054365/0.080893/0.095351/0.16308/0.077761/0.053549/0.100592/0.085332/0.116624/0.140786/0.099815/0.102626/0.102662/0.116816/0.098769/0.109971/0.153389/0.099516/0.101513/0.120249/0.097915/0.071908/0.13868/0.094963/0.054358/0.11497/0.10328/0.087607/0.095342/0.092944/0.102092/0.134694/0.10391/0.056701/0.109978/0.08897/0.080115/0.119763/0.094804/0.098751/0.081194/0.057403/0.101599/0.08548/0.055065/0.159528/0.105307/0.094612/0.09665/0.06951/0.099054/0.146328/0.142987/0.064294/0.080066/0.082657/0.053087/0.084543/0.138285/0.105876/0.158041/0.140608/0.091413/0.080478/0.100871/0.063066/0.048803/0.140855/0.119534/0.04952/0.116518/0.102286/0.147375/0.101866/0.055179/0.139001/0.162505/0.097477/0.121053/0.092596/0.078438/0.100586;0.0/0.197456/0.21531/0.364523/0.234712/0.001673/0.332785/0.252011/0.18601/0.008425/0.136027/0.003978/0.192914/0.290509/0.183342/0.191556/0.224404/0.184748/0.0/0.021382/0.086684/0.284456/0.010605/0.0/0.163997/0.020253/0.188209/0.307177/0.087143/0.159025/0.204274/0.109912/0.0317/0.327545/0.322467/0.343476/0.27059/0.189615/0.01334/0.002276/0.190265/0.011781/0.0/0.107215/0.219469/0.002553/0.002142/0.00154/0.05487/0.29814/0.05988/0.0/0.066278/0.000201/1.9e-05/0.14753/0.290987/0.109567/0.043854/0.0/0.347052/0.002113/0.0/0.211934/0.297251/0.001903/0.000287/0.008731/0.106794/0.185637/0.320545/0.210653/0.003117/0.00021/0.165537/0.223715/0.329486/0.184958/0.189051/0.340655/9.6e-05/2.9e-05/0.041253/0.240717/0.0/0.288042/0.136983/0.0/0.259833/0.357103/0.367583/0.202668/0.036223/0.26624/0.361262/0.014315/0.174181/0.009237/3.8e-05/0.087067;0.147375/0.102286/0.101599/0.099516/0.094804/0.087413/0.063066/0.053087/0.048803;0.367583/0.357103/0.347052/0.343476/0.290987/0.290509/0.240717/0.165537/0.0;-0.9571458981660765,-1.106079698362763,-0.5679107970636667,2.5291400921984675,-0.4379099656573562,-0.5535503609701643,-2.6491803865400394,1.307146428754024,0.9078677379717597,1.458570511043683,-0.5315310299696561,-0.9375770547709559,-2.2562111933534426,0.39310858617623573,0.49357763056351545,0.08118122033387312,-1.6939444870073408,0.36638354924176203,1.0720644056839541,-0.21010562958706058,1.1446767911940738,-0.5646231621392868,-0.227445722353258,1.4227379566372982,0.38310655876597566,-1.8300334530056015,1.270197352008617,0.33187114281060515,1.6522306088871153,0.20957765204957446,1.110269917429348,-0.5939899518032798,1.9267688474688682,-0.9457698621178283,2.4152458376797945,0.6600864988091067,0.4072612700618921,-1.3357691397487463,-0.40563491784232,-0.06052425984979121,-1.599817805781523,-1.4933389329326974,-0.5759914648461056,-0.49395370060546345,0.17915247217902125,-0.1604800479496854,-0.19347619750172346,-0.40400704409522964,-1.3935266993719917,-0.23756528594246332,-1.0240755727270867,0.6938715763017127,1.9527944934846464,-0.4482007111387864,-1.017769710384174,-1.0727368238642934,-1.0775319830716494,1.1217943059876145,1.5737185175685329,1.1210708690250466,0.015672259742154325,0.8565002819514438,2.1141417646884895,-1.0135224127730023,-0.7670405327148719,-0.28631168945112345,0.3336856252140936,-0.5477109991443312,-1.8347091260217119,-0.012551128834424996,-1.1486213701984838,-0.35510064692940535,-1.703286408260718,-0.6776595069442986,-0.852052449822343,0.8975995954104894,1.037299523894423,0.6621581771698792,-2.085410927292781,1.306480247119746,0.8054301529394599,0.3175060071603506,0.8971374985660293,-0.000878409124026619,1.796445627182154,0.05501401394795685,0.8091484426157132,0.39347386067912815,0.05352091837732153,0.05918712562917963,1.0708166819484117,0.7150938968640834,1.9254214872687128,-0.27830108636276035,-0.1862174508915877,0.20709547350484975,0.8278109648669654,-2.0184333310222926,2.437395997893387,1.3564121675096223,-0.7934783172265103,-1.1572766499397011,-0.8397925244563167,-0.11351270780827974,0.08468765429371664,0.8511658264775558,-0.7319194716401562,0.36067534087434183,-0.6631318953640961,-1.1943860037988405,-0.6058656472525374,-2.0800092323208674,-0.7409855376931048,-0.922536254005683,0.7832480102077877,-0.22278300151775104,0.5369749239380313,-0.6420129533662825,0.08366585784069785,-0.23217807453068592,0.39485696393935976,-0.48199373087843334,2.166255695284676,0.5784238726928521,-1.2937387402485243,1.46173796955652,-0.9688497711569164,0.1770777777052026,0.6774525480557938,2.085512120032453,0.09530921461836583,-1.9411911735787575,-0.5125260323991242,1.3820299158834204,-0.49844128935928994,0.9965518586052067,-1.131574010835702,0.3505112233432049,0.7108176748952628,1.732285928457238,-0.2945885006078601,-1.6434579326284595,-0.0649905942177827,-0.6656241624579502,0.2935411197542101,-0.3973633780182283,-1.6931362469487201,0.2592768129002938,-0.7531308563450861,-0.4552528145466348,-0.9835117727412332,-1.5255222088655511,-0.3823885002391142,-1.3527978566560463,1.5749607581011262,0.7242081951511526,0.057961600121033685,1.1452869884564312;1.6129200755454733,1.5674311779466024,0.948221167868835,0.5094352505218451,0.3536034562136767,-0.22040874322680698,1.6622741227625366,-1.010559915915565,1.228395484519289,0.8176145142553797,-0.04777226905962112,-0.5863396007861534,-0.7256686418469303,-0.47903029485418247,-1.214985806950809,-0.7625340095445953,-1.7152568232462928,1.1126759667359827,2.27891237234259,0.49723158832273545,-0.9571008690893378,0.554270623583486,0.08406982316076862,-1.151731601633847,-0.5497198599669926,-1.4162323824401815,-0.7281350594014292,0.1372014872954804,-0.7051929602770346,-2.911502519039403,0.12522087195686293,0.7461321322619489,0.39521511796956044,-0.3729516330010463,-1.2371178919547623,0.7350255513174138,-1.4433201067776036,0.5629758407326482,-1.5954156656934182,-0.14027053015679486,0.5461440254052581,0.9765430232358449,0.2044156887013677,-0.6039130299401125,-0.503251765131796,0.18389343624239451,0.3754319824521989,2.155820121441151,-1.3693820804132704,-1.4364479228094256,-0.4936183557781647,0.14092100649578393,0.2722607401303635,-0.8641471700497183,-1.1939203598020356,-2.1000505628679393,2.220928359447662,1.1756994462290231,0.24078348196303273,0.642019974657997,0.9549746591982748,-0.899436550106452,-0.4051571844132069,0.48882859341795704,2.216355200392451,0.9992901741555736,0.9872272209598478,-0.33837770643869114,-0.4060916098800185,-0.37353427137839706,0.41789432278503846,1.5099108877363394,0.2535011025634512,-0.29632505944008036,-1.4068317087231905,-0.5221457363525871,-1.0938943492761837,0.44694052510067345,0.6380298326976793,0.9582558814939317,1.0706780755732412,1.2294774722343094,-1.998728335653956,-0.18371083484871165,-1.9571409672452493,0.22891114633389142,1.0408032429698753,1.1403495505737957,0.4421025057347121,0.718192671254211,-2.419764266509521,-0.9347711423787942,-0.7509568250719526,-0.725333874967602,-1.2269860621078643,0.462357025372487,-0.2378365103968981,-0.7063402122242796,-1.7029918180252124,-0.3652150551856287,-0.4154025538667492,-0.26342744380815014,-0.46808460803390106,0.6680789740606324,-1.7884433474749197,0.5266134345479598,0.3848420256809296,-0.5386122381958538,0.6282769498368024,-1.5036243138409597,-3.096945811775848,-0.1694806367572902,-2.4926461654690613,-0.8499729882562459,0.09297391721560133,-0.29918590487914665,-0.4806920789559077,2.1399002412259085,1.4449870749291878,-0.4054082063168377,-0.15008749933475957,0.85929028285007,0.8800992406195405,0.861956252246838,0.9053520747795788,-1.0014292747184195,0.17472319624395266,-0.08603344177617478,0.6448170624165986,-1.2015361213542133,0.42858946127459446,1.0755439839724947,-0.24882569439475988,0.06047868566281961,0.6488833305606119,0.6911596845216773,0.08966531974217112,0.6060117596145538,0.07179162414675844,-0.8221892642867094,-0.35896737749788904,-1.4438511647039147,0.4856465720995238,-1.6099496392244366,-0.5126150376088392,0.404485455470603,1.1106049555272048,0.01212106924620221,0.5664986650696668,-2.5572818103210135,0.7895422508694574,-0.1821252901743785,-0.41270196184256425,-0.4294107943249559,-0.969084335007399,-0.43679605329005455,-0.9039676486793023,-0.07602277987289023
3;33;17476.730987548828;1534;1484;0.048803;0.0;0.055966/0.10281/0.111898/0.153663/0.106885/0.057297/0.103034/0.089172/0.110998/0.092553/0.069323/0.098815/0.104187/0.087413/0.102463/0.103991/0.102511/0.146111/0.054365/0.080893/0.095351/0.16308/0.077761/0.053549/0.100592/0.085332/0.116624/0.140786/0.099815/0.102626/0.102662/0.116816/0.098769/0.109971/0.153389/0.099516/0.101513/0.120249/0.097915/0.071908/0.13868/0.094963/0.054358/0.11497/0.10328/0.087607/0.092944/0.102092/0.134694/0.10391/0.056701/0.109978/0.08897/0.080115/0.119763/0.094804/0.098751/0.081194/0.101599/0.08548/0.055065/0.159528/0.105307/0.094612/0.06951/0.099054/0.146328/0.142987/0.064294/0.080066/0.082657/0.053087/0.084543/0.138285/0.105876/0.158041/0.140608/0.080478/0.100871/0.063066/0.048803/0.140855/0.119534/0.04952/0.116518/0.102286/0.147375/0.101866/0.055179/0.139001/0.162505/0.097477/0.121053/0.092596/0.078438/0.100586/0.076359/0.067192/0.147733/0.094651;0.0/0.197456/0.21531/0.364523/0.234712/0.001673/0.332785/0.252011/0.18601/0.008425/0.136027/0.003978/0.192914/0.290509/0.183342/0.191556/0.224404/0.184748/0.0/0.021382/0.086684/0.284456/0.010605/0.0/0.163997/0.020253/0.188209/0.307177/0.087143/0.159025/0.204274/0.109912/0.0317/0.327545/0.322467/0.343476/0.27059/0.189615/0.01334/0.002276/0.190265/0.011781/0.0/0.107215/0.219469/0.002553/0.00154/0.05487/0.29814/0.05988/0.0/0.066278/0.000201/1.9e-05/0.14753/0.290987/0.109567/0.043854/0.347052/0.002113/0.0/0.211934/0.297251/0.001903/0.008731/0.106794/0.185637/0.320545/0.210653/0.003117/0.00021/0.165537/0.223715/0.329486/0.184958/0.189051/0.340655/2.9e-05/0.041253/0.240717/0.0/0.288042/0.136983/0.0/0.259833/0.357103/0.367583/0.202668/0.036223/0.26624/0.361262/0.014315/0.174181/0.009237/3.8e-05/0.087067/0.003299/0.089476/0.309309/0.002525;0.147375/0.102286/0.101599/0.099516/0.094804/0.087413/0.063066/0.053087/0.048803;0.367583/0.357103/0.347052/0.343476/0.290987/0.290509/0.240717/0.165537/0.0;-0.9571458981660765,-1.106079698362763,-0.5679107970636667,2.5291400921984675,-0.4379099656573562,-0.5535503609701643,-2.6491803865400394,1.307146428754024,0.9078677379717597,1.458570511043683,-0.5315310299696561,-0.9375770547709559,-2.2562111933534426,0.39310858617623573,0.49357763056351545,0.08118122033387312,-1.6939444870073408,0.36638354924176203,1.0720644056839541,-0.21010562958706058,1.1446767911940738,-0.5646231621392868,-0.227445722353258,1.4227379566372982,0.38310655876597566,-1.8300334530056015,1.270197352008617,0.33187114281060515,1.6522306088871153,0.20957765204957446,1.110269917429348,-0.5939899518032798,1.9267688474688682,-0.9457698621178283,2.4152458376797945,0.6600864988091067,0.4072612700618921,-1.3357691397487463,-0.40563491784232,-0.06052425984979121,-1.599817805781523,-1.4933389329326974,-0.5759914648461056,-0.49395370060546345,0.17915247217902125,-0.1604800479496854,-0.19347619750172346,-0.40400704409522964,-1.3935266993719917,-0.23756528594246332,-1.0240755727270867,0.6938715763017127,1.9527944934846464,-0.4482007111387864,-1.017769710384174,-1.0727368238642934,-1.0775319830716494,1.1217943059876145,1.5737185175685329,1.1210708690250466,0.015672259742154325,0.8565002819514438,2.1141417646884895,-1.0135224127730023,-0.7670405327148719,-0.28631168945112345,0.3336856252140936,-0.5477109991443312,-1.8347091260217119,-0.012551128834424996,-1.1486213701984838,-0.35510064692940535,-1.703286408260718,-0.6776595069442986,-0.852052449822343,0.8975995954104894,1.037299523894423,0.6621581771698792,-2.085410927292781,1.306480247119746,0.8054301529394599,0.3175060071603506,0.8971374985660293,-0.000878409124026619,1.796445627182154,0.05501401394795685,0.8091484426157132,0.39347386067912815,0.05352091837732153,0.05918712562917963,1.0708166819484117,0.7150938968640834,1.9254214872687128,-0.27830108636276035,-0.1862174508915877,0.20709547350484975,0.8278109648669654,-2.0184333310222926,2.437395997893387,1.3564121675096223,-0.7934783172265103,-1.1572766499397011,-0.8397925244563167,-0.11351270780827974,0.08468765429371664,0.8511658264775558,-0.7319194716401562,0.36067534087434183,-0.6631318953640961,-1.1943860037988405,-0.6058656472525374,-2.0800092323208674,-0.7409855376931048,-0.922536254005683,0.7832480102077877,-0.22278300151775104,0.5369749239380313,-0.6420129533662825,0.08366585784069785,-0.23217807453068592,0.39485696393935976,-0.48199373087843334,2.166255695284676,0.5784238726928521,-1.2937387402485243,1.46173796955652,-0.9688497711569164,0.1770777777052026,0.6774525480557938,2.085512120032453,0.09530921461836583,-1.9411911735787575,-0.5125260323991242,1.3820299158834204,-0.49844128935928994,0.9965518586052067,-1.131574010835702,0.3505112233432049,0.7108176748952628,1.732285928457238,-0.2945885006078601,-1.6434579326284595,-0.0649905942177827,-0.6656241624579502,0.2935411197542101,-0.3973633780182283,-1.6931362469487201,0.2592768129002938,-0.7531308563450861,-0.4552528145466348,-0.9835117727412332,-1.5255222088655511,-0.3823885002391142,-1.3527978566560463,1.5749607581011262,0.7242081951511526,0.057961600121033685,1.1452869884564312;1.6129200755454733,1.5674311779466024,0.948221167868835,0.5094352505218451,0.3536034562136767,-0.22040874322680698,1.6622741227625366,-1.010559915915565,1.228395484519289,0.8176145142553797,-0.04777226905962112,-0.5863396007861534,-0.7256686418469303,-0.47903029485418247,-1.214985806950809,-0.7625340095445953,-1.7152568232462928,1.1126759667359827,2.27891237234259,0.49723158832273545,-0.9571008690893378,0.554270623583486,0.08406982316076862,-1.151731601633847,-0.5497198599669926,-1.4162323824401815,-0.7281350594014292,0.1372014872954804,-0.7051929602770346,-2.911502519039403,0.12522087195686293,0.7461321322619489,0.39521511796956044,-0.3729516330010463,-1.2371178919547623,0.7350255513174138,-1.4433201067776036,0.5629758407326482,-1.5954156656934182,-0.14027053015679486,0.5461440254052581,0.9765430232358449,0.2044156887013677,-0.6039130299401125,-0.503251765131796,0.18389343624239451,0.3754319824521989,2.155820121441151,-1.3693820804132704,-1.4364479228094256,-0.4936183557781647,0.14092100649578393,0.2722607401303635,-0.8641471700497183,-1.1939203598020356,-2.1000505628679393,2.220928359447662,1.1756994462290231,0.24078348196303273,0.642019974657997,0.9549746591982748,-0.899436550106452,-0.4051571844132069,0.48882859341795704,2.216355200392451,0.9992901741555736,0.9872272209598478,-0.33837770643869114,-0.4060916098800185,-0.37353427137839706,0.41789432278503846,1.5099108877363394,0.2535011025634512,-0.29632505944008036,-1.4068317087231905,-0.5221457363525871,-1.0938943492761837,0.44694052510067345,0.6380298326976793,0.9582558814939317,1.0706780755732412,1.2294774722343094,-1.998728335653956,-0.18371083484871165,-1.9571409672452493,0.22891114633389142,1.0408032429698753,1.1403495505737957,0.4421025057347121,0.718192671254211,-2.419764266509521,-0.9347711423787942,-0.7509568250719526,-0.725333874967602,-1.2269860621078643,0.462357025372487,-0.2378365103968981,-0.7063402122242796,-1.7029918180252124,-0.3652150551856287,-0.4154025538667492,-0.26342744380815014,-0.46808460803390106,0.6680789740606324,-1.7884433474749197,0.5266134345479598,0.3848420256809296,-0.5386122381958538,0.6282769498368024,-1.5036243138409597,-3.096945811775848,-0.1694806367572902,-2.4926461654690613,-0.8499729882562459,0.09297391721560133,-0.29918590487914665,-0.4806920789559077,2.1399002412259085,1.4449870749291878,-0.4054082063168377,-0.15008749933475957,0.85929028285007,0.8800992406195405,0.861956252246838,0.9053520747795788,-1.0014292747184195,0.17472319624395266,-0.08603344177617478,0.6448170624165986,-1.2015361213542133,0.42858946127459446,1.0755439839724947,-0.24882569439475988,0.06047868566281961,0.6488833305606119,0.6911596845216773,0.08966531974217112,0.6060117596145538,0.07179162414675844,-0.8221892642867094,-0.35896737749788904,-1.4438511647039147,0.4856465720995238,-1.6099496392244366,-0.5126150376088392,0.404485455470603,1.1106049555272048,0.01212106924620221,0.5664986650696668,-2.5572818103210135,0.7895422508694574,-0.1821252901743785,-0.41270196184256425,-0.4294107943249559,-0.969084335007399,-0.43679605329005455,-0.9039676486793023,-0.07602277987289023
3;34;18000.54523587227;1534;1484;0.048803;0.0;0.055966/0.10281/0.111898/0.153663/0.106885/0.057297/0.103034/0.089172/0.110998/0.092553/0.069323/0.104187/0.087413/0.102463/0.103991/0.102511/0.054365/0.080893/0.095351/0.16308/0.077761/0.053549/0.100592/0.085332/0.116624/0.140786/0.099815/0.102626/0.102662/0.098769/0.109971/0.153389/0.099516/0.101513/0.120249/0.097915/0.071908/0.13868/0.094963/0.054358/0.10328/0.087607/0.092944/0.102092/0.134694/0.10391/0.08897/0.080115/0.094804/0.098751/0.081194/0.101599/0.08548/0.055065/0.159528/0.105307/0.094612/0.06951/0.099054/0.142987/0.064294/0.080066/0.082657/0.053087/0.084543/0.138285/0.105876/0.158041/0.140608/0.080478/0.063066/0.048803/0.140855/0.04952/0.116518/0.102286/0.147375/0.101866/0.055179/0.139001/0.162505/0.097477/0.092596/0.078438/0.100586/0.076359/0.067192/0.147733/0.094651/0.145275/0.103248/0.12828/0.145902/0.102561/0.099008/0.140459/0.074563/0.094017/0.056227/0.131123;0.0/0.197456/0.21531/0.364523/0.234712/0.001673/0.332785/0.252011/0.18601/0.008425/0.136027/0.192914/0.290509/0.183342/0.191556/0.224404/0.0/0.021382/0.086684/0.284456/0.010605/0.0/0.163997/0.020253/0.188209/0.307177/0.087143/0.159025/0.204274/0.0317/0.327545/0.322467/0.343476/0.27059/0.189615/0.01334/0.002276/0.190265/0.011781/0.0/0.219469/0.002553/0.00154/0.05487/0.29814/0.05988/0.000201/1.9e-05/0.290987/0.109567/0.043854/0.347052/0.002113/0.0/0.211934/0.297251/0.001903/0.008731/0.106794/0.320545/0.210653/0.003117/0.00021/0.165537/0.223715/0.329486/0.184958/0.189051/0.340655/2.9e-05/0.240717/0.0/0.288042/0.0/0.259833/0.357103/0.367583/0.202668/0.036223/0.26624/0.361262/0.014315/0.009237/3.8e-05/0.087067/0.003299/0.089476/0.309309/0.002525/0.217825/0.266383/0.184987/0.251485/0.312226/0.186115/0.18864/0.279245/0.00786/0.0/0.274817;0.147375/0.102286/0.101599/0.099516/0.094804/0.087413/0.074563/0.063066/0.053087/0.048803;0.367583/0.357103/0.347052/0.343476/0.290987/0.290509/0.279245/0.240717/0.165537/0.0;-0.9571458981660765,-1.106079698362763,-0.5679107970636667,2.5291400921984675,-0.4379099656573562,-0.5535503609701643,-2.6491803865400394,1.307146428754024,0.9078677379717597,1.458570511043683,-0.5315310299696561,-0.9375770547709559,-2.2562111933534426,0.39310858617623573,0.49357763056351545,0.08118122033387312,-1.6939444870073408,0.36638354924176203,1.0720644056839541,-0.21010562958706058,1.1446767911940738,-0.5646231621392868,-0.227445722353258,1.4227379566372982,0.38310655876597566,-1.8300334530056015,1.270197352008617,0.33187114281060515,1.6522306088871153,0.20957765204957446,1.110269917429348,-0.5939899518032798,1.9267688474688682,-0.9457698621178283,2.4152458376797945,0.6600864988091067,0.4072612700618921,-1.3357691397487463,-0.40563491784232,-0.06052425984979121,-1.599817805781523,-1.4933389329326974,-0.5759914648461056,-0.49395370060546345,0.17915247217902125,-0.1604800479496854,-0.19347619750172346,-0.40400704409522964,-1.3935266993719917,-0.23756528594246332,-1.0240755727270867,0.6938715763017127,1.9527944934846464,-0.4482007111387864,-1.017769710384174,-1.0727368238642934,-1.0775319830716494,1.1217943059876145,1.5737185175685329,1.1210708690250466,0.015672259742154325,0.8565002819514438,2.1141417646884895,-1.0135224127730023,-0.7670405327148719,-0.28631168945112345,0.3336856252140936,-0.5477109991443312,-1.8347091260217119,-0.012551128834424996,-1.1486213701984838,-0.35510064692940535,-1.703286408260718,-0.6776595069442986,-0.852052449822343,0.8975995954104894,1.037299523894423,0.6621581771698792,-2.085410927292781,1.306480247119746,0.8054301529394599,0.3175060071603506,0.8971374985660293,-0.000878409124026619,1.796445627182154,0.05501401394795685,0.8091484426157132,0.39347386067912815,0.05352091837732153,0.05918712562917963,1.0708166819484117,0.7150938968640834,1.9254214872687128,-0.27830108636276035,-0.1862174508915877,0.20709547350484975,0.8278109648669654,-2.0184333310222926,2.437395997893387,1.3564121675096223,-0.7934783172265103,-1.1572766499397011,-0.8397925244563167,-0.11351270780827974,0.08468765429371664,0.8511658264775558,-0.7319194716401562,0.36067534087434183,-0.6631318953640961,-1.1943860037988405,-0.6058656472525374,-2.0800092323208674,-0.7409855376931048,-0.922536254005683,0.7832480102077877,-0.22278300151775104,0.5369749239380313,-0.6420129533662825,0.08366585784069785,-0.23217807453068592,0.39485696393935976,-0.48199373087843334,2.166255695284676,0.5784238726928521,-1.2937387402485243,1.46173796955652,-0.9688497711569164,0.1770777777052026,0.6774525480557938,2.085512120032453,0.09530921461836583,-1.9411911735787575,-0.5125260323991242,1.3820299158834204,-0.49844128935928994,0.9965518586052067,-1.131574010835702,0.3505112233432049,0.7108176748952628,1.732285928457238,-0.2945885006078601,-1.6434579326284595,-0.0649905942177827,-0.6656241624579502,0.2935411197542101,-0.3973633780182283,-1.6931362469487201,0.2592768129002938,-0.7531308563450861,-0.4552528145466348,-0.9835117727412332,-1.5255222088655511,-0.3823885002391142,-1.3527978566560463,1.5749607581011262,0.7242081951511526,0.057961600121033685,1.1452869884564312;1.6129200755454733,1.5674311779466024,0.948221167868835,0.5094352505218451,0.3536034562136767,-0.22040874322680698,1.6622741227625366,-1.010559915915565,1.228395484519289,0.8176145142553797,-0.04777226905962112,-0.5863396007861534,-0.7256686418469303,-0.47903029485418247,-1.214985806950809,-0.7625340095445953,-1.7152568232462928,1.1126759667359827,2.27891237234259,0.49723158832273545,-0.9571008690893378,0.554270623583486,0.08406982316076862,-1.151731601633847,-0.5497198599669926,-1.4162323824401815,-0.7281350594014292,0.1372014872954804,-0.7051929602770346,-2.911502519039403,0.12522087195686293,0.7461321322619489,0.39521511796956044,-0.3729516330010463,-1.2371178919547623,0.7350255513174138,-1.4433201067776036,0.5629758407326482,-1.5954156656934182,-0.14027053015679486,0.5461440254052581,0.9765430232358449,0.2044156887013677,-0.6039130299401125,-0.503251765131796,0.18389343624239451,0.3754319824521989,2.155820121441151,-1.3693820804132704,-1.4364479228094256,-0.4936183557781647,0.14092100649578393,0.2722607401303635,-0.8641471700497183,-1.1939203598020356,-2.1000505628679393,2.220928359447662,1.1756994462290231,0.24078348196303273,0.642019974657997,0.9549746591982748,-0.899436550106452,-0.4051571844132069,0.48882859341795704,2.216355200392451,0.9992901741555736,0.9872272209598478,-0.33837770643869114,-0.4060916098800185,-0.37353427137839706,0.41789432278503846,1.5099108877363394,0.2535011025634512,-0.29632505944008036,-1.4068317087231905,-0.5221457363525871,-1.0938943492761837,0.44694052510067345,0.6380298326976793,0.9582558814939317,1.0706780755732412,1.2294774722343094,-1.998728335653956,-0.18371083484871165,-1.9571409672452493,0.22891114633389142,1.0408032429698753,1.1403495505737957,0.4421025057347121,0.718192671254211,-2.419764266509521,-0.9347711423787942,-0.7509568250719526,-0.725333874967602,-1.2269860621078643,0.462357025372487,-0.2378365103968981,-0.7063402122242796,-1.7029918180252124,-0.3652150551856287,-0.4154025538667492,-0.26342744380815014,-0.46808460803390106,0.6680789740606324,-1.7884433474749197,0.5266134345479598,0.3848420256809296,-0.5386122381958538,0.6282769498368024,-1.5036243138409597,-3.096945811775848,-0.1694806367572902,-2.4926461654690613,-0.8499729882562459,0.09297391721560133,-0.29918590487914665,-0.4806920789559077,2.1399002412259085,1.4449870749291878,-0.4054082063168377,-0.15008749933475957,0.85929028285007,0.8800992406195405,0.861956252246838,0.9053520747795788,-1.0014292747184195,0.17472319624395266,-0.08603344177617478,0.6448170624165986,-1.2015361213542133,0.42858946127459446,1.0755439839724947,-0.24882569439475988,0.06047868566281961,0.6488833305606119,0.6911596845216773,0.08966531974217112,0.6060117596145538,0.07179162414675844,-0.8221892642867094,-0.35896737749788904,-1.4438511647039147,0.4856465720995238,-1.6099496392244366,-0.5126150376088392,0.404485455470603,1.1106049555272048,0.01212106924620221,0.5664986650696668,-2.5572818103210135,0.7895422508694574,-0.1821252901743785,-0.41270196184256425,-0.4294107943249559,-0.969084335007399,-0.43679605329005455,-0.9039676486793023,-0.07602277987289023
3;35;18529.983788490295;1780;1484;0.048803;0.0;0.055966/0.10281/0.111898/0.153663/0.106885/0.057297/0.103034/0.089172/0.110998/0.092553/0.069323/0.104187/0.087413/0.102463/0.103991/0.102511/0.054365/0.080893/0.095351/0.16308/0.077761/0.053549/0.100592/0.085332/0.116624/0.140786/0.099815/0.102626/0.102662/0.098769/0.109971/0.153389/0.099516/0.101513/0.120249/0.097915/0.071908/0.13868/0.094963/0.054358/0.10328/0.087607/0.092944/0.102092/0.134694/0.10391/0.080115/0.094804/0.098751/0.081194/0.101599/0.08548/0.055065/0.159528/0.105307/0.06951/0.099054/0.142987/0.064294/0.080066/0.082657/0.053087/0.084543/0.138285/0.105876/0.140608/0.080478/0.063066/0.048803/0.140855/0.04952/0.116518/0.102286/0.147375/0.101866/0.055179/0.139001/0.162505/0.097477/0.092596/0.078438/0.100586/0.076359/0.067192/0.147733/0.145275/0.103248/0.145902/0.102561/0.099008/0.140459/0.074563/0.094017/0.056227/0.131123/0.102544/0.068797/0.071663/0.077804/0.088302;0.0/0.197456/0.21531/0.364523/0.234712/0.001673/0.332785/0.252011/0.18601/0.008425/0.136027/0.192914/0.290509/0.183342/0.191556/0.224404/0.0/0.021382/0.086684/0.284456/0.010605/0.0/0.163997/0.020253/0.188209/0.307177/0.087143/0.159025/0.204274/0.0317/0.327545/0.322467/0.343476/0.27059/0.189615/0.01334/0.002276/0.190265/0.011781/0.0/0.219469/0.002553/0.00154/0.05487/0.29814/0.05988/1.9e-05/0.290987/0.109567/0.043854/0.347052/0.002113/0.0/0.211934/0.297251/0.008731/0.106794/0.320545/0.210653/0.003117/0.00021/0.165537/0.223715/0.329486/0.184958/0.340655/2.9e-05/0.240717/0.0/0.288042/0.0/0.259833/0.357103/0.367583/0.202668/0.036223/0.26624/0.361262/0.014315/0.009237/3.8e-05/0.087067/0.003299/0.089476/0.309309/0.217825/0.266383/0.251485/0.312226/0.186115/0.18864/0.279245/0.00786/0.0/0.274817/0.338838/0.036835/0.072493/0.388812/3.8e-05;0.077804/0.074563/0.063066/0.053087/0.048803;0.388812/0.279245/0.240717/0.165537/0.0;3.0882120626684264,1.218865678346001,0.23470673258924307,1.0978255373110308,-1.003421403665833,-1.5057433624127636,1.3140934128859805,-0.2976203242363455,-0.7377674162962709,0.43759793220414134,0.8207014876225103,-0.4129253548111699,0.8721526828306868,-0.05573574227929212,-0.9443003388049558,-1.7329592049270166,-0.33591964493319526,1.3553432275035684,2.771732492735638,0.8817494400885241,-1.1262203829027158,-0.524533127437962,0.07217516377130567,0.06344320339914071,0.1487593271630679,0.5435462385095692,-2.1060062048855217,-0.7761366300028743,-0.9219932399105322,-1.7654250690179134,-1.3753951355660223,-1.37070232265502,-1.8272342513878652,0.24581272746860644,-2.2327587981540535,0.8870793597195267,-1.344619289914185,0.06748342998485715,-0.3175239133948518,-0.07013850117574624,-1.331635227374121,0.37248829037825754,0.1304616216095171,-0.49757330764869023,-1.1760519162934184,0.23497665716173682,-0.00530617494513054,0.5200368770969882,-2.03089125343905,-0.7746918178054948,0.9563064051715799,1.0936603023892206,-0.18241655054099165,0.7345688735032874,-1.7627049834743411,-1.7135586898623631,1.7536348769902417,0.8653000491925364,-1.2505382390639144,-0.009543710854564028,0.36377044695891936,-0.8465905380196908,-0.34150514528366577,1.22642915858719,0.1681832359360728,1.6727842339317378,0.5015695773124867,-0.9446497129990283,-1.9199676538102541,-0.8938200418794039,-0.9309274452720109,-0.08563912153642922,-0.5069900300362548,-0.90658525117516,-0.10718264747718403,-0.9538304196136849,-0.6707030173432101,1.265043431562772,0.4936121573649306,0.32563879604486046,0.972464987984922,0.8819861303186837,-0.05997039719134911,-0.6171571031331272,-2.0706885704080324,-0.26985668270173235,1.249753654475692,0.20019887837606418,-1.4194331958516808,-1.740520939776835,-0.5546042992896792,-0.907753845983867,-0.814300643936957,-0.3277449871648332,-0.6923822698290428,-1.5860638891725753,-0.09589834288379295,-0.8944321832410913,-1.9978591561809806,2.435078379263593,-0.5083603987799944,0.46669767871526746,-0.46355864709368644,1.9645515764725139,-2.699322966693911,-0.06723091584736207,0.9939522016741745,-0.33009859015193127,-0.2858831284000593,-1.0382860966213445,-0.9810140515714615,0.6282563425296538,-2.529891748895473,-1.1390512981973393,0.35116499674059165,-0.08840658508226526,-0.11468478152465501,1.1462018443633122,1.038730426772355,0.8796689345491101,-1.3872552140145782,-0.8609694630246977,1.8584709329962243,0.37264863018124106,0.6493216711761853,-1.9732068167551002,0.035092121185863245,0.8347760802832246,-1.1706314277770513,-2.429597940638342,-0.15500191569243157,1.3964168672563062,0.37542381513345746,0.5238507306579896,0.8650246905080159,-0.0782273470326485,-0.04362058952348141,-0.05880664016514647,0.8569628912599208,-1.1848106851089337,0.9420831796369435,-0.07710311658920366,-1.0655386130891304,-0.5979823936036766,-1.2425927782026533,-0.06488088657683988,1.4148047887383277,0.9615379992371269,0.10676885522862356,-0.0808676119807894,0.8233805700548269,-0.1629753664289523,1.6117706628953543,0.14183354109812696,-2.1513168144405004,0.12627081779407534,-0.05327919748031035,-0.3408134128850082;1.6129200755454733,1.5674311779466024,0.948221167868835,0.5094352505218451,0.3536034562136767,-0.22040874322680698,1.6622741227625366,-1.010559915915565,1.228395484519289,0.8176145142553797,-0.04777226905962112,-0.5863396007861534,-0.7256686418469303,-0.47903029485418247,-1.214985806950809,-0.7625340095445953,-1.7152568232462928,1.1126759667359827,2.27891237234259,0.49723158832273545,-0.9571008690893378,0.554270623583486,0.08406982316076862,-1.151731601633847,-0.5497198599669926,-1.4162323824401815,-0.7281350594014292,0.1372014872954804,-0.7051929602770346,-2.911502519039403,0.12522087195686293,0.7461321322619489,0.39521511796956044,-0.3729516330010463,-1.2371178919547623,0.7350255513174138,-1.4433201067776036,0.5629758407326482,-1.5954156656934182,-0.14027053015679486,0.5461440254052581,0.9765430232358449,0.2044156887013677,-0.6039130299401125,-0.503251765131796,0.18389343624239451,0.3754319824521989,2.155820121441151,-1.3693820804132704,-1.4364479228094256,-0.4936183557781647,0.14092100649578393,0.2722607401303635,-0.8641471700497183,-1.1939203598020356,-2.1000505628679393,2.220928359447662,1.1756994462290231,0.24078348196303273,0.642019974657997,0.9549746591982748,-0.899436550106452,-0.4051571844132069,0.48882859341795704,2.216355200392451,0.9992901741555736,0.9872272209598478,-0.33837770643869114,-0.4060916098800185,-0.37353427137839706,0.41789432278503846,1.5099108877363394,0.2535011025634512,-0.29632505944008036,-1.4068317087231905,-0.5221457363525871,-1.0938943492761837,0.44694052510067345,0.6380298326976793,0.9582558814939317,1.0706780755732412,1.2294774722343094,-1.998728335653956,-0.18371083484871165,-1.9571409672452493,0.22891114633389142,1.0408032429698753,1.1403495505737957,0.4421025057347121,0.718192671254211,-2.419764266509521,-0.9347711423787942,-0.7509568250719526,-0.725333874967602,-1.2269860621078643,0.462357025372487,-0.2378365103968981,-0.7063402122242796,-1.7029918180252124,-0.3652150551856287,-0.4154025538667492,-0.26342744380815014,-0.46808460803390106,0.6680789740606324,-1.7884433474749197,0.5266134345479598,0.3848420256809296,-0.5386122381958538,0.6282769498368024,-1.5036243138409597,-3.096945811775848,-0.1694806367572902,-2.4926461654690613,-0.8499729882562459,0.09297391721560133,-0.29918590487914665,-0.4806920789559077,2.1399002412259085,1.4449870749291878,-0.4054082063168377,-0.15008749933475957,0.85929028285007,0.8800992406195405,0.861956252246838,0.9053520747795788,-1.0014292747184195,0.17472319624395266,-0.08603344177617478,0.6448170624165986,-1.2015361213542133,0.42858946127459446,1.0755439839724947,-0.24882569439475988,0.06047868566281961,0.6488833305606119,0.6911596845216773,0.08966531974217112,0.6060117596145538,0.07179162414675844,-0.8221892642867094,-0.35896737749788904,-1.4438511647039147,0.4856465720995238,-1.6099496392244366,-0.5126150376088392,0.404485455470603,1.1106049555272048,0.01212106924620221,0.5664986650696668,-2.5572818103210135,0.7895422508694574,-0.1821252901743785,-0.41270196184256425,-0.4294107943249559,-0.969084335007399,-0.43679605329005455,-0.9039676486793023,-0.07602277987289023
3;36;19056.264338731766;1780;1484;0.048803;0.0;0.055966/0.10281/0.111898/0.153663/0.106885/0.057297/0.103034/0.089172/0.110998/0.092553/0.069323/0.104187/0.087413/0.102463/0.103991/0.102511/0.054365/0.080893/0.095351/0.16308/0.077761/0.053549/0.100592/0.085332/0.116624/0.140786/0.099815/0.102626/0.102662/0.098769/0.109971/0.153389/0.099516/0.101513/0.097915/0.071908/0.094963/0.054358/0.10328/0.087607/0.092944/0.102092/0.134694/0.080115/0.094804/0.098751/0.081194/0.101599/0.08548/0.055065/0.105307/0.06951/0.099054/0.142987/0.064294/0.080066/0.082657/0.053087/0.084543/0.138285/0.105876/0.140608/0.080478/0.063066/0.048803/0.140855/0.04952/0.116518/0.102286/0.147375/0.101866/0.055179/0.162505/0.097477/0.092596/0.078438/0.100586/0.076359/0.067192/0.147733/0.103248/0.102561/0.099008/0.074563/0.094017/0.056227/0.131123/0.102544/0.068797/0.071663/0.077804/0.088302/0.092426/0.127954/0.078405/0.105464/0.081081/0.127579/0.078836/0.098235;0.0/0.197456/0.21531/0.364523/0.234712/0.001673/0.332785/0.252011/0.18601/0.008425/0.136027/0.192914/0.290509/0.183342/0.191556/0.224404/0.0/0.021382/0.086684/0.284456/0.010605/0.0/0.163997/0.020253/0.188209/0.307177/0.087143/0.159025/0.204274/0.0317/0.327545/0.322467/0.343476/0.27059/0.01334/0.002276/0.011781/0.0/0.219469/0.002553/0.00154/0.05487/0.29814/1.9e-05/0.290987/0.109567/0.043854/0.347052/0.002113/0.0/0.297251/0.008731/0.106794/0.320545/0.210653/0.003117/0.00021/0.165537/0.223715/0.329486/0.184958/0.340655/2.9e-05/0.240717/0.0/0.288042/0.0/0.259833/0.357103/0.367583/0.202668/0.036223/0.361262/0.014315/0.009237/3.8e-05/0.087067/0.003299/0.089476/0.309309/0.266383/0.312226/0.186115/0.279245/0.00786/0.0/0.274817/0.338838/0.036835/0.072493/0.388812/3.8e-05/0.034435/0.280975/0.119321/0.215644/0.032656/0.309127/0.0/0.011284;0.077804/0.074563/0.063066/0.053087/0.048803;0.388812/0.279245/0.240717/0.165537/0.0;3.0882120626684264,1.218865678346001,0.23470673258924307,1.0978255373110308,-1.003421403665833,-1.5057433624127636,1.3140934128859805,-0.2976203242363455,-0.7377674162962709,0.43759793220414134,0.8207014876225103,-0.4129253548111699,0.8721526828306868,-0.05573574227929212,-0.9443003388049558,-1.7329592049270166,-0.33591964493319526,1.3553432275035684,2.771732492735638,0.8817494400885241,-1.1262203829027158,-0.524533127437962,0.07217516377130567,0.06344320339914071,0.1487593271630679,0.5435462385095692,-2.1060062048855217,-0.7761366300028743,-0.9219932399105322,-1.7654250690179134,-1.3753951355660223,-1.37070232265502,-1.8272342513878652,0.24581272746860644,-2.2327587981540535,0.8870793597195267,-1.344619289914185,0.06748342998485715,-0.3175239133948518,-0.07013850117574624,-1.331635227374121,0.37248829037825754,0.1304616216095171,-0.49757330764869023,-1.1760519162934184,0.23497665716173682,-0.00530617494513054,0.5200368770969882,-2.03089125343905,-0.7746918178054948,0.9563064051715799,1.0936603023892206,-0.18241655054099165,0.7345688735032874,-1.7627049834743411,-1.7135586898623631,1.7536348769902417,0.8653000491925364,-1.2505382390639144,-0.009543710854564028,0.36377044695891936,-0.8465905380196908,-0.34150514528366577,1.22642915858719,0.1681832359360728,1.6727842339317378,0.5015695773124867,-0.9446497129990283,-1.9199676538102541,-0.8938200418794039,-0.9309274452720109,-0.08563912153642922,-0.5069900300362548,-0.90658525117516,-0.10718264747718403,-0.9538304196136849,-0.6707030173432101,1.265043431562772,0.4936121573649306,0.32563879604486046,0.972464987984922,0.8819861303186837,-0.05997039719134911,-0.6171571031331272,-2.0706885704080324,-0.26985668270173235,1.249753654475692,0.20019887837606418,-1.4194331958516808,-1.740520939776835,-0.5546042992896792,-0.907753845983867,-0.814300643936957,-0.3277449871648332,-0.6923822698290428,-1.5860638891725753,-0.09589834288379295,-0.8944321832410913,-1.9978591561809806,2.435078379263593,-0.5083603987799944,0.46669767871526746,-0.46355864709368644,1.9645515764725139,-2.699322966693911,-0.06723091584736207,0.9939522016741745,-0.33009859015193127,-0.2858831284000593,-1.0382860966213445,-0.9810140515714615,0.6282563425296538,-2.529891748895473,-1.1390512981973393,0.35116499674059165,-0.08840658508226526,-0.11468478152465501,1.1462018443633122,1.038730426772355,0.8796689345491101,-1.3872552140145782,-0.8609694630246977,1.8584709329962243,0.37264863018124106,0.6493216711761853,-1.9732068167551002,0.035092121185863245,0.8347760802832246,-1.1706314277770513,-2.429597940638342,-0.15500191569243157,1.3964168672563062,0.37542381513345746,0.5238507306579896,0.8650246905080159,-0.0782273470326485,-0.04362058952348141,-0.05880664016514647,0.8569628912599208,-1.1848106851089337,0.9420831796369435,-0.07710311658920366,-1.0655386130891304,-0.5979823936036766,-1.2425927782026533,-0.06488088657683988,1.4148047887383277,0.9615379992371269,0.10676885522862356,-0.0808676119807894,0.8233805700548269,-0.1629753664289523,1.6117706628953543,0.14183354109812696,-2.1513168144405004,0.12627081779407534,-0.05327919748031035,-0.3408134128850082;1.6129200755454733,1.5674311779466024,0.948221167868835,0.5094352505218451,0.3536034562136767,-0.22040874322680698,1.6622741227625366,-1.010559915915565,1.228395484519289,0.8176145142553797,-0.04777226905962112,-0.5863396007861534,-0.7256686418469303,-0.47903029485418247,-1.214985806950809,-0.7625340095445953,-1.7152568232462928,1.1126759667359827,2.27891237234259,0.49723158832273545,-0.9571008690893378,0.554270623583486,0.08406982316076862,-1.151731601633847,-0.5497198599669926,-1.4162323824401815,-0.7281350594014292,0.1372014872954804,-0.7051929602770346,-2.911502519039403,0.12522087195686293,0.7461321322619489,0.39521511796956044,-0.3729516330010463,-1.2371178919547623,0.7350255513174138,-1.4433201067776036,0.5629758407326482,-1.5954156656934182,-0.14027053015679486,0.5461440254052581,0.9765430232358449,0.2044156887013677,-0.6039130299401125,-0.503251765131796,0.18389343624239451,0.3754319824521989,2.155820121441151,-1.3693820804132704,-1.4364479228094256,-0.4936183557781647,0.14092100649578393,0.2722607401303635,-0.8641471700497183,-1.1939203598020356,-2.1000505628679393,2.220928359447662,1.1756994462290231,0.24078348196303273,0.642019974657997,0.9549746591982748,-0.899436550106452,-0.4051571844132069,0.48882859341795704,2.216355200392451,0.9992901741555736,0.9872272209598478,-0.33837770643869114,-0.4060916098800185,-0.37353427137839706,0.41789432278503846,1.5099108877363394,0.2535011025634512,-0.29632505944008036,-1.4068317087231905,-0.5221457363525871,-1.0938943492761837,0.44694052510067345,0.6380298326976793,0.9582558814939317,1.0706780755732412,1.2294774722343094,-1.998728335653956,-0.18371083484871165,-1.9571409672452493,0.22891114633389142,1.0408032429698753,1.1403495505737957,0.4421025057347121,0.718192671254211,-2.419764266509521,-0.9347711423787942,-0.7509568250719526,-0.725333874967602,-1.2269860621078643,0.462357025372487,-0.2378365103968981,-0.7063402122242796,-1.7029918180252124,-0.3652150551856287,-0.4154025538667492,-0.26342744380815014,-0.46808460803390106,0.6680789740606324,-1.7884433474749197,0.5266134345479598,0.3848420256809296,-0.5386122381958538,0.6282769498368024,-1.5036243138409597,-3.096945811775848,-0.1694806367572902,-2.4926461654690613,-0.8499729882562459,0.09297391721560133,-0.29918590487914665,-0.4806920789559077,2.1399002412259085,1.4449870749291878,-0.4054082063168377,-0.15008749933475957,0.85929028285007,0.8800992406195405,0.861956252246838,0.9053520747795788,-1.0014292747184195,0.17472319624395266,-0.08603344177617478,0.6448170624165986,-1.2015361213542133,0.42858946127459446,1.0755439839724947,-0.24882569439475988,0.06047868566281961,0.6488833305606119,0.6911596845216773,0.08966531974217112,0.6060117596145538,0.07179162414675844,-0.8221892642867094,-0.35896737749788904,-1.4438511647039147,0.4856465720995238,-1.6099496392244366,-0.5126150376088392,0.404485455470603,1.1106049555272048,0.01212106924620221,0.5664986650696668,-2.5572818103210135,0.7895422508694574,-0.1821252901743785,-0.41270196184256425,-0.4294107943249559,-0.969084335007399,-0.43679605329005455,-0.9039676486793023,-0.07602277987289023
3;37;19587.244854450226;1780;1484;0.048803;0.0;0.055966/0.10281/0.111898/0.153663/0.106885/0.057297/0.103034/0.089172/0.110998/0.092553/0.069323/0.104187/0.087413/0.102463/0.103991/0.102511/0.054365/0.080893/0.095351/0.16308/0.077761/0.053549/0.100592/0.085332/0.140786/0.099815/0.102626/0.102662/0.098769/0.109971/0.153389/0.099516/0.101513/0.097915/0.071908/0.094963/0.054358/0.10328/0.087607/0.134694/0.080115/0.094804/0.098751/0.081194/0.101599/0.08548/0.055065/0.105307/0.06951/0.099054/0.142987/0.064294/0.080066/0.082657/0.053087/0.084543/0.138285/0.105876/0.140608/0.080478/0.063066/0.048803/0.140855/0.04952/0.116518/0.102286/0.147375/0.101866/0.055179/0.162505/0.097477/0.092596/0.078438/0.100586/0.076359/0.067192/0.147733/0.103248/0.102561/0.099008/0.074563/0.094017/0.056227/0.131123/0.102544/0.068797/0.071663/0.077804/0.088302/0.092426/0.127954/0.078405/0.105464/0.081081/0.127579/0.113808/0.063785/0.077594/0.067019/0.051518;0.0/0.197456/0.21531/0.364523/0.234712/0.001673/0.332785/0.252011/0.18601/0.008425/0.136027/0.192914/0.290509/0.183342/0.191556/0.224404/0.0/0.021382/0.086684/0.284456/0.010605/0.0/0.163997/0.020253/0.307177/0.087143/0.159025/0.204274/0.0317/0.327545/0.322467/0.343476/0.27059/0.01334/0.002276/0.011781/0.0/0.219469/0.002553/0.29814/1.9e-05/0.290987/0.109567/0.043854/0.347052/0.002113/0.0/0.297251/0.008731/0.106794/0.320545/0.210653/0.003117/0.00021/0.165537/0.223715/0.329486/0.184958/0.340655/2.9e-05/0.240717/0.0/0.288042/0.0/0.259833/0.357103/0.367583/0.202668/0.036223/0.361262/0.014315/0.009237/3.8e-05/0.087067/0.003299/0.089476/0.309309/0.266383/0.312226/0.186115/0.279245/0.00786/0.0/0.274817/0.338838/0.036835/0.072493/0.388812/3.8e-05/0.034435/0.280975/0.119321/0.215644/0.032656/0.309127/0.2448/0.0/0.008262/0.383887/0.144088;0.077804/0.067019/0.063066/0.053087/0.051518/0.048803;0.388812/0.383887/0.240717/0.165537/0.144088/0.0;3.0882120626684264,1.218865678346001,0.23470673258924307,1.0978255373110308,-1.003421403665833,-1.5057433624127636,1.3140934128859805,-0.2976203242363455,-0.7377674162962709,0.43759793220414134,0.8207014876225103,-0.4129253548111699,0.8721526828306868,-0.05573574227929212,-0.9443003388049558,-1.7329592049270166,-0.33591964493319526,1.3553432275035684,2.771732492735638,0.8817494400885241,-1.1262203829027158,-0.524533127437962,0.07217516377130567,0.06344320339914071,0.1487593271630679,0.5435462385095692,-2.1060062048855217,-0.7761366300028743,-0.9219932399105322,-1.7654250690179134,-1.3753951355660223,-1.37070232265502,-1.8272342513878652,0.24581272746860644,-2.2327587981540535,0.8870793597195267,-1.344619289914185,0.06748342998485715,-0.3175239133948518,-0.07013850117574624,-1.331635227374121,0.37248829037825754,0.1304616216095171,-0.49757330764869023,-1.1760519162934184,0.23497665716173682,-0.00530617494513054,0.5200368770969882,-2.03089125343905,-0.7746918178054948,0.9563064051715799,1.0936603023892206,-0.18241655054099165,0.7345688735032874,-1.7627049834743411,-1.7135586898623631,1.7536348769902417,0.8653000491925364,-1.2505382390639144,-0.009543710854564028,0.36377044695891936,-0.8465905380196908,-0.34150514528366577,1.22642915858719,0.1681832359360728,1.6727842339317378,0.5015695773124867,-0.9446497129990283,-1.9199676538102541,-0.8938200418794039,-0.9309274452720109,-0.08563912153642922,-0.5069900300362548,-0.90658525117516,-0.10718264747718403,-0.9538304196136849,-0.6707030173432101,1.265043431562772,0.4936121573649306,0.32563879604486046,0.972464987984922,0.8819861303186837,-0.05997039719134911,-0.6171571031331272,-2.0706885704080324,-0.26985668270173235,1.249753654475692,0.20019887837606418,-1.4194331958516808,-1.740520939776835,-0.5546042992896792,-0.907753845983867,-0.814300643936957,-0.3277449871648332,-0.6923822698290428,-1.5860638891725753,-0.09589834288379295,-0.8944321832410913,-1.9978591561809806,2.435078379263593,-0.5083603987799944,0.46669767871526746,-0.46355864709368644,1.9645515764725139,-2.699322966693911,-0.06723091584736207,0.9939522016741745,-0.33009859015193127,-0.2858831284000593,-1.0382860966213445,-0.9810140515714615,0.6282563425296538,-2.529891748895473,-1.1390512981973393,0.35116499674059165,-0.08840658508226526,-0.11468478152465501,1.1462018443633122,1.038730426772355,0.8796689345491101,-1.3872552140145782,-0.8609694630246977,1.8584709329962243,0.37264863018124106,0.6493216711761853,-1.9732068167551002,0.035092121185863245,0.8347760802832246,-1.1706314277770513,-2.429597940638342,-0.15500191569243157,1.3964168672563062,0.37542381513345746,0.5238507306579896,0.8650246905080159,-0.0782273470326485,-0.04362058952348141,-0.05880664016514647,0.8569628912599208,-1.1848106851089337,0.9420831796369435,-0.07710311658920366,-1.0655386130891304,-0.5979823936036766,-1.2425927782026533,-0.06488088657683988,1.4148047887383277,0.9615379992371269,0.10676885522862356,-0.0808676119807894,0.8233805700548269,-0.1629753664289523,1.6117706628953543,0.14183354109812696,-2.1513168144405004,0.12627081779407534,-0.05327919748031035,-0.3408134128850082;1.6129200755454733,1.5674311779466024,0.948221167868835,0.5094352505218451,0.3536034562136767,-0.22040874322680698,1.6622741227625366,-1.010559915915565,1.228395484519289,0.8176145142553797,-0.04777226905962112,-0.5863396007861534,-0.7256686418469303,-0.47903029485418247,-1.214985806950809,-0.7625340095445953,-1.7152568232462928,1.1126759667359827,2.27891237234259,0.49723158832273545,-0.9571008690893378,0.554270623583486,0.08406982316076862,-1.151731601633847,-0.5497198599669926,-1.4162323824401815,-0.7281350594014292,0.1372014872954804,-0.7051929602770346,-2.911502519039403,0.12522087195686293,0.7461321322619489,0.39521511796956044,-0.3729516330010463,-1.2371178919547623,0.7350255513174138,-1.4433201067776036,0.5629758407326482,-1.5954156656934182,-0.14027053015679486,0.5461440254052581,0.9765430232358449,0.2044156887013677,-0.6039130299401125,-0.503251765131796,0.18389343624239451,0.3754319824521989,2.155820121441151,-1.3693820804132704,-1.4364479228094256,-0.4936183557781647,0.14092100649578393,0.2722607401303635,-0.8641471700497183,-1.1939203598020356,-2.1000505628679393,2.220928359447662,1.1756994462290231,0.24078348196303273,0.642019974657997,0.9549746591982748,-0.899436550106452,-0.4051571844132069,0.48882859341795704,2.216355200392451,0.9992901741555736,0.9872272209598478,-0.33837770643869114,-0.4060916098800185,-0.37353427137839706,0.41789432278503846,1.5099108877363394,0.2535011025634512,-0.29632505944008036,-1.4068317087231905,-0.5221457363525871,-1.0938943492761837,0.44694052510067345,0.6380298326976793,0.9582558814939317,1.0706780755732412,1.2294774722343094,-1.998728335653956,-0.18371083484871165,-1.9571409672452493,0.22891114633389142,1.0408032429698753,1.1403495505737957,0.4421025057347121,0.718192671254211,-2.419764266509521,-0.9347711423787942,-0.7509568250719526,-0.725333874967602,-1.2269860621078643,0.462357025372487,-0.2378365103968981,-0.7063402122242796,-1.7029918180252124,-0.3652150551856287,-0.4154025538667492,-0.26342744380815014,-0.46808460803390106,0.6680789740606324,-1.7884433474749197,0.5266134345479598,0.3848420256809296,-0.5386122381958538,0.6282769498368024,-1.5036243138409597,-3.096945811775848,-0.1694806367572902,-2.4926461654690613,-0.8499729882562459,0.09297391721560133,-0.29918590487914665,-0.4806920789559077,2.1399002412259085,1.4449870749291878,-0.4054082063168377,-0.15008749933475957,0.85929028285007,0.8800992406195405,0.861956252246838,0.9053520747795788,-1.0014292747184195,0.17472319624395266,-0.08603344177617478,0.6448170624165986,-1.2015361213542133,0.42858946127459446,1.0755439839724947,-0.24882569439475988,0.06047868566281961,0.6488833305606119,0.6911596845216773,0.08966531974217112,0.6060117596145538,0.07179162414675844,-0.8221892642867094,-0.35896737749788904,-1.4438511647039147,0.4856465720995238,-1.6099496392244366,-0.5126150376088392,0.404485455470603,1.1106049555272048,0.01212106924620221,0.5664986650696668,-2.5572818103210135,0.7895422508694574,-0.1821252901743785,-0.41270196184256425,-0.4294107943249559,-0.969084335007399,-0.43679605329005455,-0.9039676486793023,-0.07602277987289023
3;38;20105.602150440216;1780;1484;0.048803;0.0;0.055966/0.10281/0.111898/0.153663/0.106885/0.057297/0.103034/0.089172/0.110998/0.092553/0.069323/0.104187/0.087413/0.102463/0.103991/0.102511/0.054365/0.080893/0.095351/0.077761/0.053549/0.100592/0.085332/0.140786/0.099815/0.102626/0.102662/0.098769/0.109971/0.153389/0.099516/0.101513/0.097915/0.071908/0.094963/0.054358/0.10328/0.087607/0.134694/0.080115/0.094804/0.098751/0.081194/0.101599/0.08548/0.055065/0.105307/0.06951/0.099054/0.142987/0.064294/0.080066/0.082657/0.053087/0.084543/0.138285/0.105876/0.140608/0.080478/0.063066/0.048803/0.140855/0.04952/0.116518/0.102286/0.147375/0.101866/0.055179/0.162505/0.097477/0.092596/0.078438/0.100586/0.076359/0.067192/0.147733/0.103248/0.102561/0.099008/0.074563/0.094017/0.056227/0.131123/0.102544/0.068797/0.071663/0.077804/0.092426/0.127954/0.078405/0.105464/0.081081/0.127579/0.113808/0.063785/0.077594/0.067019/0.051518/0.102485/0.07374;0.0/0.197456/0.21531/0.364523/0.234712/0.001673/0.332785/0.252011/0.18601/0.008425/0.136027/0.192914/0.290509/0.183342/0.191556/0.224404/0.0/0.021382/0.086684/0.010605/0.0/0.163997/0.020253/0.307177/0.087143/0.159025/0.204274/0.0317/0.327545/0.322467/0.343476/0.27059/0.01334/0.002276/0.011781/0.0/0.219469/0.002553/0.29814/1.9e-05/0.290987/0.109567/0.043854/0.347052/0.002113/0.0/0.297251/0.008731/0.106794/0.320545/0.210653/0.003117/0.00021/0.165537/0.223715/0.329486/0.184958/0.340655/2.9e-05/0.240717/0.0/0.288042/0.0/0.259833/0.357103/0.367583/0.202668/0.036223/0.361262/0.014315/0.009237/3.8e-05/0.087067/0.003299/0.089476/0.309309/0.266383/0.312226/0.186115/0.279245/0.00786/0.0/0.274817/0.338838/0.036835/0.072493/0.388812/0.034435/0.280975/0.119321/0.215644/0.032656/0.309127/0.2448/0.0/0.008262/0.383887/0.144088/0.204016/0.086914;0.077804/0.067019/0.063066/0.053087/0.051518/0.048803;0.388812/0.383887/0.240717/0.165537/0.144088/0.0;3.0882120626684264,1.218865678346001,0.23470673258924307,1.0978255373110308,-1.003421403665833,-1.5057433624127636,1.3140934128859805,-0.2976203242363455,-0.7377674162962709,0.43759793220414134,0.8207014876225103,-0.4129253548111699,0.8721526828306868,-0.05573574227929212,-0.9443003388049558,-1.7329592049270166,-0.33591964493319526,1.3553432275035684,2.771732492735638,0.8817494400885241,-1.1262203829027158,-0.524533127437962,0.07217516377130567,0.06344320339914071,0.1487593271630679,0.5435462385095692,-2.1060062048855217,-0.7761366300028743,-0.9219932399105322,-1.7654250690179134,-1.3753951355660223,-1.37070232265502,-1.8272342513878652,0.24581272746860644,-2.2327587981540535,0.8870793597195267,-1.344619289914185,0.06748342998485715,-0.3175239133948518,-0.07013850117574624,-1.331635227374121,0.37248829037825754,0.1304616216095171,-0.49757330764869023,-1.1760519162934184,0.23497665716173682,-0.00530617494513054,0.5200368770969882,-2.03089125343905,-0.7746918178054948,0.9563064051715799,1.0936603023892206,-0.18241655054099165,0.7345688735032874,-1.7627049834743411,-1.7135586898623631,1.7536348769902417,0.8653000491925364,-1.2505382390639144,-0.009543710854564028,0.36377044695891936,-0.8465905380196908,-0.34150514528366577,1.22642915858719,0.1681832359360728,1.6727842339317378,0.5015695773124867,-0.9446497129990283,-1.9199676538102541,-0.8938200418794039,-0.9309274452720109,-0.08563912153642922,-0.5069900300362548,-0.90658525117516,-0.10718264747718403,-0.9538304196136849,-0.6707030173432101,1.265043431562772,0.4936121573649306,0.32563879604486046,0.972464987984922,0.8819861303186837,-0.05997039719134911,-0.6171571031331272,-2.0706885704080324,-0.26985668270173235,1.249753654475692,0.20019887837606418,-1.4194331958516808,-1.740520939776835,-0.5546042992896792,-0.907753845983867,-0.814300643936957,-0.3277449871648332,-0.6923822698290428,-1.5860638891725753,-0.09589834288379295,-0.8944321832410913,-1.9978591561809806,2.435078379263593,-0.5083603987799944,0.46669767871526746,-0.46355864709368644,1.9645515764725139,-2.699322966693911,-0.06723091584736207,0.9939522016741745,-0.33009859015193127,-0.2858831284000593,-1.0382860966213445,-0.9810140515714615,0.6282563425296538,-2.529891748895473,-1.1390512981973393,0.35116499674059165,-0.08840658508226526,-0.11468478152465501,1.1462018443633122,1.038730426772355,0.8796689345491101,-1.3872552140145782,-0.8609694630246977,1.8584709329962243,0.37264863018124106,0.6493216711761853,-1.9732068167551002,0.035092121185863245,0.8347760802832246,-1.1706314277770513,-2.429597940638342,-0.15500191569243157,1.3964168672563062,0.37542381513345746,0.5238507306579896,0.8650246905080159,-0.0782273470326485,-0.04362058952348141,-0.05880664016514647,0.8569628912599208,-1.1848106851089337,0.9420831796369435,-0.07710311658920366,-1.0655386130891304,-0.5979823936036766,-1.2425927782026533,-0.06488088657683988,1.4148047887383277,0.9615379992371269,0.10676885522862356,-0.0808676119807894,0.8233805700548269,-0.1629753664289523,1.6117706628953543,0.14183354109812696,-2.1513168144405004,0.12627081779407534,-0.05327919748031035,-0.3408134128850082;1.6129200755454733,1.5674311779466024,0.948221167868835,0.5094352505218451,0.3536034562136767,-0.22040874322680698,1.6622741227625366,-1.010559915915565,1.228395484519289,0.8176145142553797,-0.04777226905962112,-0.5863396007861534,-0.7256686418469303,-0.47903029485418247,-1.214985806950809,-0.7625340095445953,-1.7152568232462928,1.1126759667359827,2.27891237234259,0.49723158832273545,-0.9571008690893378,0.554270623583486,0.08406982316076862,-1.151731601633847,-0.5497198599669926,-1.4162323824401815,-0.7281350594014292,0.1372014872954804,-0.7051929602770346,-2.911502519039403,0.12522087195686293,0.7461321322619489,0.39521511796956044,-0.3729516330010463,-1.2371178919547623,0.7350255513174138,-1.4433201067776036,0.5629758407326482,-1.5954156656934182,-0.14027053015679486,0.5461440254052581,0.9765430232358449,0.2044156887013677,-0.6039130299401125,-0.503251765131796,0.18389343624239451,0.3754319824521989,2.155820121441151,-1.3693820804132704,-1.4364479228094256,-0.4936183557781647,0.14092100649578393,0.2722607401303635,-0.8641471700497183,-1.1939203598020356,-2.1000505628679393,2.220928359447662,1.1756994462290231,0.24078348196303273,0.642019974657997,0.9549746591982748,-0.899436550106452,-0.4051571844132069,0.48882859341795704,2.216355200392451,0.9992901741555736,0.9872272209598478,-0.33837770643869114,-0.4060916098800185,-0.37353427137839706,0.41789432278503846,1.5099108877363394,0.2535011025634512,-0.29632505944008036,-1.4068317087231905,-0.5221457363525871,-1.0938943492761837,0.44694052510067345,0.6380298326976793,0.9582558814939317,1.0706780755732412,1.2294774722343094,-1.998728335653956,-0.18371083484871165,-1.9571409672452493,0.22891114633389142,1.0408032429698753,1.1403495505737957,0.4421025057347121,0.718192671254211,-2.419764266509521,-0.9347711423787942,-0.7509568250719526,-0.725333874967602,-1.2269860621078643,0.462357025372487,-0.2378365103968981,-0.7063402122242796,-1.7029918180252124,-0.3652150551856287,-0.4154025538667492,-0.26342744380815014,-0.46808460803390106,0.6680789740606324,-1.7884433474749197,0.5266134345479598,0.3848420256809296,-0.5386122381958538,0.6282769498368024,-1.5036243138409597,-3.096945811775848,-0.1694806367572902,-2.4926461654690613,-0.8499729882562459,0.09297391721560133,-0.29918590487914665,-0.4806920789559077,2.1399002412259085,1.4449870749291878,-0.4054082063168377,-0.15008749933475957,0.85929028285007,0.8800992406195405,0.861956252246838,0.9053520747795788,-1.0014292747184195,0.17472319624395266,-0.08603344177617478,0.6448170624165986,-1.2015361213542133,0.42858946127459446,1.0755439839724947,-0.24882569439475988,0.06047868566281961,0.6488833305606119,0.6911596845216773,0.08966531974217112,0.6060117596145538,0.07179162414675844,-0.8221892642867094,-0.35896737749788904,-1.4438511647039147,0.4856465720995238,-1.6099496392244366,-0.5126150376088392,0.404485455470603,1.1106049555272048,0.01212106924620221,0.5664986650696668,-2.5572818103210135,0.7895422508694574,-0.1821252901743785,-0.41270196184256425,-0.4294107943249559,-0.969084335007399,-0.43679605329005455,-0.9039676486793023,-0.07602277987289023
3;39;20641.78728699684;1958;1484;0.048803;0.0;0.055966/0.10281/0.111898/0.153663/0.106885/0.057297/0.103034/0.089172/0.110998/0.092553/0.069323/0.104187/0.087413/0.102463/0.103991/0.102511/0.054365/0.080893/0.095351/0.077761/0.053549/0.100592/0.085332/0.140786/0.099815/0.102626/0.102662/0.098769/0.109971/0.153389/0.099516/0.101513/0.097915/0.071908/0.094963/0.054358/0.10328/0.087607/0.134694/0.080115/0.094804/0.098751/0.081194/0.101599/0.08548/0.055065/0.105307/0.06951/0.099054/0.142987/0.064294/0.080066/0.082657/0.053087/0.084543/0.138285/0.140608/0.080478/0.063066/0.048803/0.140855/0.04952/0.116518/0.102286/0.147375/0.101866/0.055179/0.162505/0.097477/0.092596/0.078438/0.076359/0.067192/0.147733/0.103248/0.102561/0.099008/0.074563/0.094017/0.056227/0.131123/0.102544/0.068797/0.071663/0.077804/0.092426/0.127954/0.078405/0.105464/0.081081/0.127579/0.113808/0.077594/0.067019/0.051518/0.102485/0.07374/0.081894/0.116761/0.088552;0.0/0.197456/0.21531/0.364523/0.234712/0.001673/0.332785/0.252011/0.18601/0.008425/0.136027/0.192914/0.290509/0.183342/0.191556/0.224404/0.0/0.021382/0.086684/0.010605/0.0/0.163997/0.020253/0.307177/0.087143/0.159025/0.204274/0.0317/0.327545/0.322467/0.343476/0.27059/0.01334/0.002276/0.011781/0.0/0.219469/0.002553/0.29814/1.9e-05/0.290987/0.109567/0.043854/0.347052/0.002113/0.0/0.297251/0.008731/0.106794/0.320545/0.210653/0.003117/0.00021/0.165537/0.223715/0.329486/0.340655/2.9e-05/0.240717/0.0/0.288042/0.0/0.259833/0.357103/0.367583/0.202668/0.036223/0.361262/0.014315/0.009237/3.8e-05/0.003299/0.089476/0.309309/0.266383/0.312226/0.186115/0.279245/0.00786/0.0/0.274817/0.338838/0.036835/0.072493/0.388812/0.034435/0.280975/0.119321/0.215644/0.032656/0.309127/0.2448/0.008262/0.383887/0.144088/0.204016/0.086914/0.248903/0.367076/0.415109;0.088552/0.077804/0.067019/0.063066/0.053087/0.051518/0.048803;0.415109/0.388812/0.383887/0.240717/0.165537/0.144088/0.0;3.1713387329297307,1.6100264421924544,0.1537124431970695,1.5450037027223396,-0.48557296692779817,-1.5283302342329592,1.6027935333307604,-0.37532713159143277,-0.5063909505083728,0.3660864418077876,1.5779026235781122,-0.6731172199061392,1.088719528107794,-0.4562860616732565,-0.8794798242495131,-1.1898284400464703,-0.8002300246993379,1.3919088062053475,2.8162628698353562,0.8193817630244971,-1.337097843367658,-0.6699039705003277,0.5156711415461803,0.4372325577579133,-0.09970292025916477,0.24358861340749927,-1.8488177151498077,-1.04696647668965,-0.25090090355356776,-1.9523109554061815,-1.4466396708445797,-1.1619602586979858,-2.2043265789238577,0.05002750443938794,-2.0789486944625373,0.6801908141228834,-2.269844830842946,0.056087073797183154,-0.07996945174336828,0.3159230821087885,-0.6879451305291513,0.24891395430287278,0.6075528952380641,-0.8728303729148592,-2.3229153222726477,0.4796776109644382,0.41391593326009074,0.4930147389303915,-1.809443728654069,-1.1830696344287461,1.9537554808807436,1.247372019263518,-0.45605877242230286,0.5959823203740928,-2.161774864728926,-1.4265361361207622,2.404962367740562,0.5898272054430611,-1.5342861320733465,0.3440631351446391,-0.22270927064576318,-0.9142907995460942,-0.6795065044635906,1.0146002815661634,-0.19525232681606122,1.3734636026924179,0.2466226270656376,-0.9177002278465255,-2.110903022010145,-0.9095590523131704,-1.2650865069555164,-0.3588243971693733,-0.04411954719484018,-1.2658412133567838,-0.23667477526977768,-1.4476246270129014,-1.1672397334666227,1.4062425778445684,0.7380226748559944,0.5359479491470458,1.1454199939188348,0.9063366307139997,0.241131530166679,-0.8123937226776844,-2.1001740333898367,-0.19968712446845166,0.5845429562160342,0.5473377790954559,-1.506921910890304,-1.550554038884778,0.15447078769447797,-0.355051366009586,-0.42791310578639097,0.039951642981926605,-0.5280483071488099,-1.220720054821518,-0.8860927206638329,-0.9841878643691808,-2.052420181186867,2.732124158658668,-0.5386042214246641,0.26543373277110954,-0.41103912924792263,2.384983257961293,-3.21995608071464,0.01894493733151592,0.9204431841854127,-0.12225272039323679,-0.6606299273050105,-0.6840858700081631,-0.8523697872574272,0.8379572553204763,-2.4888906888540276,-1.056737344643143,-0.47535551699049683,-0.3937159756370753,-0.1412437639684841,0.9317029634811889,0.8203247748321743,0.7407014587758219,-1.2562700632321555,-0.14472952347296908,1.6234764537944153,1.0076536819352047,0.9401163627536349,-2.166171810316672,-0.603497459653187,0.1725382289027234,-1.29231370792334,-1.967716571928513,-0.6741770837023983,1.4049861767386818,0.7347084142182457,-0.12920769806105747,0.9859073632691983,-0.5212340804097612,-0.3715035826307495,-0.10563664622362248,0.5415298760065794,-1.5972623242241513,1.0126710493000144,0.5489082099022391,-1.2943536398063826,-0.541552673456613,-1.7741419470296287,-0.17739150514366356,1.0524433176009578,0.41707317464436633,-0.02258410050363488,0.08267178681460513,0.6427537363031727,0.2445453258246836,2.286807994269573,-0.38321572271037374,-2.1949221330698636,0.017044083691360665,-0.1718004679579891,-0.7158425490611591;1.6129200755454733,1.5674311779466024,0.948221167868835,0.5094352505218451,0.3536034562136767,-0.22040874322680698,1.6622741227625366,-1.010559915915565,1.228395484519289,0.8176145142553797,-0.04777226905962112,-0.5863396007861534,-0.7256686418469303,-0.47903029485418247,-1.214985806950809,-0.7625340095445953,-1.7152568232462928,1.1126759667359827,2.27891237234259,0.49723158832273545,-0.9571008690893378,0.554270623583486,0.08406982316076862,-1.151731601633847,-0.5497198599669926,-1.4162323824401815,-0.7281350594014292,0.1372014872954804,-0.7051929602770346,-2.911502519039403,0.12522087195686293,0.7461321322619489,0.39521511796956044,-0.3729516330010463,-1.2371178919547623,0.7350255513174138,-1.4433201067776036,0.5629758407326482,-1.5954156656934182,-0.14027053015679486,0.5461440254052581,0.9765430232358449,0.2044156887013677,-0.6039130299401125,-0.503251765131796,0.18389343624239451,0.3754319824521989,2.155820121441151,-1.3693820804132704,-1.4364479228094256,-0.4936183557781647,0.14092100649578393,0.2722607401303635,-0.8641471700497183,-1.1939203598020356,-2.1000505628679393,2.220928359447662,1.1756994462290231,0.24078348196303273,0.642019974657997,0.9549746591982748,-0.899436550106452,-0.4051571844132069,0.48882859341795704,2.216355200392451,0.9992901741555736,0.9872272209598478,-0.33837770643869114,-0.4060916098800185,-0.37353427137839706,0.41789432278503846,1.5099108877363394,0.2535011025634512,-0.29632505944008036,-1.4068317087231905,-0.5221457363525871,-1.0938943492761837,0.44694052510067345,0.6380298326976793,0.9582558814939317,1.0706780755732412,1.2294774722343094,-1.998728335653956,-0.18371083484871165,-1.9571409672452493,0.22891114633389142,1.0408032429698753,1.1403495505737957,0.4421025057347121,0.718192671254211,-2.419764266509521,-0.9347711423787942,-0.7509568250719526,-0.725333874967602,-1.2269860621078643,0.462357025372487,-0.2378365103968981,-0.7063402122242796,-1.7029918180252124,-0.3652150551856287,-0.4154025538667492,-0.26342744380815014,-0.46808460803390106,0.6680789740606324,-1.7884433474749197,0.5266134345479598,0.3848420256809296,-0.5386122381958538,0.6282769498368024,-1.5036243138409597,-3.096945811775848,-0.1694806367572902,-2.4926461654690613,-0.8499729882562459,0.09297391721560133,-0.29918590487914665,-0.4806920789559077,2.1399002412259085,1.4449870749291878,-0.4054082063168377,-0.15008749933475957,0.85929028285007,0.8800992406195405,0.861956252246838,0.9053520747795788,-1.0014292747184195,0.17472319624395266,-0.08603344177617478,0.6448170624165986,-1.2015361213542133,0.42858946127459446,1.0755439839724947,-0.24882569439475988,0.06047868566281961,0.6488833305606119,0.6911596845216773,0.08966531974217112,0.6060117596145538,0.07179162414675844,-0.8221892642867094,-0.35896737749788904,-1.4438511647039147,0.4856465720995238,-1.6099496392244366,-0.5126150376088392,0.404485455470603,1.1106049555272048,0.01212106924620221,0.5664986650696668,-2.5572818103210135,0.7895422508694574,-0.1821252901743785,-0.41270196184256425,-0.4294107943249559,-0.969084335007399,-0.43679605329005455,-0.9039676486793023,-0.07602277987289023
3;40;21175.893867731094;1958;1484;0.048803;0.0;0.055966/0.10281/0.153663/0.106885/0.057297/0.103034/0.089172/0.092553/0.069323/0.087413/0.102463/0.102511/0.054365/0.080893/0.095351/0.077761/0.053549/0.100592/0.085332/0.140786/0.102662/0.098769/0.109971/0.153389/0.099516/0.101513/0.071908/0.094963/0.054358/0.10328/0.087607/0.134694/0.080115/0.094804/0.098751/0.081194/0.101599/0.08548/0.055065/0.105307/0.06951/0.099054/0.142987/0.064294/0.080066/0.082657/0.053087/0.084543/0.138285/0.140608/0.080478/0.063066/0.048803/0.140855/0.04952/0.116518/0.102286/0.147375/0.101866/0.055179/0.162505/0.097477/0.092596/0.078438/0.076359/0.067192/0.147733/0.103248/0.102561/0.099008/0.074563/0.094017/0.056227/0.131123/0.102544/0.068797/0.071663/0.077804/0.092426/0.127954/0.078405/0.105464/0.081081/0.127579/0.113808/0.077594/0.067019/0.051518/0.102485/0.07374/0.081894/0.116761/0.088552/0.09852/0.074803/0.09832/0.102033/0.105425/0.097055/0.193707;0.0/0.197456/0.364523/0.234712/0.001673/0.332785/0.252011/0.008425/0.136027/0.290509/0.183342/0.224404/0.0/0.021382/0.086684/0.010605/0.0/0.163997/0.020253/0.307177/0.204274/0.0317/0.327545/0.322467/0.343476/0.27059/0.002276/0.011781/0.0/0.219469/0.002553/0.29814/1.9e-05/0.290987/0.109567/0.043854/0.347052/0.002113/0.0/0.297251/0.008731/0.106794/0.320545/0.210653/0.003117/0.00021/0.165537/0.223715/0.329486/0.340655/2.9e-05/0.240717/0.0/0.288042/0.0/0.259833/0.357103/0.367583/0.202668/0.036223/0.361262/0.014315/0.009237/3.8e-05/0.003299/0.089476/0.309309/0.266383/0.312226/0.186115/0.279245/0.00786/0.0/0.274817/0.338838/0.036835/0.072493/0.388812/0.034435/0.280975/0.119321/0.215644/0.032656/0.309127/0.2448/0.008262/0.383887/0.144088/0.204016/0.086914/0.248903/0.367076/0.415109/0.248262/0.325298/0.168645/0.279398/0.266641/0.016601/0.32263;0.088552/0.077804/0.067019/0.063066/0.053087/0.051518/0.048803;0.415109/0.388812/0.383887/0.240717/0.165537/0.144088/0.0;3.1713387329297307,1.6100264421924544,0.1537124431970695,1.5450037027223396,-0.48557296692779817,-1.5283302342329592,1.6027935333307604,-0.37532713159143277,-0.5063909505083728,0.3660864418077876,1.5779026235781122,-0.6731172199061392,1.088719528107794,-0.4562860616732565,-0.8794798242495131,-1.1898284400464703,-0.8002300246993379,1.3919088062053475,2.8162628698353562,0.8193817630244971,-1.337097843367658,-0.6699039705003277,0.5156711415461803,0.4372325577579133,-0.09970292025916477,0.24358861340749927,-1.8488177151498077,-1.04696647668965,-0.25090090355356776,-1.9523109554061815,-1.4466396708445797,-1.1619602586979858,-2.2043265789238577,0.05002750443938794,-2.0789486944625373,0.6801908141228834,-2.269844830842946,0.056087073797183154,-0.07996945174336828,0.3159230821087885,-0.6879451305291513,0.24891395430287278,0.6075528952380641,-0.8728303729148592,-2.3229153222726477,0.4796776109644382,0.41391593326009074,0.4930147389303915,-1.809443728654069,-1.1830696344287461,1.9537554808807436,1.247372019263518,-0.45605877242230286,0.5959823203740928,-2.161774864728926,-1.4265361361207622,2.404962367740562,0.5898272054430611,-1.5342861320733465,0.3440631351446391,-0.22270927064576318,-0.9142907995460942,-0.6795065044635906,1.0146002815661634,-0.19525232681606122,1.3734636026924179,0.2466226270656376,-0.9177002278465255,-2.110903022010145,-0.9095590523131704,-1.2650865069555164,-0.3588243971693733,-0.04411954719484018,-1.2658412133567838,-0.23667477526977768,-1.4476246270129014,-1.1672397334666227,1.4062425778445684,0.7380226748559944,0.5359479491470458,1.1454199939188348,0.9063366307139997,0.241131530166679,-0.8123937226776844,-2.1001740333898367,-0.19968712446845166,0.5845429562160342,0.5473377790954559,-1.506921910890304,-1.550554038884778,0.15447078769447797,-0.355051366009586,-0.42791310578639097,0.039951642981926605,-0.5280483071488099,-1.220720054821518,-0.8860927206638329,-0.9841878643691808,-2.052420181186867,2.732124158658668,-0.5386042214246641,0.26543373277110954,-0.41103912924792263,2.384983257961293,-3.21995608071464,0.01894493733151592,0.9204431841854127,-0.12225272039323679,-0.6606299273050105,-0.6840858700081631,-0.8523697872574272,0.8379572553204763,-2.4888906888540276,-1.056737344643143,-0.47535551699049683,-0.3937159756370753,-0.1412437639684841,0.9317029634811889,0.8203247748321743,0.7407014587758219,-1.2562700632321555,-0.14472952347296908,1.6234764537944153,1.0076536819352047,0.9401163627536349,-2.166171810316672,-0.603497459653187,0.1725382289027234,-1.29231370792334,-1.967716571928513,-0.6741770837023983,1.4049861767386818,0.7347084142182457,-0.12920769806105747,0.9859073632691983,-0.5212340804097612,-0.3715035826307495,-0.10563664622362248,0.5415298760065794,-1.5972623242241513,1.0126710493000144,0.5489082099022391,-1.2943536398063826,-0.541552673456613,-1.7741419470296287,-0.17739150514366356,1.0524433176009578,0.41707317464436633,-0.02258410050363488,0.08267178681460513,0.6427537363031727,0.2445453258246836,2.286807994269573,-0.38321572271037374,-2.1949221330698636,0.017044083691360665,-0.1718004679579891,-0.7158425490611591;1.6129200755454733,1.5674311779466024,0.948221167868835,0.5094352505218451,0.3536034562136767,-0.22040874322680698,1.6622741227625366,-1.010559915915565,1.228395484519289,0.8176145142553797,-0.04777226905962112,-0.5863396007861534,-0.7256686418469303,-0.47903029485418247,-1.214985806950809,-0.7625340095445953,-1.7152568232462928,1.1126759667359827,2.27891237234259,0.49723158832273545,-0.9571008690893378,0.554270623583486,0.08406982316076862,-1.151731601633847,-0.5497198599669926,-1.4162323824401815,-0.7281350594014292,0.1372014872954804,-0.7051929602770346,-2.911502519039403,0.12522087195686293,0.7461321322619489,0.39521511796956044,-0.3729516330010463,-1.2371178919547623,0.7350255513174138,-1.4433201067776036,0.5629758407326482,-1.5954156656934182,-0.14027053015679486,0.5461440254052581,0.9765430232358449,0.2044156887013677,-0.6039130299401125,-0.503251765131796,0.18389343624239451,0.3754319824521989,2.155820121441151,-1.3693820804132704,-1.4364479228094256,-0.4936183557781647,0.14092100649578393,0.2722607401303635,-0.8641471700497183,-1.1939203598020356,-2.1000505628679393,2.220928359447662,1.1756994462290231,0.24078348196303273,0.642019974657997,0.9549746591982748,-0.899436550106452,-0.4051571844132069,0.48882859341795704,2.216355200392451,0.9992901741555736,0.9872272209598478,-0.33837770643869114,-0.4060916098800185,-0.37353427137839706,0.41789432278503846,1.5099108877363394,0.2535011025634512,-0.29632505944008036,-1.4068317087231905,-0.5221457363525871,-1.0938943492761837,0.44694052510067345,0.6380298326976793,0.9582558814939317,1.0706780755732412,1.2294774722343094,-1.998728335653956,-0.18371083484871165,-1.9571409672452493,0.22891114633389142,1.0408032429698753,1.1403495505737957,0.4421025057347121,0.718192671254211,-2.419764266509521,-0.9347711423787942,-0.7509568250719526,-0.725333874967602,-1.2269860621078643,0.462357025372487,-0.2378365103968981,-0.7063402122242796,-1.7029918180252124,-0.3652150551856287,-0.4154025538667492,-0.26342744380815014,-0.46808460803390106,0.6680789740606324,-1.7884433474749197,0.5266134345479598,0.3848420256809296,-0.5386122381958538,0.6282769498368024,-1.5036243138409597,-3.096945811775848,-0.1694806367572902,-2.4926461654690613,-0.8499729882562459,0.09297391721560133,-0.29918590487914665,-0.4806920789559077,2.1399002412259085,1.4449870749291878,-0.4054082063168377,-0.15008749933475957,0.85929028285007,0.8800992406195405,0.861956252246838,0.9053520747795788,-1.0014292747184195,0.17472319624395266,-0.08603344177617478,0.6448170624165986,-1.2015361213542133,0.42858946127459446,1.0755439839724947,-0.24882569439475988,0.06047868566281961,0.6488833305606119,0.6911596845216773,0.08966531974217112,0.6060117596145538,0.07179162414675844,-0.8221892642867094,-0.35896737749788904,-1.4438511647039147,0.4856465720995238,-1.6099496392244366,-0.5126150376088392,0.404485455470603,1.1106049555272048,0.01212106924620221,0.5664986650696668,-2.5572818103210135,0.7895422508694574,-0.1821252901743785,-0.41270196184256425,-0.4294107943249559,-0.969084335007399,-0.43679605329005455,-0.9039676486793023,-0.07602277987289023
3;41;21705.47322154045;2098;1484;0.048803;0.0;0.055966/0.153663/0.106885/0.057297/0.103034/0.089172/0.092553/0.069323/0.087413/0.102463/0.102511/0.054365/0.080893/0.095351/0.077761/0.053549/0.100592/0.085332/0.140786/0.102662/0.098769/0.109971/0.153389/0.099516/0.101513/0.071908/0.094963/0.054358/0.10328/0.087607/0.134694/0.080115/0.094804/0.098751/0.081194/0.101599/0.08548/0.055065/0.105307/0.06951/0.099054/0.142987/0.064294/0.080066/0.082657/0.053087/0.084543/0.138285/0.140608/0.080478/0.063066/0.048803/0.140855/0.04952/0.116518/0.102286/0.147375/0.101866/0.055179/0.162505/0.092596/0.078438/0.076359/0.067192/0.147733/0.103248/0.102561/0.099008/0.074563/0.094017/0.056227/0.102544/0.068797/0.071663/0.077804/0.092426/0.127954/0.078405/0.105464/0.081081/0.127579/0.113808/0.077594/0.067019/0.051518/0.102485/0.07374/0.081894/0.116761/0.088552/0.09852/0.074803/0.09832/0.102033/0.105425/0.097055/0.193707/0.110627/0.077904/0.136727;0.0/0.364523/0.234712/0.001673/0.332785/0.252011/0.008425/0.136027/0.290509/0.183342/0.224404/0.0/0.021382/0.086684/0.010605/0.0/0.163997/0.020253/0.307177/0.204274/0.0317/0.327545/0.322467/0.343476/0.27059/0.002276/0.011781/0.0/0.219469/0.002553/0.29814/1.9e-05/0.290987/0.109567/0.043854/0.347052/0.002113/0.0/0.297251/0.008731/0.106794/0.320545/0.210653/0.003117/0.00021/0.165537/0.223715/0.329486/0.340655/2.9e-05/0.240717/0.0/0.288042/0.0/0.259833/0.357103/0.367583/0.202668/0.036223/0.361262/0.009237/3.8e-05/0.003299/0.089476/0.309309/0.266383/0.312226/0.186115/0.279245/0.00786/0.0/0.338838/0.036835/0.072493/0.388812/0.034435/0.280975/0.119321/0.215644/0.032656/0.309127/0.2448/0.008262/0.383887/0.144088/0.204016/0.086914/0.248903/0.367076/0.415109/0.248262/0.325298/0.168645/0.279398/0.266641/0.016601/0.32263/0.218599/0.203433/0.580559;0.136727/0.088552/0.077804/0.067019/0.063066/0.053087/0.051518/0.048803;0.580559/0.415109/0.388812/0.383887/0.240717/0.165537/0.144088/0.0;-2.0639037071877233,-0.12924267857541527,0.4343157057448064,2.4542399728669118,0.37437266521885637,0.9647220521969188,-1.788362703143062,0.05582749300316246,3.3262887146470534,1.4262563648749076,1.179034120458962,-1.1043299225941514,-0.3384606205485553,-1.1283617825131702,0.5415028037155111,-0.5277177104842594,0.5080846041387201,-1.0412272747019808,1.2215283176334393,-1.0818689077462826,2.60959432103525,1.0063183880416704,-0.13948292819280272,0.7548126790085805,-0.46089814031380116,-0.8192738756458183,-0.6974362910924797,1.045967207875778,1.0535488830054693,0.22061138553944093,-0.35865408360412615,0.06715071913727064,1.0321493532822354,-1.6070144967630848,2.7794932798347864,-0.7074821140566707,0.8983189070615551,-0.6502613841537878,-0.6580330097369138,0.03213242936078675,-1.8511728853781693,-0.807858279577904,1.9857905026264606,1.8961466680349122,-1.6102691150440995,-1.075832755871603,-0.4498692535497865,1.0349624064163494,-0.924640282980734,0.07479170096505186,-0.06409290870393713,0.5602233664266978,1.8177444938418401,0.727835113056225,0.22227347511135584,-1.1929627507947482,0.9846416788964197,-0.024423429022081472,2.159431339660079,0.5905439951681559,-0.3254211591536395,0.7424737199111475,1.6930698618073121,-1.9451576907201857,-0.9973372623721986,0.5321458676868529,-1.4983538181777167,-1.9037085910484766,-1.4376275551612099,0.9991438806767017,0.06982932123413926,0.4096336721337259,-0.29917538818288847,-1.8614514256631947,-1.4699406864486182,-0.5980394922309578,1.376315237159281,-0.5900678722704763,-1.5643066557050895,1.5905598024016132,0.810501477608484,-1.269345176776794,0.5068141386456054,0.04559306579696193,1.9896231258570132,-0.5182593106342506,1.529459208294484,0.5694421648488154,-0.09225091935936842,1.6490466494404514,1.3878340784980667,-0.2379804412139248,-0.8372799072602801,0.3603110208989052,-0.782747469475279,1.4920409185243166,0.610020251960812,-1.8192084915674314,0.9193160246219347,0.5546713211666702,-1.1956292199646958,0.04114303190970353,-0.8643423225665545,-1.1705338264550766,-0.4242715101974798,-0.16204447374699768,-0.9586151218632477,0.16553310260981757,-0.6033470076558938,-1.8200519634094061,-1.154195051448689,-2.102012335963492,-1.1181981064547208,0.7604248875656879,0.0707551278006352,-0.2267147418705423,-0.9350339030195329,-1.0417651997508073,-0.887210201065234,1.328380376352287,-0.11780791558862114,-0.3591338524551173,2.318597397570552,0.07844857035687614,-0.17750794005326442,-0.1489446708947636,-0.5883932257301421,-0.1891612447429062,-0.8701070187688776,0.4944248235611162,0.4403493307144707,-0.579272234096234,0.15864787218245235,-0.1340674736059798,-0.5607571873763649,-0.8844749035792969,-0.33778928017492765,-0.6832491723482326,-0.7055789980632687,0.12996265045564565,0.15430129143850282,-0.7599018452269264,-0.5939546243650733,-0.5360335600140175,1.232507033615292,-0.9371834067127163,-0.7994730728445294,0.8528312297194836,-1.2563503262243036,-0.7293519142390696,-0.6680104367839947,-2.040532219754048,0.307486427380949,-0.3981838734144122,-0.4744528946873223,2.5646171114903282,-1.594429202235153,2.3687965012121066;1.6129200755454733,1.5674311779466024,0.948221167868835,0.5094352505218451,0.3536034562136767,-0.22040874322680698,1.6622741227625366,-1.010559915915565,1.228395484519289,0.8176145142553797,-0.04777226905962112,-0.5863396007861534,-0.7256686418469303,-0.47903029485418247,-1.214985806950809,-0.7625340095445953,-1.7152568232462928,1.1126759667359827,2.27891237234259,0.49723158832273545,-0.9571008690893378,0.554270623583486,0.08406982316076862,-1.151731601633847,-0.5497198599669926,-1.4162323824401815,-0.7281350594014292,0.1372014872954804,-0.7051929602770346,-2.911502519039403,0.12522087195686293,0.7461321322619489,0.39521511796956044,-0.3729516330010463,-1.2371178919547623,0.7350255513174138,-1.4433201067776036,0.5629758407326482,-1.5954156656934182,-0.14027053015679486,0.5461440254052581,0.9765430232358449,0.2044156887013677,-0.6039130299401125,-0.503251765131796,0.18389343624239451,0.3754319824521989,2.155820121441151,-1.3693820804132704,-1.4364479228094256,-0.4936183557781647,0.14092100649578393,0.2722607401303635,-0.8641471700497183,-1.1939203598020356,-2.1000505628679393,2.220928359447662,1.1756994462290231,0.24078348196303273,0.642019974657997,0.9549746591982748,-0.899436550106452,-0.4051571844132069,0.48882859341795704,2.216355200392451,0.9992901741555736,0.9872272209598478,-0.33837770643869114,-0.4060916098800185,-0.37353427137839706,0.41789432278503846,1.5099108877363394,0.2535011025634512,-0.29632505944008036,-1.4068317087231905,-0.5221457363525871,-1.0938943492761837,0.44694052510067345,0.6380298326976793,0.9582558814939317,1.0706780755732412,1.2294774722343094,-1.998728335653956,-0.18371083484871165,-1.9571409672452493,0.22891114633389142,1.0408032429698753,1.1403495505737957,0.4421025057347121,0.718192671254211,-2.419764266509521,-0.9347711423787942,-0.7509568250719526,-0.725333874967602,-1.2269860621078643,0.462357025372487,-0.2378365103968981,-0.7063402122242796,-1.7029918180252124,-0.3652150551856287,-0.4154025538667492,-0.26342744380815014,-0.46808460803390106,0.6680789740606324,-1.7884433474749197,0.5266134345479598,0.3848420256809296,-0.5386122381958538,0.6282769498368024,-1.5036243138409597,-3.096945811775848,-0.1694806367572902,-2.4926461654690613,-0.8499729882562459,0.09297391721560133,-0.29918590487914665,-0.4806920789559077,2.1399002412259085,1.4449870749291878,-0.4054082063168377,-0.15008749933475957,0.85929028285007,0.8800992406195405,0.861956252246838,0.9053520747795788,-1.0014292747184195,0.17472319624395266,-0.08603344177617478,0.6448170624165986,-1.2015361213542133,0.42858946127459446,1.0755439839724947,-0.24882569439475988,0.06047868566281961,0.6488833305606119,0.6911596845216773,0.08966531974217112,0.6060117596145538,0.07179162414675844,-0.8221892642867094,-0.35896737749788904,-1.4438511647039147,0.4856465720995238,-1.6099496392244366,-0.5126150376088392,0.404485455470603,1.1106049555272048,0.01212106924620221,0.5664986650696668,-2.5572818103210135,0.7895422508694574,-0.1821252901743785,-0.41270196184256425,-0.4294107943249559,-0.969084335007399,-0.43679605329005455,-0.9039676486793023,-0.07602277987289023
3;42;22234.655155658722;2098;1484;0.048803;0.0;0.055966/0.153663/0.106885/0.057297/0.103034/0.089172/0.092553/0.069323/0.087413/0.102463/0.102511/0.054365/0.080893/0.095351/0.077761/0.053549/0.100592/0.085332/0.140786/0.102662/0.098769/0.109971/0.153389/0.099516/0.101513/0.071908/0.094963/0.054358/0.10328/0.087607/0.134694/0.094804/0.098751/0.081194/0.101599/0.08548/0.055065/0.105307/0.06951/0.099054/0.142987/0.064294/0.080066/0.082657/0.053087/0.084543/0.138285/0.140608/0.063066/0.048803/0.04952/0.116518/0.102286/0.147375/0.101866/0.055179/0.162505/0.092596/0.078438/0.076359/0.067192/0.147733/0.103248/0.102561/0.099008/0.074563/0.094017/0.056227/0.102544/0.068797/0.071663/0.077804/0.092426/0.127954/0.078405/0.081081/0.127579/0.113808/0.077594/0.067019/0.051518/0.102485/0.07374/0.081894/0.116761/0.088552/0.09852/0.074803/0.09832/0.102033/0.105425/0.097055/0.193707/0.077904/0.136727/0.083971/0.060678/0.100136/0.07522/0.100922;0.0/0.364523/0.234712/0.001673/0.332785/0.252011/0.008425/0.136027/0.290509/0.183342/0.224404/0.0/0.021382/0.086684/0.010605/0.0/0.163997/0.020253/0.307177/0.204274/0.0317/0.327545/0.322467/0.343476/0.27059/0.002276/0.011781/0.0/0.219469/0.002553/0.29814/0.290987/0.109567/0.043854/0.347052/0.002113/0.0/0.297251/0.008731/0.106794/0.320545/0.210653/0.003117/0.00021/0.165537/0.223715/0.329486/0.340655/0.240717/0.0/0.0/0.259833/0.357103/0.367583/0.202668/0.036223/0.361262/0.009237/3.8e-05/0.003299/0.089476/0.309309/0.266383/0.312226/0.186115/0.279245/0.00786/0.0/0.338838/0.036835/0.072493/0.388812/0.034435/0.280975/0.119321/0.032656/0.309127/0.2448/0.008262/0.383887/0.144088/0.204016/0.086914/0.248903/0.367076/0.415109/0.248262/0.325298/0.168645/0.279398/0.266641/0.016601/0.32263/0.203433/0.580559/0.376113/0.004609/0.040803/0.000392/0.053856;0.136727/0.088552/0.077804/0.067019/0.063066/0.053087/0.051518/0.048803;0.580559/0.415109/0.388812/0.383887/0.240717/0.165537/0.144088/0.0;-2.0639037071877233,-0.12924267857541527,0.4343157057448064,2.4542399728669118,0.37437266521885637,0.9647220521969188,-1.788362703143062,0.05582749300316246,3.3262887146470534,1.4262563648749076,1.179034120458962,-1.1043299225941514,-0.3384606205485553,-1.1283617825131702,0.5415028037155111,-0.5277177104842594,0.5080846041387201,-1.0412272747019808,1.2215283176334393,-1.0818689077462826,2.60959432103525,1.0063183880416704,-0.13948292819280272,0.7548126790085805,-0.46089814031380116,-0.8192738756458183,-0.6974362910924797,1.045967207875778,1.0535488830054693,0.22061138553944093,-0.35865408360412615,0.06715071913727064,1.0321493532822354,-1.6070144967630848,2.7794932798347864,-0.7074821140566707,0.8983189070615551,-0.6502613841537878,-0.6580330097369138,0.03213242936078675,-1.8511728853781693,-0.807858279577904,1.9857905026264606,1.8961466680349122,-1.6102691150440995,-1.075832755871603,-0.4498692535497865,1.0349624064163494,-0.924640282980734,0.07479170096505186,-0.06409290870393713,0.5602233664266978,1.8177444938418401,0.727835113056225,0.22227347511135584,-1.1929627507947482,0.9846416788964197,-0.024423429022081472,2.159431339660079,0.5905439951681559,-0.3254211591536395,0.7424737199111475,1.6930698618073121,-1.9451576907201857,-0.9973372623721986,0.5321458676868529,-1.4983538181777167,-1.9037085910484766,-1.4376275551612099,0.9991438806767017,0.06982932123413926,0.4096336721337259,-0.29917538818288847,-1.8614514256631947,-1.4699406864486182,-0.5980394922309578,1.376315237159281,-0.5900678722704763,-1.5643066557050895,1.5905598024016132,0.810501477608484,-1.269345176776794,0.5068141386456054,0.04559306579696193,1.9896231258570132,-0.5182593106342506,1.529459208294484,0.5694421648488154,-0.09225091935936842,1.6490466494404514,1.3878340784980667,-0.2379804412139248,-0.8372799072602801,0.3603110208989052,-0.782747469475279,1.4920409185243166,0.610020251960812,-1.8192084915674314,0.9193160246219347,0.5546713211666702,-1.1956292199646958,0.04114303190970353,-0.8643423225665545,-1.1705338264550766,-0.4242715101974798,-0.16204447374699768,-0.9586151218632477,0.16553310260981757,-0.6033470076558938,-1.8200519634094061,-1.154195051448689,-2.102012335963492,-1.1181981064547208,0.7604248875656879,0.0707551278006352,-0.2267147418705423,-0.9350339030195329,-1.0417651997508073,-0.887210201065234,1.328380376352287,-0.11780791558862114,-0.3591338524551173,2.318597397570552,0.07844857035687614,-0.17750794005326442,-0.1489446708947636,-0.5883932257301421,-0.1891612447429062,-0.8701070187688776,0.4944248235611162,0.4403493307144707,-0.579272234096234,0.15864787218245235,-0.1340674736059798,-0.5607571873763649,-0.8844749035792969,-0.33778928017492765,-0.6832491723482326,-0.7055789980632687,0.12996265045564565,0.15430129143850282,-0.7599018452269264,-0.5939546243650733,-0.5360335600140175,1.232507033615292,-0.9371834067127163,-0.7994730728445294,0.8528312297194836,-1.2563503262243036,-0.7293519142390696,-0.6680104367839947,-2.040532219754048,0.307486427380949,-0.3981838734144122,-0.4744528946873223,2.5646171114903282,-1.594429202235153,2.3687965012121066;1.6129200755454733,1.5674311779466024,0.948221167868835,0.5094352505218451,0.3536034562136767,-0.22040874322680698,1.6622741227625366,-1.010559915915565,1.228395484519289,0.8176145142553797,-0.04777226905962112,-0.5863396007861534,-0.7256686418469303,-0.47903029485418247,-1.214985806950809,-0.7625340095445953,-1.7152568232462928,1.1126759667359827,2.27891237234259,0.49723158832273545,-0.9571008690893378,0.554270623583486,0.08406982316076862,-1.151731601633847,-0.5497198599669926,-1.4162323824401815,-0.7281350594014292,0.1372014872954804,-0.7051929602770346,-2.911502519039403,0.12522087195686293,0.7461321322619489,0.39521511796956044,-0.3729516330010463,-1.2371178919547623,0.7350255513174138,-1.4433201067776036,0.5629758407326482,-1.5954156656934182,-0.14027053015679486,0.5461440254052581,0.9765430232358449,0.2044156887013677,-0.6039130299401125,-0.503251765131796,0.18389343624239451,0.3754319824521989,2.155820121441151,-1.3693820804132704,-1.4364479228094256,-0.4936183557781647,0.14092100649578393,0.2722607401303635,-0.8641471700497183,-1.1939203598020356,-2.1000505628679393,2.220928359447662,1.1756994462290231,0.24078348196303273,0.642019974657997,0.9549746591982748,-0.899436550106452,-0.4051571844132069,0.48882859341795704,2.216355200392451,0.9992901741555736,0.9872272209598478,-0.33837770643869114,-0.4060916098800185,-0.37353427137839706,0.41789432278503846,1.5099108877363394,0.2535011025634512,-0.29632505944008036,-1.4068317087231905,-0.5221457363525871,-1.0938943492761837,0.44694052510067345,0.6380298326976793,0.9582558814939317,1.0706780755732412,1.2294774722343094,-1.998728335653956,-0.18371083484871165,-1.9571409672452493,0.22891114633389142,1.0408032429698753,1.1403495505737957,0.4421025057347121,0.718192671254211,-2.419764266509521,-0.9347711423787942,-0.7509568250719526,-0.725333874967602,-1.2269860621078643,0.462357025372487,-0.2378365103968981,-0.7063402122242796,-1.7029918180252124,-0.3652150551856287,-0.4154025538667492,-0.26342744380815014,-0.46808460803390106,0.6680789740606324,-1.7884433474749197,0.5266134345479598,0.3848420256809296,-0.5386122381958538,0.6282769498368024,-1.5036243138409597,-3.096945811775848,-0.1694806367572902,-2.4926461654690613,-0.8499729882562459,0.09297391721560133,-0.29918590487914665,-0.4806920789559077,2.1399002412259085,1.4449870749291878,-0.4054082063168377,-0.15008749933475957,0.85929028285007,0.8800992406195405,0.861956252246838,0.9053520747795788,-1.0014292747184195,0.17472319624395266,-0.08603344177617478,0.6448170624165986,-1.2015361213542133,0.42858946127459446,1.0755439839724947,-0.24882569439475988,0.06047868566281961,0.6488833305606119,0.6911596845216773,0.08966531974217112,0.6060117596145538,0.07179162414675844,-0.8221892642867094,-0.35896737749788904,-1.4438511647039147,0.4856465720995238,-1.6099496392244366,-0.5126150376088392,0.404485455470603,1.1106049555272048,0.01212106924620221,0.5664986650696668,-2.5572818103210135,0.7895422508694574,-0.1821252901743785,-0.41270196184256425,-0.4294107943249559,-0.969084335007399,-0.43679605329005455,-0.9039676486793023,-0.07602277987289023
3;43;22755.77224421501;2151;1484;0.048803;0.0;0.055966/0.153663/0.057297/0.103034/0.089172/0.092553/0.069323/0.087413/0.102463/0.102511/0.054365/0.080893/0.095351/0.077761/0.053549/0.100592/0.085332/0.140786/0.102662/0.109971/0.153389/0.099516/0.101513/0.071908/0.094963/0.054358/0.10328/0.087607/0.134694/0.094804/0.098751/0.081194/0.101599/0.08548/0.055065/0.105307/0.06951/0.142987/0.064294/0.080066/0.082657/0.053087/0.084543/0.138285/0.140608/0.063066/0.048803/0.04952/0.116518/0.102286/0.147375/0.101866/0.055179/0.162505/0.092596/0.078438/0.076359/0.067192/0.147733/0.103248/0.102561/0.099008/0.074563/0.094017/0.102544/0.068797/0.071663/0.077804/0.092426/0.078405/0.081081/0.127579/0.113808/0.077594/0.067019/0.051518/0.102485/0.07374/0.081894/0.116761/0.088552/0.09852/0.074803/0.09832/0.102033/0.105425/0.097055/0.193707/0.077904/0.136727/0.083971/0.060678/0.07522/0.09831/0.060543/0.078801/0.076598/0.09855/0.121465/0.049126;0.0/0.364523/0.001673/0.332785/0.252011/0.008425/0.136027/0.290509/0.183342/0.224404/0.0/0.021382/0.086684/0.010605/0.0/0.163997/0.020253/0.307177/0.204274/0.327545/0.322467/0.343476/0.27059/0.002276/0.011781/0.0/0.219469/0.002553/0.29814/0.290987/0.109567/0.043854/0.347052/0.002113/0.0/0.297251/0.008731/0.320545/0.210653/0.003117/0.00021/0.165537/0.223715/0.329486/0.340655/0.240717/0.0/0.0/0.259833/0.357103/0.367583/0.202668/0.036223/0.361262/0.009237/3.8e-05/0.003299/0.089476/0.309309/0.266383/0.312226/0.186115/0.279245/0.00786/0.338838/0.036835/0.072493/0.388812/0.034435/0.119321/0.032656/0.309127/0.2448/0.008262/0.383887/0.144088/0.204016/0.086914/0.248903/0.367076/0.415109/0.248262/0.325298/0.168645/0.279398/0.266641/0.016601/0.32263/0.203433/0.580559/0.376113/0.004609/0.000392/0.652556/0.023409/0.000124/0.007574/0.153775/0.302568/0.0;0.09831/0.088552/0.077804/0.067019/0.063066/0.053087/0.051518/0.048803;0.652556/0.415109/0.388812/0.383887/0.240717/0.165537/0.144088/0.0;-0.6474822743298478,0.0069879715232879225,0.23068830775153382,1.431663971846271,0.1342516092129053,-0.5279417075935483,-3.310843200518917,0.42789424851544916,-0.03532079585596887,1.9480404485474998,-2.4069464557555653,-2.614775740197765,-2.2131879454886816,-0.5772320038569592,1.4031773810963288,0.48586299557426466,-0.7284343117489969,0.6948953941715839,2.9200953515757275,-0.15761281949601347,0.900056942900339,-1.4615038361594623,-5.503993871197599e-05,0.7561514430344891,-0.06749395515220807,-0.04217855056994979,1.3067989922159295,-0.8291984518570353,0.5945425610861,0.842651274830664,0.7807005674659313,0.20517468981702924,1.8748431713906917,-2.094415874172559,2.1152541834421204,0.11134153574086403,1.4768763372213065,-2.3258939318580474,-0.681776084571525,-0.02391832417261547,-1.9957688417187116,-0.44024205473103384,1.1480895446953834,0.7724847362638428,-0.4267568055456459,0.4885382996407242,-0.42436331626188717,0.9892190223240934,-0.7327919062516425,0.4949514818972468,-0.365817621888491,-1.1448398967768432,1.2891557438444683,1.240959664696422,-0.030690374892937355,-0.4735327848720772,-1.140280645438514,2.2008766196496636,0.7618378990763365,0.25991636262083784,0.393750653253367,1.0266894872504007,0.386944375544071,-1.7573070437631415,-0.49947443046116746,-0.9925477202003397,0.5974744530284297,-0.3035841734218393,-2.929428270239497,-0.0026426390590573723,-1.4129752409544138,-0.561666932285144,-2.3164254858345825,-2.4822376482315853,-1.3406547357028513,0.981164643420434,0.5374974330969378,1.395187136452023,-0.6877630115493059,1.932050492313391,1.4144059305054522,-0.2083180165801315,1.193341019985606,-1.368546376980819,1.5076563463202937,-0.7828364962029323,-0.7552198313413633,-0.5130561935980525,-0.19030112342933775,-1.6232203054361787,1.602379680066642,0.6794490383925076,1.9427249296975746,0.6760524473926285,-1.2133248962054135,-0.7034765490077131,1.0951635522757575,-1.3186452071467358,0.06440396722550669,-0.14570897164993007,0.3294992978661266,-2.6345601847486453,-0.557728145300163,0.3572470485644214,1.2251257774568953,0.7186494158436935,0.12284488922823666,-0.5446857349850026,0.12316798190490855,-1.832193707128875,1.7271072163689394,-2.11969411388641,-1.4984224200744312,-0.633636021105286,0.29405070926471066,-0.6410266020195685,0.9375455396103529,0.5975559973847551,-0.21148858094640552,0.42249689375832605,1.3309813709916978,0.3333854426067281,0.31115926185524756,0.1847766600506833,0.7688874778110147,0.6248586403139748,-1.115173685305252,-0.597342746600392,1.9073578354780363,1.3912622921316666,0.7599489983871115,0.6133766938682089,-0.017103287973727066,0.9753133143747408,-0.8911259181763742,1.4857139440476275,-1.9091974021333087,0.7850891999166494,2.1495851854918433,0.9076090754892714,1.3398637754820744,-0.9661683422139278,0.3815258356841179,0.1844138945208731,0.3478044542147061,0.2244941882179564,0.39107576572891467,1.0708745324191695,0.05822833615033757,0.49403036407853057,-0.43528709525001996,-1.8602776085744637,-1.2347024838520622,-0.9647967083615165,0.6038922454074589,-0.010365293992710023,0.16998663377907697,0.5279648229899143;1.6129200755454733,1.5674311779466024,0.948221167868835,0.5094352505218451,0.3536034562136767,-0.22040874322680698,1.6622741227625366,-1.010559915915565,1.228395484519289,0.8176145142553797,-0.04777226905962112,-0.5863396007861534,-0.7256686418469303,-0.47903029485418247,-1.214985806950809,-0.7625340095445953,-1.7152568232462928,1.1126759667359827,2.27891237234259,0.49723158832273545,-0.9571008690893378,0.554270623583486,0.08406982316076862,-1.151731601633847,-0.5497198599669926,-1.4162323824401815,-0.7281350594014292,0.1372014872954804,-0.7051929602770346,-2.911502519039403,0.12522087195686293,0.7461321322619489,0.39521511796956044,-0.3729516330010463,-1.2371178919547623,0.7350255513174138,-1.4433201067776036,0.5629758407326482,-1.5954156656934182,-0.14027053015679486,0.5461440254052581,0.9765430232358449,0.2044156887013677,-0.6039130299401125,-0.503251765131796,0.18389343624239451,0.3754319824521989,2.155820121441151,-1.3693820804132704,-1.4364479228094256,-0.4936183557781647,0.14092100649578393,0.2722607401303635,-0.8641471700497183,-1.1939203598020356,-2.1000505628679393,2.220928359447662,1.1756994462290231,0.24078348196303273,0.642019974657997,0.9549746591982748,-0.899436550106452,-0.4051571844132069,0.48882859341795704,2.216355200392451,0.9992901741555736,0.9872272209598478,-0.33837770643869114,-0.4060916098800185,-0.37353427137839706,0.41789432278503846,1.5099108877363394,0.2535011025634512,-0.29632505944008036,-1.4068317087231905,-0.5221457363525871,-1.0938943492761837,0.44694052510067345,0.6380298326976793,0.9582558814939317,1.0706780755732412,1.2294774722343094,-1.998728335653956,-0.18371083484871165,-1.9571409672452493,0.22891114633389142,1.0408032429698753,1.1403495505737957,0.4421025057347121,0.718192671254211,-2.419764266509521,-0.9347711423787942,-0.7509568250719526,-0.725333874967602,-1.2269860621078643,0.462357025372487,-0.2378365103968981,-0.7063402122242796,-1.7029918180252124,-0.3652150551856287,-0.4154025538667492,-0.26342744380815014,-0.46808460803390106,0.6680789740606324,-1.7884433474749197,0.5266134345479598,0.3848420256809296,-0.5386122381958538,0.6282769498368024,-1.5036243138409597,-3.096945811775848,-0.1694806367572902,-2.4926461654690613,-0.8499729882562459,0.09297391721560133,-0.29918590487914665,-0.4806920789559077,2.1399002412259085,1.4449870749291878,-0.4054082063168377,-0.15008749933475957,0.85929028285007,0.8800992406195405,0.861956252246838,0.9053520747795788,-1.0014292747184195,0.17472319624395266,-0.08603344177617478,0.6448170624165986,-1.2015361213542133,0.42858946127459446,1.0755439839724947,-0.24882569439475988,0.06047868566281961,0.6488833305606119,0.6911596845216773,0.08966531974217112,0.6060117596145538,0.07179162414675844,-0.8221892642867094,-0.35896737749788904,-1.4438511647039147,0.4856465720995238,-1.6099496392244366,-0.5126150376088392,0.404485455470603,1.1106049555272048,0.01212106924620221,0.5664986650696668,-2.5572818103210135,0.7895422508694574,-0.1821252901743785,-0.41270196184256425,-0.4294107943249559,-0.969084335007399,-0.43679605329005455,-0.9039676486793023,-0.07602277987289023
3;44;23288.565541267395;2151;1484;0.048803;0.0;0.055966/0.153663/0.057297/0.103034/0.089172/0.092553/0.069323/0.087413/0.102463/0.102511/0.054365/0.080893/0.095351/0.077761/0.053549/0.100592/0.085332/0.140786/0.102662/0.109971/0.153389/0.099516/0.101513/0.071908/0.094963/0.054358/0.10328/0.087607/0.134694/0.094804/0.081194/0.101599/0.08548/0.055065/0.105307/0.06951/0.142987/0.064294/0.080066/0.082657/0.053087/0.084543/0.138285/0.140608/0.063066/0.048803/0.04952/0.116518/0.102286/0.147375/0.101866/0.055179/0.162505/0.092596/0.078438/0.076359/0.067192/0.147733/0.103248/0.102561/0.099008/0.074563/0.102544/0.068797/0.071663/0.077804/0.092426/0.078405/0.081081/0.127579/0.077594/0.067019/0.051518/0.102485/0.07374/0.081894/0.116761/0.088552/0.09852/0.074803/0.09832/0.102033/0.105425/0.193707/0.077904/0.136727/0.083971/0.060678/0.07522/0.09831/0.060543/0.078801/0.076598/0.121465/0.049126/0.084428/0.070321/0.101992/0.096355/0.088353;0.0/0.364523/0.001673/0.332785/0.252011/0.008425/0.136027/0.290509/0.183342/0.224404/0.0/0.021382/0.086684/0.010605/0.0/0.163997/0.020253/0.307177/0.204274/0.327545/0.322467/0.343476/0.27059/0.002276/0.011781/0.0/0.219469/0.002553/0.29814/0.290987/0.043854/0.347052/0.002113/0.0/0.297251/0.008731/0.320545/0.210653/0.003117/0.00021/0.165537/0.223715/0.329486/0.340655/0.240717/0.0/0.0/0.259833/0.357103/0.367583/0.202668/0.036223/0.361262/0.009237/3.8e-05/0.003299/0.089476/0.309309/0.266383/0.312226/0.186115/0.279245/0.338838/0.036835/0.072493/0.388812/0.034435/0.119321/0.032656/0.309127/0.008262/0.383887/0.144088/0.204016/0.086914/0.248903/0.367076/0.415109/0.248262/0.325298/0.168645/0.279398/0.266641/0.32263/0.203433/0.580559/0.376113/0.004609/0.000392/0.652556/0.023409/0.000124/0.007574/0.302568/0.0/0.244284/0.000306/0.209955/0.172087/0.146966;0.09831/0.088552/0.077804/0.067019/0.063066/0.053087/0.051518/0.048803;0.652556/0.415109/0.388812/0.383887/0.240717/0.165537/0.144088/0.0;-0.6474822743298478,0.0069879715232879225,0.23068830775153382,1.431663971846271,0.1342516092129053,-0.5279417075935483,-3.310843200518917,0.42789424851544916,-0.03532079585596887,1.9480404485474998,-2.4069464557555653,-2.614775740197765,-2.2131879454886816,-0.5772320038569592,1.4031773810963288,0.48586299557426466,-0.7284343117489969,0.6948953941715839,2.9200953515757275,-0.15761281949601347,0.900056942900339,-1.4615038361594623,-5.503993871197599e-05,0.7561514430344891,-0.06749395515220807,-0.04217855056994979,1.3067989922159295,-0.8291984518570353,0.5945425610861,0.842651274830664,0.7807005674659313,0.20517468981702924,1.8748431713906917,-2.094415874172559,2.1152541834421204,0.11134153574086403,1.4768763372213065,-2.3258939318580474,-0.681776084571525,-0.02391832417261547,-1.9957688417187116,-0.44024205473103384,1.1480895446953834,0.7724847362638428,-0.4267568055456459,0.4885382996407242,-0.42436331626188717,0.9892190223240934,-0.7327919062516425,0.4949514818972468,-0.365817621888491,-1.1448398967768432,1.2891557438444683,1.240959664696422,-0.030690374892937355,-0.4735327848720772,-1.140280645438514,2.2008766196496636,0.7618378990763365,0.25991636262083784,0.393750653253367,1.0266894872504007,0.386944375544071,-1.7573070437631415,-0.49947443046116746,-0.9925477202003397,0.5974744530284297,-0.3035841734218393,-2.929428270239497,-0.0026426390590573723,-1.4129752409544138,-0.561666932285144,-2.3164254858345825,-2.4822376482315853,-1.3406547357028513,0.981164643420434,0.5374974330969378,1.395187136452023,-0.6877630115493059,1.932050492313391,1.4144059305054522,-0.2083180165801315,1.193341019985606,-1.368546376980819,1.5076563463202937,-0.7828364962029323,-0.7552198313413633,-0.5130561935980525,-0.19030112342933775,-1.6232203054361787,1.602379680066642,0.6794490383925076,1.9427249296975746,0.6760524473926285,-1.2133248962054135,-0.7034765490077131,1.0951635522757575,-1.3186452071467358,0.06440396722550669,-0.14570897164993007,0.3294992978661266,-2.6345601847486453,-0.557728145300163,0.3572470485644214,1.2251257774568953,0.7186494158436935,0.12284488922823666,-0.5446857349850026,0.12316798190490855,-1.832193707128875,1.7271072163689394,-2.11969411388641,-1.4984224200744312,-0.633636021105286,0.29405070926471066,-0.6410266020195685,0.9375455396103529,0.5975559973847551,-0.21148858094640552,0.42249689375832605,1.3309813709916978,0.3333854426067281,0.31115926185524756,0.1847766600506833,0.7688874778110147,0.6248586403139748,-1.115173685305252,-0.597342746600392,1.9073578354780363,1.3912622921316666,0.7599489983871115,0.6133766938682089,-0.017103287973727066,0.9753133143747408,-0.8911259181763742,1.4857139440476275,-1.9091974021333087,0.7850891999166494,2.1495851854918433,0.9076090754892714,1.3398637754820744,-0.9661683422139278,0.3815258356841179,0.1844138945208731,0.3478044542147061,0.2244941882179564,0.39107576572891467,1.0708745324191695,0.05822833615033757,0.49403036407853057,-0.43528709525001996,-1.8602776085744637,-1.2347024838520622,-0.9647967083615165,0.6038922454074589,-0.010365293992710023,0.16998663377907697,0.5279648229899143;1.6129200755454733,1.5674311779466024,0.948221167868835,0.5094352505218451,0.3536034562136767,-0.22040874322680698,1.6622741227625366,-1.010559915915565,1.228395484519289,0.8176145142553797,-0.04777226905962112,-0.5863396007861534,-0.7256686418469303,-0.47903029485418247,-1.214985806950809,-0.7625340095445953,-1.7152568232462928,1.1126759667359827,2.27891237234259,0.49723158832273545,-0.9571008690893378,0.554270623583486,0.08406982316076862,-1.151731601633847,-0.5497198599669926,-1.4162323824401815,-0.7281350594014292,0.1372014872954804,-0.7051929602770346,-2.911502519039403,0.12522087195686293,0.7461321322619489,0.39521511796956044,-0.3729516330010463,-1.2371178919547623,0.7350255513174138,-1.4433201067776036,0.5629758407326482,-1.5954156656934182,-0.14027053015679486,0.5461440254052581,0.9765430232358449,0.2044156887013677,-0.6039130299401125,-0.503251765131796,0.18389343624239451,0.3754319824521989,2.155820121441151,-1.3693820804132704,-1.4364479228094256,-0.4936183557781647,0.14092100649578393,0.2722607401303635,-0.8641471700497183,-1.1939203598020356,-2.1000505628679393,2.220928359447662,1.1756994462290231,0.24078348196303273,0.642019974657997,0.9549746591982748,-0.899436550106452,-0.4051571844132069,0.48882859341795704,2.216355200392451,0.9992901741555736,0.9872272209598478,-0.33837770643869114,-0.4060916098800185,-0.37353427137839706,0.41789432278503846,1.5099108877363394,0.2535011025634512,-0.29632505944008036,-1.4068317087231905,-0.5221457363525871,-1.0938943492761837,0.44694052510067345,0.6380298326976793,0.9582558814939317,1.0706780755732412,1.2294774722343094,-1.998728335653956,-0.18371083484871165,-1.9571409672452493,0.22891114633389142,1.0408032429698753,1.1403495505737957,0.4421025057347121,0.718192671254211,-2.419764266509521,-0.9347711423787942,-0.7509568250719526,-0.725333874967602,-1.2269860621078643,0.462357025372487,-0.2378365103968981,-0.7063402122242796,-1.7029918180252124,-0.3652150551856287,-0.4154025538667492,-0.26342744380815014,-0.46808460803390106,0.6680789740606324,-1.7884433474749197,0.5266134345479598,0.3848420256809296,-0.5386122381958538,0.6282769498368024,-1.5036243138409597,-3.096945811775848,-0.1694806367572902,-2.4926461654690613,-0.8499729882562459,0.09297391721560133,-0.29918590487914665,-0.4806920789559077,2.1399002412259085,1.4449870749291878,-0.4054082063168377,-0.15008749933475957,0.85929028285007,0.8800992406195405,0.861956252246838,0.9053520747795788,-1.0014292747184195,0.17472319624395266,-0.08603344177617478,0.6448170624165986,-1.2015361213542133,0.42858946127459446,1.0755439839724947,-0.24882569439475988,0.06047868566281961,0.6488833305606119,0.6911596845216773,0.08966531974217112,0.6060117596145538,0.07179162414675844,-0.8221892642867094,-0.35896737749788904,-1.4438511647039147,0.4856465720995238,-1.6099496392244366,-0.5126150376088392,0.404485455470603,1.1106049555272048,0.01212106924620221,0.5664986650696668,-2.5572818103210135,0.7895422508694574,-0.1821252901743785,-0.41270196184256425,-0.4294107943249559,-0.969084335007399,-0.43679605329005455,-0.9039676486793023,-0.07602277987289023
3;45;23810.317705869675;2151;1484;0.048803;0.0;0.153663/0.057297/0.103034/0.089172/0.092553/0.069323/0.087413/0.102463/0.102511/0.054365/0.080893/0.095351/0.077761/0.053549/0.085332/0.140786/0.102662/0.109971/0.153389/0.099516/0.101513/0.071908/0.094963/0.054358/0.10328/0.087607/0.134694/0.094804/0.081194/0.101599/0.08548/0.105307/0.06951/0.142987/0.064294/0.080066/0.082657/0.053087/0.084543/0.138285/0.140608/0.063066/0.048803/0.04952/0.116518/0.102286/0.147375/0.101866/0.055179/0.162505/0.092596/0.078438/0.076359/0.067192/0.147733/0.103248/0.102561/0.099008/0.074563/0.102544/0.068797/0.071663/0.077804/0.092426/0.078405/0.081081/0.127579/0.077594/0.067019/0.051518/0.102485/0.07374/0.081894/0.116761/0.088552/0.09852/0.074803/0.09832/0.102033/0.105425/0.193707/0.077904/0.136727/0.083971/0.060678/0.07522/0.09831/0.060543/0.078801/0.076598/0.121465/0.049126/0.084428/0.070321/0.101992/0.096355/0.088353/0.079897/0.052452/0.05182;0.364523/0.001673/0.332785/0.252011/0.008425/0.136027/0.290509/0.183342/0.224404/0.0/0.021382/0.086684/0.010605/0.0/0.020253/0.307177/0.204274/0.327545/0.322467/0.343476/0.27059/0.002276/0.011781/0.0/0.219469/0.002553/0.29814/0.290987/0.043854/0.347052/0.002113/0.297251/0.008731/0.320545/0.210653/0.003117/0.00021/0.165537/0.223715/0.329486/0.340655/0.240717/0.0/0.0/0.259833/0.357103/0.367583/0.202668/0.036223/0.361262/0.009237/3.8e-05/0.003299/0.089476/0.309309/0.266383/0.312226/0.186115/0.279245/0.338838/0.036835/0.072493/0.388812/0.034435/0.119321/0.032656/0.309127/0.008262/0.383887/0.144088/0.204016/0.086914/0.248903/0.367076/0.415109/0.248262/0.325298/0.168645/0.279398/0.266641/0.32263/0.203433/0.580559/0.376113/0.004609/0.000392/0.652556/0.023409/0.000124/0.007574/0.302568/0.0/0.244284/0.000306/0.209955/0.172087/0.146966/0.248195/0.0/0.0;0.09831/0.088552/0.077804/0.067019/0.063066/0.053087/0.051518/0.048803;0.652556/0.415109/0.388812/0.383887/0.240717/0.165537/0.144088/0.0;-0.6474822743298478,0.0069879715232879225,0.23068830775153382,1.431663971846271,0.1342516092129053,-0.5279417075935483,-3.310843200518917,0.42789424851544916,-0.03532079585596887,1.9480404485474998,-2.4069464557555653,-2.614775740197765,-2.2131879454886816,-0.5772320038569592,1.4031773810963288,0.48586299557426466,-0.7284343117489969,0.6948953941715839,2.9200953515757275,-0.15761281949601347,0.900056942900339,-1.4615038361594623,-5.503993871197599e-05,0.7561514430344891,-0.06749395515220807,-0.04217855056994979,1.3067989922159295,-0.8291984518570353,0.5945425610861,0.842651274830664,0.7807005674659313,0.20517468981702924,1.8748431713906917,-2.094415874172559,2.1152541834421204,0.11134153574086403,1.4768763372213065,-2.3258939318580474,-0.681776084571525,-0.02391832417261547,-1.9957688417187116,-0.44024205473103384,1.1480895446953834,0.7724847362638428,-0.4267568055456459,0.4885382996407242,-0.42436331626188717,0.9892190223240934,-0.7327919062516425,0.4949514818972468,-0.365817621888491,-1.1448398967768432,1.2891557438444683,1.240959664696422,-0.030690374892937355,-0.4735327848720772,-1.140280645438514,2.2008766196496636,0.7618378990763365,0.25991636262083784,0.393750653253367,1.0266894872504007,0.386944375544071,-1.7573070437631415,-0.49947443046116746,-0.9925477202003397,0.5974744530284297,-0.3035841734218393,-2.929428270239497,-0.0026426390590573723,-1.4129752409544138,-0.561666932285144,-2.3164254858345825,-2.4822376482315853,-1.3406547357028513,0.981164643420434,0.5374974330969378,1.395187136452023,-0.6877630115493059,1.932050492313391,1.4144059305054522,-0.2083180165801315,1.193341019985606,-1.368546376980819,1.5076563463202937,-0.7828364962029323,-0.7552198313413633,-0.5130561935980525,-0.19030112342933775,-1.6232203054361787,1.602379680066642,0.6794490383925076,1.9427249296975746,0.6760524473926285,-1.2133248962054135,-0.7034765490077131,1.0951635522757575,-1.3186452071467358,0.06440396722550669,-0.14570897164993007,0.3294992978661266,-2.6345601847486453,-0.557728145300163,0.3572470485644214,1.2251257774568953,0.7186494158436935,0.12284488922823666,-0.5446857349850026,0.12316798190490855,-1.832193707128875,1.7271072163689394,-2.11969411388641,-1.4984224200744312,-0.633636021105286,0.29405070926471066,-0.6410266020195685,0.9375455396103529,0.5975559973847551,-0.21148858094640552,0.42249689375832605,1.3309813709916978,0.3333854426067281,0.31115926185524756,0.1847766600506833,0.7688874778110147,0.6248586403139748,-1.115173685305252,-0.597342746600392,1.9073578354780363,1.3912622921316666,0.7599489983871115,0.6133766938682089,-0.017103287973727066,0.9753133143747408,-0.8911259181763742,1.4857139440476275,-1.9091974021333087,0.7850891999166494,2.1495851854918433,0.9076090754892714,1.3398637754820744,-0.9661683422139278,0.3815258356841179,0.1844138945208731,0.3478044542147061,0.2244941882179564,0.39107576572891467,1.0708745324191695,0.05822833615033757,0.49403036407853057,-0.43528709525001996,-1.8602776085744637,-1.2347024838520622,-0.9647967083615165,0.6038922454074589,-0.010365293992710023,0.16998663377907697,0.5279648229899143;1.6129200755454733,1.5674311779466024,0.948221167868835,0.5094352505218451,0.3536034562136767,-0.22040874322680698,1.6622741227625366,-1.010559915915565,1.228395484519289,0.8176145142553797,-0.04777226905962112,-0.5863396007861534,-0.7256686418469303,-0.47903029485418247,-1.214985806950809,-0.7625340095445953,-1.7152568232462928,1.1126759667359827,2.27891237234259,0.49723158832273545,-0.9571008690893378,0.554270623583486,0.08406982316076862,-1.151731601633847,-0.5497198599669926,-1.4162323824401815,-0.7281350594014292,0.1372014872954804,-0.7051929602770346,-2.911502519039403,0.12522087195686293,0.7461321322619489,0.39521511796956044,-0.3729516330010463,-1.2371178919547623,0.7350255513174138,-1.4433201067776036,0.5629758407326482,-1.5954156656934182,-0.14027053015679486,0.5461440254052581,0.9765430232358449,0.2044156887013677,-0.6039130299401125,-0.503251765131796,0.18389343624239451,0.3754319824521989,2.155820121441151,-1.3693820804132704,-1.4364479228094256,-0.4936183557781647,0.14092100649578393,0.2722607401303635,-0.8641471700497183,-1.1939203598020356,-2.1000505628679393,2.220928359447662,1.1756994462290231,0.24078348196303273,0.642019974657997,0.9549746591982748,-0.899436550106452,-0.4051571844132069,0.48882859341795704,2.216355200392451,0.9992901741555736,0.9872272209598478,-0.33837770643869114,-0.4060916098800185,-0.37353427137839706,0.41789432278503846,1.5099108877363394,0.2535011025634512,-0.29632505944008036,-1.4068317087231905,-0.5221457363525871,-1.0938943492761837,0.44694052510067345,0.6380298326976793,0.9582558814939317,1.0706780755732412,1.2294774722343094,-1.998728335653956,-0.18371083484871165,-1.9571409672452493,0.22891114633389142,1.0408032429698753,1.1403495505737957,0.4421025057347121,0.718192671254211,-2.419764266509521,-0.9347711423787942,-0.7509568250719526,-0.725333874967602,-1.2269860621078643,0.462357025372487,-0.2378365103968981,-0.7063402122242796,-1.7029918180252124,-0.3652150551856287,-0.4154025538667492,-0.26342744380815014,-0.46808460803390106,0.6680789740606324,-1.7884433474749197,0.5266134345479598,0.3848420256809296,-0.5386122381958538,0.6282769498368024,-1.5036243138409597,-3.096945811775848,-0.1694806367572902,-2.4926461654690613,-0.8499729882562459,0.09297391721560133,-0.29918590487914665,-0.4806920789559077,2.1399002412259085,1.4449870749291878,-0.4054082063168377,-0.15008749933475957,0.85929028285007,0.8800992406195405,0.861956252246838,0.9053520747795788,-1.0014292747184195,0.17472319624395266,-0.08603344177617478,0.6448170624165986,-1.2015361213542133,0.42858946127459446,1.0755439839724947,-0.24882569439475988,0.06047868566281961,0.6488833305606119,0.6911596845216773,0.08966531974217112,0.6060117596145538,0.07179162414675844,-0.8221892642867094,-0.35896737749788904,-1.4438511647039147,0.4856465720995238,-1.6099496392244366,-0.5126150376088392,0.404485455470603,1.1106049555272048,0.01212106924620221,0.5664986650696668,-2.5572818103210135,0.7895422508694574,-0.1821252901743785,-0.41270196184256425,-0.4294107943249559,-0.969084335007399,-0.43679605329005455,-0.9039676486793023,-0.07602277987289023
3;46;24345.095314502716;2151;1484;0.048803;0.0;0.153663/0.057297/0.103034/0.089172/0.069323/0.087413/0.102463/0.102511/0.054365/0.080893/0.095351/0.077761/0.053549/0.085332/0.102662/0.109971/0.153389/0.099516/0.101513/0.071908/0.054358/0.10328/0.087607/0.094804/0.081194/0.101599/0.08548/0.105307/0.06951/0.142987/0.064294/0.080066/0.053087/0.084543/0.138285/0.140608/0.063066/0.048803/0.04952/0.102286/0.147375/0.101866/0.055179/0.162505/0.092596/0.078438/0.076359/0.067192/0.147733/0.103248/0.102561/0.099008/0.074563/0.102544/0.068797/0.071663/0.077804/0.092426/0.078405/0.081081/0.127579/0.077594/0.067019/0.051518/0.102485/0.07374/0.081894/0.116761/0.088552/0.09852/0.074803/0.09832/0.102033/0.105425/0.193707/0.077904/0.136727/0.083971/0.060678/0.07522/0.09831/0.060543/0.078801/0.076598/0.121465/0.049126/0.084428/0.070321/0.101992/0.096355/0.088353/0.079897/0.052452/0.05182/0.077806/0.086324/0.086652/0.080402/0.090561/0.084523;0.364523/0.001673/0.332785/0.252011/0.136027/0.290509/0.183342/0.224404/0.0/0.021382/0.086684/0.010605/0.0/0.020253/0.204274/0.327545/0.322467/0.343476/0.27059/0.002276/0.0/0.219469/0.002553/0.290987/0.043854/0.347052/0.002113/0.297251/0.008731/0.320545/0.210653/0.003117/0.165537/0.223715/0.329486/0.340655/0.240717/0.0/0.0/0.357103/0.367583/0.202668/0.036223/0.361262/0.009237/3.8e-05/0.003299/0.089476/0.309309/0.266383/0.312226/0.186115/0.279245/0.338838/0.036835/0.072493/0.388812/0.034435/0.119321/0.032656/0.309127/0.008262/0.383887/0.144088/0.204016/0.086914/0.248903/0.367076/0.415109/0.248262/0.325298/0.168645/0.279398/0.266641/0.32263/0.203433/0.580559/0.376113/0.004609/0.000392/0.652556/0.023409/0.000124/0.007574/0.302568/0.0/0.244284/0.000306/0.209955/0.172087/0.146966/0.248195/0.0/0.0/0.0/0.033545/0.363863/0.000622/0.07606/0.178437;0.09831/0.088552/0.077804/0.067019/0.063066/0.053087/0.051518/0.048803;0.652556/0.415109/0.388812/0.383887/0.240717/0.165537/0.144088/0.0;-0.6474822743298478,0.0069879715232879225,0.23068830775153382,1.431663971846271,0.1342516092129053,-0.5279417075935483,-3.310843200518917,0.42789424851544916,-0.03532079585596887,1.9480404485474998,-2.4069464557555653,-2.614775740197765,-2.2131879454886816,-0.5772320038569592,1.4031773810963288,0.48586299557426466,-0.7284343117489969,0.6948953941715839,2.9200953515757275,-0.15761281949601347,0.900056942900339,-1.4615038361594623,-5.503993871197599e-05,0.7561514430344891,-0.06749395515220807,-0.04217855056994979,1.3067989922159295,-0.8291984518570353,0.5945425610861,0.842651274830664,0.7807005674659313,0.20517468981702924,1.8748431713906917,-2.094415874172559,2.1152541834421204,0.11134153574086403,1.4768763372213065,-2.3258939318580474,-0.681776084571525,-0.02391832417261547,-1.9957688417187116,-0.44024205473103384,1.1480895446953834,0.7724847362638428,-0.4267568055456459,0.4885382996407242,-0.42436331626188717,0.9892190223240934,-0.7327919062516425,0.4949514818972468,-0.365817621888491,-1.1448398967768432,1.2891557438444683,1.240959664696422,-0.030690374892937355,-0.4735327848720772,-1.140280645438514,2.2008766196496636,0.7618378990763365,0.25991636262083784,0.393750653253367,1.0266894872504007,0.386944375544071,-1.7573070437631415,-0.49947443046116746,-0.9925477202003397,0.5974744530284297,-0.3035841734218393,-2.929428270239497,-0.0026426390590573723,-1.4129752409544138,-0.561666932285144,-2.3164254858345825,-2.4822376482315853,-1.3406547357028513,0.981164643420434,0.5374974330969378,1.395187136452023,-0.6877630115493059,1.932050492313391,1.4144059305054522,-0.2083180165801315,1.193341019985606,-1.368546376980819,1.5076563463202937,-0.7828364962029323,-0.7552198313413633,-0.5130561935980525,-0.19030112342933775,-1.6232203054361787,1.602379680066642,0.6794490383925076,1.9427249296975746,0.6760524473926285,-1.2133248962054135,-0.7034765490077131,1.0951635522757575,-1.3186452071467358,0.06440396722550669,-0.14570897164993007,0.3294992978661266,-2.6345601847486453,-0.557728145300163,0.3572470485644214,1.2251257774568953,0.7186494158436935,0.12284488922823666,-0.5446857349850026,0.12316798190490855,-1.832193707128875,1.7271072163689394,-2.11969411388641,-1.4984224200744312,-0.633636021105286,0.29405070926471066,-0.6410266020195685,0.9375455396103529,0.5975559973847551,-0.21148858094640552,0.42249689375832605,1.3309813709916978,0.3333854426067281,0.31115926185524756,0.1847766600506833,0.7688874778110147,0.6248586403139748,-1.115173685305252,-0.597342746600392,1.9073578354780363,1.3912622921316666,0.7599489983871115,0.6133766938682089,-0.017103287973727066,0.9753133143747408,-0.8911259181763742,1.4857139440476275,-1.9091974021333087,0.7850891999166494,2.1495851854918433,0.9076090754892714,1.3398637754820744,-0.9661683422139278,0.3815258356841179,0.1844138945208731,0.3478044542147061,0.2244941882179564,0.39107576572891467,1.0708745324191695,0.05822833615033757,0.49403036407853057,-0.43528709525001996,-1.8602776085744637,-1.2347024838520622,-0.9647967083615165,0.6038922454074589,-0.010365293992710023,0.16998663377907697,0.5279648229899143;1.6129200755454733,1.5674311779466024,0.948221167868835,0.5094352505218451,0.3536034562136767,-0.22040874322680698,1.6622741227625366,-1.010559915915565,1.228395484519289,0.8176145142553797,-0.04777226905962112,-0.5863396007861534,-0.7256686418469303,-0.47903029485418247,-1.214985806950809,-0.7625340095445953,-1.7152568232462928,1.1126759667359827,2.27891237234259,0.49723158832273545,-0.9571008690893378,0.554270623583486,0.08406982316076862,-1.151731601633847,-0.5497198599669926,-1.4162323824401815,-0.7281350594014292,0.1372014872954804,-0.7051929602770346,-2.911502519039403,0.12522087195686293,0.7461321322619489,0.39521511796956044,-0.3729516330010463,-1.2371178919547623,0.7350255513174138,-1.4433201067776036,0.5629758407326482,-1.5954156656934182,-0.14027053015679486,0.5461440254052581,0.9765430232358449,0.2044156887013677,-0.6039130299401125,-0.503251765131796,0.18389343624239451,0.3754319824521989,2.155820121441151,-1.3693820804132704,-1.4364479228094256,-0.4936183557781647,0.14092100649578393,0.2722607401303635,-0.8641471700497183,-1.1939203598020356,-2.1000505628679393,2.220928359447662,1.1756994462290231,0.24078348196303273,0.642019974657997,0.9549746591982748,-0.899436550106452,-0.4051571844132069,0.48882859341795704,2.216355200392451,0.9992901741555736,0.9872272209598478,-0.33837770643869114,-0.4060916098800185,-0.37353427137839706,0.41789432278503846,1.5099108877363394,0.2535011025634512,-0.29632505944008036,-1.4068317087231905,-0.5221457363525871,-1.0938943492761837,0.44694052510067345,0.6380298326976793,0.9582558814939317,1.0706780755732412,1.2294774722343094,-1.998728335653956,-0.18371083484871165,-1.9571409672452493,0.22891114633389142,1.0408032429698753,1.1403495505737957,0.4421025057347121,0.718192671254211,-2.419764266509521,-0.9347711423787942,-0.7509568250719526,-0.725333874967602,-1.2269860621078643,0.462357025372487,-0.2378365103968981,-0.7063402122242796,-1.7029918180252124,-0.3652150551856287,-0.4154025538667492,-0.26342744380815014,-0.46808460803390106,0.6680789740606324,-1.7884433474749197,0.5266134345479598,0.3848420256809296,-0.5386122381958538,0.6282769498368024,-1.5036243138409597,-3.096945811775848,-0.1694806367572902,-2.4926461654690613,-0.8499729882562459,0.09297391721560133,-0.29918590487914665,-0.4806920789559077,2.1399002412259085,1.4449870749291878,-0.4054082063168377,-0.15008749933475957,0.85929028285007,0.8800992406195405,0.861956252246838,0.9053520747795788,-1.0014292747184195,0.17472319624395266,-0.08603344177617478,0.6448170624165986,-1.2015361213542133,0.42858946127459446,1.0755439839724947,-0.24882569439475988,0.06047868566281961,0.6488833305606119,0.6911596845216773,0.08966531974217112,0.6060117596145538,0.07179162414675844,-0.8221892642867094,-0.35896737749788904,-1.4438511647039147,0.4856465720995238,-1.6099496392244366,-0.5126150376088392,0.404485455470603,1.1106049555272048,0.01212106924620221,0.5664986650696668,-2.5572818103210135,0.7895422508694574,-0.1821252901743785,-0.41270196184256425,-0.4294107943249559,-0.969084335007399,-0.43679605329005455,-0.9039676486793023,-0.07602277987289023
3;47;24870.038916826248;2151;1484;0.048803;0.0;0.153663/0.057297/0.103034/0.089172/0.069323/0.087413/0.102463/0.102511/0.054365/0.080893/0.095351/0.077761/0.053549/0.085332/0.102662/0.109971/0.153389/0.099516/0.101513/0.071908/0.054358/0.10328/0.087607/0.094804/0.081194/0.101599/0.08548/0.105307/0.06951/0.142987/0.064294/0.080066/0.053087/0.084543/0.138285/0.140608/0.063066/0.048803/0.04952/0.102286/0.147375/0.101866/0.055179/0.162505/0.078438/0.076359/0.067192/0.103248/0.102561/0.099008/0.074563/0.102544/0.068797/0.071663/0.077804/0.092426/0.078405/0.081081/0.127579/0.077594/0.067019/0.051518/0.102485/0.07374/0.081894/0.116761/0.088552/0.09852/0.074803/0.09832/0.102033/0.105425/0.193707/0.077904/0.136727/0.083971/0.060678/0.07522/0.09831/0.060543/0.078801/0.076598/0.121465/0.049126/0.084428/0.070321/0.101992/0.096355/0.088353/0.079897/0.052452/0.05182/0.086324/0.086652/0.080402/0.090561/0.084523/0.083671/0.087388/0.067684;0.364523/0.001673/0.332785/0.252011/0.136027/0.290509/0.183342/0.224404/0.0/0.021382/0.086684/0.010605/0.0/0.020253/0.204274/0.327545/0.322467/0.343476/0.27059/0.002276/0.0/0.219469/0.002553/0.290987/0.043854/0.347052/0.002113/0.297251/0.008731/0.320545/0.210653/0.003117/0.165537/0.223715/0.329486/0.340655/0.240717/0.0/0.0/0.357103/0.367583/0.202668/0.036223/0.361262/3.8e-05/0.003299/0.089476/0.266383/0.312226/0.186115/0.279245/0.338838/0.036835/0.072493/0.388812/0.034435/0.119321/0.032656/0.309127/0.008262/0.383887/0.144088/0.204016/0.086914/0.248903/0.367076/0.415109/0.248262/0.325298/0.168645/0.279398/0.266641/0.32263/0.203433/0.580559/0.376113/0.004609/0.000392/0.652556/0.023409/0.000124/0.007574/0.302568/0.0/0.244284/0.000306/0.209955/0.172087/0.146966/0.248195/0.0/0.0/0.033545/0.363863/0.000622/0.07606/0.178437/0.118843/0.082639/0.124102;0.09831/0.088552/0.077804/0.067019/0.063066/0.053087/0.051518/0.048803;0.652556/0.415109/0.388812/0.383887/0.240717/0.165537/0.144088/0.0;-0.6474822743298478,0.0069879715232879225,0.23068830775153382,1.431663971846271,0.1342516092129053,-0.5279417075935483,-3.310843200518917,0.42789424851544916,-0.03532079585596887,1.9480404485474998,-2.4069464557555653,-2.614775740197765,-2.2131879454886816,-0.5772320038569592,1.4031773810963288,0.48586299557426466,-0.7284343117489969,0.6948953941715839,2.9200953515757275,-0.15761281949601347,0.900056942900339,-1.4615038361594623,-5.503993871197599e-05,0.7561514430344891,-0.06749395515220807,-0.04217855056994979,1.3067989922159295,-0.8291984518570353,0.5945425610861,0.842651274830664,0.7807005674659313,0.20517468981702924,1.8748431713906917,-2.094415874172559,2.1152541834421204,0.11134153574086403,1.4768763372213065,-2.3258939318580474,-0.681776084571525,-0.02391832417261547,-1.9957688417187116,-0.44024205473103384,1.1480895446953834,0.7724847362638428,-0.4267568055456459,0.4885382996407242,-0.42436331626188717,0.9892190223240934,-0.7327919062516425,0.4949514818972468,-0.365817621888491,-1.1448398967768432,1.2891557438444683,1.240959664696422,-0.030690374892937355,-0.4735327848720772,-1.140280645438514,2.2008766196496636,0.7618378990763365,0.25991636262083784,0.393750653253367,1.0266894872504007,0.386944375544071,-1.7573070437631415,-0.49947443046116746,-0.9925477202003397,0.5974744530284297,-0.3035841734218393,-2.929428270239497,-0.0026426390590573723,-1.4129752409544138,-0.561666932285144,-2.3164254858345825,-2.4822376482315853,-1.3406547357028513,0.981164643420434,0.5374974330969378,1.395187136452023,-0.6877630115493059,1.932050492313391,1.4144059305054522,-0.2083180165801315,1.193341019985606,-1.368546376980819,1.5076563463202937,-0.7828364962029323,-0.7552198313413633,-0.5130561935980525,-0.19030112342933775,-1.6232203054361787,1.602379680066642,0.6794490383925076,1.9427249296975746,0.6760524473926285,-1.2133248962054135,-0.7034765490077131,1.0951635522757575,-1.3186452071467358,0.06440396722550669,-0.14570897164993007,0.3294992978661266,-2.6345601847486453,-0.557728145300163,0.3572470485644214,1.2251257774568953,0.7186494158436935,0.12284488922823666,-0.5446857349850026,0.12316798190490855,-1.832193707128875,1.7271072163689394,-2.11969411388641,-1.4984224200744312,-0.633636021105286,0.29405070926471066,-0.6410266020195685,0.9375455396103529,0.5975559973847551,-0.21148858094640552,0.42249689375832605,1.3309813709916978,0.3333854426067281,0.31115926185524756,0.1847766600506833,0.7688874778110147,0.6248586403139748,-1.115173685305252,-0.597342746600392,1.9073578354780363,1.3912622921316666,0.7599489983871115,0.6133766938682089,-0.017103287973727066,0.9753133143747408,-0.8911259181763742,1.4857139440476275,-1.9091974021333087,0.7850891999166494,2.1495851854918433,0.9076090754892714,1.3398637754820744,-0.9661683422139278,0.3815258356841179,0.1844138945208731,0.3478044542147061,0.2244941882179564,0.39107576572891467,1.0708745324191695,0.05822833615033757,0.49403036407853057,-0.43528709525001996,-1.8602776085744637,-1.2347024838520622,-0.9647967083615165,0.6038922454074589,-0.010365293992710023,0.16998663377907697,0.5279648229899143;1.6129200755454733,1.5674311779466024,0.948221167868835,0.5094352505218451,0.3536034562136767,-0.22040874322680698,1.6622741227625366,-1.010559915915565,1.228395484519289,0.8176145142553797,-0.04777226905962112,-0.5863396007861534,-0.7256686418469303,-0.47903029485418247,-1.214985806950809,-0.7625340095445953,-1.7152568232462928,1.1126759667359827,2.27891237234259,0.49723158832273545,-0.9571008690893378,0.554270623583486,0.08406982316076862,-1.151731601633847,-0.5497198599669926,-1.4162323824401815,-0.7281350594014292,0.1372014872954804,-0.7051929602770346,-2.911502519039403,0.12522087195686293,0.7461321322619489,0.39521511796956044,-0.3729516330010463,-1.2371178919547623,0.7350255513174138,-1.4433201067776036,0.5629758407326482,-1.5954156656934182,-0.14027053015679486,0.5461440254052581,0.9765430232358449,0.2044156887013677,-0.6039130299401125,-0.503251765131796,0.18389343624239451,0.3754319824521989,2.155820121441151,-1.3693820804132704,-1.4364479228094256,-0.4936183557781647,0.14092100649578393,0.2722607401303635,-0.8641471700497183,-1.1939203598020356,-2.1000505628679393,2.220928359447662,1.1756994462290231,0.24078348196303273,0.642019974657997,0.9549746591982748,-0.899436550106452,-0.4051571844132069,0.48882859341795704,2.216355200392451,0.9992901741555736,0.9872272209598478,-0.33837770643869114,-0.4060916098800185,-0.37353427137839706,0.41789432278503846,1.5099108877363394,0.2535011025634512,-0.29632505944008036,-1.4068317087231905,-0.5221457363525871,-1.0938943492761837,0.44694052510067345,0.6380298326976793,0.9582558814939317,1.0706780755732412,1.2294774722343094,-1.998728335653956,-0.18371083484871165,-1.9571409672452493,0.22891114633389142,1.0408032429698753,1.1403495505737957,0.4421025057347121,0.718192671254211,-2.419764266509521,-0.9347711423787942,-0.7509568250719526,-0.725333874967602,-1.2269860621078643,0.462357025372487,-0.2378365103968981,-0.7063402122242796,-1.7029918180252124,-0.3652150551856287,-0.4154025538667492,-0.26342744380815014,-0.46808460803390106,0.6680789740606324,-1.7884433474749197,0.5266134345479598,0.3848420256809296,-0.5386122381958538,0.6282769498368024,-1.5036243138409597,-3.096945811775848,-0.1694806367572902,-2.4926461654690613,-0.8499729882562459,0.09297391721560133,-0.29918590487914665,-0.4806920789559077,2.1399002412259085,1.4449870749291878,-0.4054082063168377,-0.15008749933475957,0.85929028285007,0.8800992406195405,0.861956252246838,0.9053520747795788,-1.0014292747184195,0.17472319624395266,-0.08603344177617478,0.6448170624165986,-1.2015361213542133,0.42858946127459446,1.0755439839724947,-0.24882569439475988,0.06047868566281961,0.6488833305606119,0.6911596845216773,0.08966531974217112,0.6060117596145538,0.07179162414675844,-0.8221892642867094,-0.35896737749788904,-1.4438511647039147,0.4856465720995238,-1.6099496392244366,-0.5126150376088392,0.404485455470603,1.1106049555272048,0.01212106924620221,0.5664986650696668,-2.5572818103210135,0.7895422508694574,-0.1821252901743785,-0.41270196184256425,-0.4294107943249559,-0.969084335007399,-0.43679605329005455,-0.9039676486793023,-0.07602277987289023
3;48;25404.974542617798;2151;1484;0.048803;0.0;0.153663/0.057297/0.103034/0.089172/0.069323/0.087413/0.102463/0.102511/0.054365/0.080893/0.095351/0.077761/0.053549/0.085332/0.109971/0.153389/0.099516/0.101513/0.071908/0.054358/0.094804/0.081194/0.101599/0.08548/0.105307/0.06951/0.142987/0.064294/0.080066/0.053087/0.084543/0.138285/0.140608/0.063066/0.048803/0.04952/0.102286/0.147375/0.101866/0.055179/0.162505/0.078438/0.076359/0.067192/0.103248/0.102561/0.099008/0.074563/0.102544/0.068797/0.071663/0.077804/0.078405/0.081081/0.127579/0.077594/0.067019/0.051518/0.102485/0.07374/0.081894/0.116761/0.088552/0.09852/0.074803/0.102033/0.105425/0.193707/0.077904/0.136727/0.083971/0.060678/0.07522/0.09831/0.060543/0.078801/0.076598/0.121465/0.049126/0.084428/0.070321/0.101992/0.096355/0.088353/0.079897/0.052452/0.05182/0.086324/0.086652/0.080402/0.084523/0.083671/0.087388/0.067684/0.07563/0.103038/0.081229/0.089083/0.080291/0.087373;0.364523/0.001673/0.332785/0.252011/0.136027/0.290509/0.183342/0.224404/0.0/0.021382/0.086684/0.010605/0.0/0.020253/0.327545/0.322467/0.343476/0.27059/0.002276/0.0/0.290987/0.043854/0.347052/0.002113/0.297251/0.008731/0.320545/0.210653/0.003117/0.165537/0.223715/0.329486/0.340655/0.240717/0.0/0.0/0.357103/0.367583/0.202668/0.036223/0.361262/3.8e-05/0.003299/0.089476/0.266383/0.312226/0.186115/0.279245/0.338838/0.036835/0.072493/0.388812/0.119321/0.032656/0.309127/0.008262/0.383887/0.144088/0.204016/0.086914/0.248903/0.367076/0.415109/0.248262/0.325298/0.279398/0.266641/0.32263/0.203433/0.580559/0.376113/0.004609/0.000392/0.652556/0.023409/0.000124/0.007574/0.302568/0.0/0.244284/0.000306/0.209955/0.172087/0.146966/0.248195/0.0/0.0/0.033545/0.363863/0.000622/0.178437/0.118843/0.082639/0.124102/0.041607/0.281329/0.079512/0.22143/0.203012/0.108879;0.09831/0.088552/0.077804/0.067019/0.063066/0.053087/0.051518/0.048803;0.652556/0.415109/0.388812/0.383887/0.240717/0.165537/0.144088/0.0;-0.6474822743298478,0.0069879715232879225,0.23068830775153382,1.431663971846271,0.1342516092129053,-0.5279417075935483,-3.310843200518917,0.42789424851544916,-0.03532079585596887,1.9480404485474998,-2.4069464557555653,-2.614775740197765,-2.2131879454886816,-0.5772320038569592,1.4031773810963288,0.48586299557426466,-0.7284343117489969,0.6948953941715839,2.9200953515757275,-0.15761281949601347,0.900056942900339,-1.4615038361594623,-5.503993871197599e-05,0.7561514430344891,-0.06749395515220807,-0.04217855056994979,1.3067989922159295,-0.8291984518570353,0.5945425610861,0.842651274830664,0.7807005674659313,0.20517468981702924,1.8748431713906917,-2.094415874172559,2.1152541834421204,0.11134153574086403,1.4768763372213065,-2.3258939318580474,-0.681776084571525,-0.02391832417261547,-1.9957688417187116,-0.44024205473103384,1.1480895446953834,0.7724847362638428,-0.4267568055456459,0.4885382996407242,-0.42436331626188717,0.9892190223240934,-0.7327919062516425,0.4949514818972468,-0.365817621888491,-1.1448398967768432,1.2891557438444683,1.240959664696422,-0.030690374892937355,-0.4735327848720772,-1.140280645438514,2.2008766196496636,0.7618378990763365,0.25991636262083784,0.393750653253367,1.0266894872504007,0.386944375544071,-1.7573070437631415,-0.49947443046116746,-0.9925477202003397,0.5974744530284297,-0.3035841734218393,-2.929428270239497,-0.0026426390590573723,-1.4129752409544138,-0.561666932285144,-2.3164254858345825,-2.4822376482315853,-1.3406547357028513,0.981164643420434,0.5374974330969378,1.395187136452023,-0.6877630115493059,1.932050492313391,1.4144059305054522,-0.2083180165801315,1.193341019985606,-1.368546376980819,1.5076563463202937,-0.7828364962029323,-0.7552198313413633,-0.5130561935980525,-0.19030112342933775,-1.6232203054361787,1.602379680066642,0.6794490383925076,1.9427249296975746,0.6760524473926285,-1.2133248962054135,-0.7034765490077131,1.0951635522757575,-1.3186452071467358,0.06440396722550669,-0.14570897164993007,0.3294992978661266,-2.6345601847486453,-0.557728145300163,0.3572470485644214,1.2251257774568953,0.7186494158436935,0.12284488922823666,-0.5446857349850026,0.12316798190490855,-1.832193707128875,1.7271072163689394,-2.11969411388641,-1.4984224200744312,-0.633636021105286,0.29405070926471066,-0.6410266020195685,0.9375455396103529,0.5975559973847551,-0.21148858094640552,0.42249689375832605,1.3309813709916978,0.3333854426067281,0.31115926185524756,0.1847766600506833,0.7688874778110147,0.6248586403139748,-1.115173685305252,-0.597342746600392,1.9073578354780363,1.3912622921316666,0.7599489983871115,0.6133766938682089,-0.017103287973727066,0.9753133143747408,-0.8911259181763742,1.4857139440476275,-1.9091974021333087,0.7850891999166494,2.1495851854918433,0.9076090754892714,1.3398637754820744,-0.9661683422139278,0.3815258356841179,0.1844138945208731,0.3478044542147061,0.2244941882179564,0.39107576572891467,1.0708745324191695,0.05822833615033757,0.49403036407853057,-0.43528709525001996,-1.8602776085744637,-1.2347024838520622,-0.9647967083615165,0.6038922454074589,-0.010365293992710023,0.16998663377907697,0.5279648229899143;1.6129200755454733,1.5674311779466024,0.948221167868835,0.5094352505218451,0.3536034562136767,-0.22040874322680698,1.6622741227625366,-1.010559915915565,1.228395484519289,0.8176145142553797,-0.04777226905962112,-0.5863396007861534,-0.7256686418469303,-0.47903029485418247,-1.214985806950809,-0.7625340095445953,-1.7152568232462928,1.1126759667359827,2.27891237234259,0.49723158832273545,-0.9571008690893378,0.554270623583486,0.08406982316076862,-1.151731601633847,-0.5497198599669926,-1.4162323824401815,-0.7281350594014292,0.1372014872954804,-0.7051929602770346,-2.911502519039403,0.12522087195686293,0.7461321322619489,0.39521511796956044,-0.3729516330010463,-1.2371178919547623,0.7350255513174138,-1.4433201067776036,0.5629758407326482,-1.5954156656934182,-0.14027053015679486,0.5461440254052581,0.9765430232358449,0.2044156887013677,-0.6039130299401125,-0.503251765131796,0.18389343624239451,0.3754319824521989,2.155820121441151,-1.3693820804132704,-1.4364479228094256,-0.4936183557781647,0.14092100649578393,0.2722607401303635,-0.8641471700497183,-1.1939203598020356,-2.1000505628679393,2.220928359447662,1.1756994462290231,0.24078348196303273,0.642019974657997,0.9549746591982748,-0.899436550106452,-0.4051571844132069,0.48882859341795704,2.216355200392451,0.9992901741555736,0.9872272209598478,-0.33837770643869114,-0.4060916098800185,-0.37353427137839706,0.41789432278503846,1.5099108877363394,0.2535011025634512,-0.29632505944008036,-1.4068317087231905,-0.5221457363525871,-1.0938943492761837,0.44694052510067345,0.6380298326976793,0.9582558814939317,1.0706780755732412,1.2294774722343094,-1.998728335653956,-0.18371083484871165,-1.9571409672452493,0.22891114633389142,1.0408032429698753,1.1403495505737957,0.4421025057347121,0.718192671254211,-2.419764266509521,-0.9347711423787942,-0.7509568250719526,-0.725333874967602,-1.2269860621078643,0.462357025372487,-0.2378365103968981,-0.7063402122242796,-1.7029918180252124,-0.3652150551856287,-0.4154025538667492,-0.26342744380815014,-0.46808460803390106,0.6680789740606324,-1.7884433474749197,0.5266134345479598,0.3848420256809296,-0.5386122381958538,0.6282769498368024,-1.5036243138409597,-3.096945811775848,-0.1694806367572902,-2.4926461654690613,-0.8499729882562459,0.09297391721560133,-0.29918590487914665,-0.4806920789559077,2.1399002412259085,1.4449870749291878,-0.4054082063168377,-0.15008749933475957,0.85929028285007,0.8800992406195405,0.861956252246838,0.9053520747795788,-1.0014292747184195,0.17472319624395266,-0.08603344177617478,0.6448170624165986,-1.2015361213542133,0.42858946127459446,1.0755439839724947,-0.24882569439475988,0.06047868566281961,0.6488833305606119,0.6911596845216773,0.08966531974217112,0.6060117596145538,0.07179162414675844,-0.8221892642867094,-0.35896737749788904,-1.4438511647039147,0.4856465720995238,-1.6099496392244366,-0.5126150376088392,0.404485455470603,1.1106049555272048,0.01212106924620221,0.5664986650696668,-2.5572818103210135,0.7895422508694574,-0.1821252901743785,-0.41270196184256425,-0.4294107943249559,-0.969084335007399,-0.43679605329005455,-0.9039676486793023,-0.07602277987289023
3;49;25934.696933746338;2151;1484;0.048803;0.0;0.153663/0.057297/0.103034/0.089172/0.069323/0.087413/0.102511/0.054365/0.080893/0.077761/0.053549/0.085332/0.109971/0.153389/0.099516/0.101513/0.071908/0.054358/0.094804/0.081194/0.101599/0.105307/0.06951/0.142987/0.064294/0.080066/0.053087/0.084543/0.138285/0.140608/0.063066/0.048803/0.04952/0.102286/0.147375/0.101866/0.055179/0.162505/0.078438/0.076359/0.067192/0.103248/0.102561/0.099008/0.074563/0.102544/0.068797/0.071663/0.077804/0.078405/0.081081/0.127579/0.077594/0.067019/0.051518/0.07374/0.081894/0.116761/0.088552/0.09852/0.074803/0.102033/0.105425/0.193707/0.077904/0.136727/0.083971/0.060678/0.07522/0.09831/0.060543/0.078801/0.076598/0.121465/0.049126/0.084428/0.070321/0.101992/0.096355/0.088353/0.079897/0.052452/0.05182/0.086324/0.086652/0.080402/0.084523/0.083671/0.067684/0.07563/0.103038/0.081229/0.089083/0.080291/0.087373/0.079528/0.080328/0.117176/0.053686/0.073662;0.364523/0.001673/0.332785/0.252011/0.136027/0.290509/0.224404/0.0/0.021382/0.010605/0.0/0.020253/0.327545/0.322467/0.343476/0.27059/0.002276/0.0/0.290987/0.043854/0.347052/0.297251/0.008731/0.320545/0.210653/0.003117/0.165537/0.223715/0.329486/0.340655/0.240717/0.0/0.0/0.357103/0.367583/0.202668/0.036223/0.361262/3.8e-05/0.003299/0.089476/0.266383/0.312226/0.186115/0.279245/0.338838/0.036835/0.072493/0.388812/0.119321/0.032656/0.309127/0.008262/0.383887/0.144088/0.086914/0.248903/0.367076/0.415109/0.248262/0.325298/0.279398/0.266641/0.32263/0.203433/0.580559/0.376113/0.004609/0.000392/0.652556/0.023409/0.000124/0.007574/0.302568/0.0/0.244284/0.000306/0.209955/0.172087/0.146966/0.248195/0.0/0.0/0.033545/0.363863/0.000622/0.178437/0.118843/0.124102/0.041607/0.281329/0.079512/0.22143/0.203012/0.108879/0.341793/0.133301/0.276997/0.023476/0.347731;0.09831/0.088552/0.077804/0.067019/0.063066/0.053087/0.051518/0.048803;0.652556/0.415109/0.388812/0.383887/0.240717/0.165537/0.144088/0.0;-0.6474822743298478,0.0069879715232879225,0.23068830775153382,1.431663971846271,0.1342516092129053,-0.5279417075935483,-3.310843200518917,0.42789424851544916,-0.03532079585596887,1.9480404485474998,-2.4069464557555653,-2.614775740197765,-2.2131879454886816,-0.5772320038569592,1.4031773810963288,0.48586299557426466,-0.7284343117489969,0.6948953941715839,2.9200953515757275,-0.15761281949601347,0.900056942900339,-1.4615038361594623,-5.503993871197599e-05,0.7561514430344891,-0.06749395515220807,-0.04217855056994979,1.3067989922159295,-0.8291984518570353,0.5945425610861,0.842651274830664,0.7807005674659313,0.20517468981702924,1.8748431713906917,-2.094415874172559,2.1152541834421204,0.11134153574086403,1.4768763372213065,-2.3258939318580474,-0.681776084571525,-0.02391832417261547,-1.9957688417187116,-0.44024205473103384,1.1480895446953834,0.7724847362638428,-0.4267568055456459,0.4885382996407242,-0.42436331626188717,0.9892190223240934,-0.7327919062516425,0.4949514818972468,-0.365817621888491,-1.1448398967768432,1.2891557438444683,1.240959664696422,-0.030690374892937355,-0.4735327848720772,-1.140280645438514,2.2008766196496636,0.7618378990763365,0.25991636262083784,0.393750653253367,1.0266894872504007,0.386944375544071,-1.7573070437631415,-0.49947443046116746,-0.9925477202003397,0.5974744530284297,-0.3035841734218393,-2.929428270239497,-0.0026426390590573723,-1.4129752409544138,-0.561666932285144,-2.3164254858345825,-2.4822376482315853,-1.3406547357028513,0.981164643420434,0.5374974330969378,1.395187136452023,-0.6877630115493059,1.932050492313391,1.4144059305054522,-0.2083180165801315,1.193341019985606,-1.368546376980819,1.5076563463202937,-0.7828364962029323,-0.7552198313413633,-0.5130561935980525,-0.19030112342933775,-1.6232203054361787,1.602379680066642,0.6794490383925076,1.9427249296975746,0.6760524473926285,-1.2133248962054135,-0.7034765490077131,1.0951635522757575,-1.3186452071467358,0.06440396722550669,-0.14570897164993007,0.3294992978661266,-2.6345601847486453,-0.557728145300163,0.3572470485644214,1.2251257774568953,0.7186494158436935,0.12284488922823666,-0.5446857349850026,0.12316798190490855,-1.832193707128875,1.7271072163689394,-2.11969411388641,-1.4984224200744312,-0.633636021105286,0.29405070926471066,-0.6410266020195685,0.9375455396103529,0.5975559973847551,-0.21148858094640552,0.42249689375832605,1.3309813709916978,0.3333854426067281,0.31115926185524756,0.1847766600506833,0.7688874778110147,0.6248586403139748,-1.115173685305252,-0.597342746600392,1.9073578354780363,1.3912622921316666,0.7599489983871115,0.6133766938682089,-0.017103287973727066,0.9753133143747408,-0.8911259181763742,1.4857139440476275,-1.9091974021333087,0.7850891999166494,2.1495851854918433,0.9076090754892714,1.3398637754820744,-0.9661683422139278,0.3815258356841179,0.1844138945208731,0.3478044542147061,0.2244941882179564,0.39107576572891467,1.0708745324191695,0.05822833615033757,0.49403036407853057,-0.43528709525001996,-1.8602776085744637,-1.2347024838520622,-0.9647967083615165,0.6038922454074589,-0.010365293992710023,0.16998663377907697,0.5279648229899143;1.6129200755454733,1.5674311779466024,0.948221167868835,0.5094352505218451,0.3536034562136767,-0.22040874322680698,1.6622741227625366,-1.010559915915565,1.228395484519289,0.8176145142553797,-0.04777226905962112,-0.5863396007861534,-0.7256686418469303,-0.47903029485418247,-1.214985806950809,-0.7625340095445953,-1.7152568232462928,1.1126759667359827,2.27891237234259,0.49723158832273545,-0.9571008690893378,0.554270623583486,0.08406982316076862,-1.151731601633847,-0.5497198599669926,-1.4162323824401815,-0.7281350594014292,0.1372014872954804,-0.7051929602770346,-2.911502519039403,0.12522087195686293,0.7461321322619489,0.39521511796956044,-0.3729516330010463,-1.2371178919547623,0.7350255513174138,-1.4433201067776036,0.5629758407326482,-1.5954156656934182,-0.14027053015679486,0.5461440254052581,0.9765430232358449,0.2044156887013677,-0.6039130299401125,-0.503251765131796,0.18389343624239451,0.3754319824521989,2.155820121441151,-1.3693820804132704,-1.4364479228094256,-0.4936183557781647,0.14092100649578393,0.2722607401303635,-0.8641471700497183,-1.1939203598020356,-2.1000505628679393,2.220928359447662,1.1756994462290231,0.24078348196303273,0.642019974657997,0.9549746591982748,-0.899436550106452,-0.4051571844132069,0.48882859341795704,2.216355200392451,0.9992901741555736,0.9872272209598478,-0.33837770643869114,-0.4060916098800185,-0.37353427137839706,0.41789432278503846,1.5099108877363394,0.2535011025634512,-0.29632505944008036,-1.4068317087231905,-0.5221457363525871,-1.0938943492761837,0.44694052510067345,0.6380298326976793,0.9582558814939317,1.0706780755732412,1.2294774722343094,-1.998728335653956,-0.18371083484871165,-1.9571409672452493,0.22891114633389142,1.0408032429698753,1.1403495505737957,0.4421025057347121,0.718192671254211,-2.419764266509521,-0.9347711423787942,-0.7509568250719526,-0.725333874967602,-1.2269860621078643,0.462357025372487,-0.2378365103968981,-0.7063402122242796,-1.7029918180252124,-0.3652150551856287,-0.4154025538667492,-0.26342744380815014,-0.46808460803390106,0.6680789740606324,-1.7884433474749197,0.5266134345479598,0.3848420256809296,-0.5386122381958538,0.6282769498368024,-1.5036243138409597,-3.096945811775848,-0.1694806367572902,-2.4926461654690613,-0.8499729882562459,0.09297391721560133,-0.29918590487914665,-0.4806920789559077,2.1399002412259085,1.4449870749291878,-0.4054082063168377,-0.15008749933475957,0.85929028285007,0.8800992406195405,0.861956252246838,0.9053520747795788,-1.0014292747184195,0.17472319624395266,-0.08603344177617478,0.6448170624165986,-1.2015361213542133,0.42858946127459446,1.0755439839724947,-0.24882569439475988,0.06047868566281961,0.6488833305606119,0.6911596845216773,0.08966531974217112,0.6060117596145538,0.07179162414675844,-0.8221892642867094,-0.35896737749788904,-1.4438511647039147,0.4856465720995238,-1.6099496392244366,-0.5126150376088392,0.404485455470603,1.1106049555272048,0.01212106924620221,0.5664986650696668,-2.5572818103210135,0.7895422508694574,-0.1821252901743785,-0.41270196184256425,-0.4294107943249559,-0.969084335007399,-0.43679605329005455,-0.9039676486793023,-0.07602277987289023
3;50;26461.720500469208;2151;1484;0.048803;0.0;0.153663/0.057297/0.103034/0.089172/0.069323/0.087413/0.102511/0.054365/0.080893/0.077761/0.053549/0.085332/0.109971/0.153389/0.099516/0.101513/0.071908/0.054358/0.094804/0.081194/0.101599/0.105307/0.06951/0.142987/0.064294/0.080066/0.053087/0.084543/0.138285/0.140608/0.063066/0.048803/0.04952/0.102286/0.147375/0.055179/0.162505/0.078438/0.076359/0.067192/0.103248/0.102561/0.099008/0.074563/0.102544/0.068797/0.071663/0.077804/0.078405/0.081081/0.127579/0.077594/0.067019/0.051518/0.07374/0.081894/0.116761/0.088552/0.09852/0.074803/0.102033/0.105425/0.193707/0.077904/0.136727/0.083971/0.060678/0.07522/0.09831/0.060543/0.078801/0.076598/0.121465/0.049126/0.084428/0.070321/0.096355/0.088353/0.079897/0.052452/0.05182/0.086324/0.086652/0.080402/0.084523/0.083671/0.067684/0.07563/0.103038/0.081229/0.089083/0.080291/0.079528/0.080328/0.117176/0.053686/0.073662/0.077734/0.101425/0.0837;0.364523/0.001673/0.332785/0.252011/0.136027/0.290509/0.224404/0.0/0.021382/0.010605/0.0/0.020253/0.327545/0.322467/0.343476/0.27059/0.002276/0.0/0.290987/0.043854/0.347052/0.297251/0.008731/0.320545/0.210653/0.003117/0.165537/0.223715/0.329486/0.340655/0.240717/0.0/0.0/0.357103/0.367583/0.036223/0.361262/3.8e-05/0.003299/0.089476/0.266383/0.312226/0.186115/0.279245/0.338838/0.036835/0.072493/0.388812/0.119321/0.032656/0.309127/0.008262/0.383887/0.144088/0.086914/0.248903/0.367076/0.415109/0.248262/0.325298/0.279398/0.266641/0.32263/0.203433/0.580559/0.376113/0.004609/0.000392/0.652556/0.023409/0.000124/0.007574/0.302568/0.0/0.244284/0.000306/0.172087/0.146966/0.248195/0.0/0.0/0.033545/0.363863/0.000622/0.178437/0.118843/0.124102/0.041607/0.281329/0.079512/0.22143/0.203012/0.341793/0.133301/0.276997/0.023476/0.347731/0.18666/0.218666/0.008683;0.09831/0.088552/0.077804/0.067019/0.063066/0.053087/0.051518/0.048803;0.652556/0.415109/0.388812/0.383887/0.240717/0.165537/0.144088/0.0;-0.6474822743298478,0.0069879715232879225,0.23068830775153382,1.431663971846271,0.1342516092129053,-0.5279417075935483,-3.310843200518917,0.42789424851544916,-0.03532079585596887,1.9480404485474998,-2.4069464557555653,-2.614775740197765,-2.2131879454886816,-0.5772320038569592,1.4031773810963288,0.48586299557426466,-0.7284343117489969,0.6948953941715839,2.9200953515757275,-0.15761281949601347,0.900056942900339,-1.4615038361594623,-5.503993871197599e-05,0.7561514430344891,-0.06749395515220807,-0.04217855056994979,1.3067989922159295,-0.8291984518570353,0.5945425610861,0.842651274830664,0.7807005674659313,0.20517468981702924,1.8748431713906917,-2.094415874172559,2.1152541834421204,0.11134153574086403,1.4768763372213065,-2.3258939318580474,-0.681776084571525,-0.02391832417261547,-1.9957688417187116,-0.44024205473103384,1.1480895446953834,0.7724847362638428,-0.4267568055456459,0.4885382996407242,-0.42436331626188717,0.9892190223240934,-0.7327919062516425,0.4949514818972468,-0.365817621888491,-1.1448398967768432,1.2891557438444683,1.240959664696422,-0.030690374892937355,-0.4735327848720772,-1.140280645438514,2.2008766196496636,0.7618378990763365,0.25991636262083784,0.393750653253367,1.0266894872504007,0.386944375544071,-1.7573070437631415,-0.49947443046116746,-0.9925477202003397,0.5974744530284297,-0.3035841734218393,-2.929428270239497,-0.0026426390590573723,-1.4129752409544138,-0.561666932285144,-2.3164254858345825,-2.4822376482315853,-1.3406547357028513,0.981164643420434,0.5374974330969378,1.395187136452023,-0.6877630115493059,1.932050492313391,1.4144059305054522,-0.2083180165801315,1.193341019985606,-1.368546376980819,1.5076563463202937,-0.7828364962029323,-0.7552198313413633,-0.5130561935980525,-0.19030112342933775,-1.6232203054361787,1.602379680066642,0.6794490383925076,1.9427249296975746,0.6760524473926285,-1.2133248962054135,-0.7034765490077131,1.0951635522757575,-1.3186452071467358,0.06440396722550669,-0.14570897164993007,0.3294992978661266,-2.6345601847486453,-0.557728145300163,0.3572470485644214,1.2251257774568953,0.7186494158436935,0.12284488922823666,-0.5446857349850026,0.12316798190490855,-1.832193707128875,1.7271072163689394,-2.11969411388641,-1.4984224200744312,-0.633636021105286,0.29405070926471066,-0.6410266020195685,0.9375455396103529,0.5975559973847551,-0.21148858094640552,0.42249689375832605,1.3309813709916978,0.3333854426067281,0.31115926185524756,0.1847766600506833,0.7688874778110147,0.6248586403139748,-1.115173685305252,-0.597342746600392,1.9073578354780363,1.3912622921316666,0.7599489983871115,0.6133766938682089,-0.017103287973727066,0.9753133143747408,-0.8911259181763742,1.4857139440476275,-1.9091974021333087,0.7850891999166494,2.1495851854918433,0.9076090754892714,1.3398637754820744,-0.9661683422139278,0.3815258356841179,0.1844138945208731,0.3478044542147061,0.2244941882179564,0.39107576572891467,1.0708745324191695,0.05822833615033757,0.49403036407853057,-0.43528709525001996,-1.8602776085744637,-1.2347024838520622,-0.9647967083615165,0.6038922454074589,-0.010365293992710023,0.16998663377907697,0.5279648229899143;1.6129200755454733,1.5674311779466024,0.948221167868835,0.5094352505218451,0.3536034562136767,-0.22040874322680698,1.6622741227625366,-1.010559915915565,1.228395484519289,0.8176145142553797,-0.04777226905962112,-0.5863396007861534,-0.7256686418469303,-0.47903029485418247,-1.214985806950809,-0.7625340095445953,-1.7152568232462928,1.1126759667359827,2.27891237234259,0.49723158832273545,-0.9571008690893378,0.554270623583486,0.08406982316076862,-1.151731601633847,-0.5497198599669926,-1.4162323824401815,-0.7281350594014292,0.1372014872954804,-0.7051929602770346,-2.911502519039403,0.12522087195686293,0.7461321322619489,0.39521511796956044,-0.3729516330010463,-1.2371178919547623,0.7350255513174138,-1.4433201067776036,0.5629758407326482,-1.5954156656934182,-0.14027053015679486,0.5461440254052581,0.9765430232358449,0.2044156887013677,-0.6039130299401125,-0.503251765131796,0.18389343624239451,0.3754319824521989,2.155820121441151,-1.3693820804132704,-1.4364479228094256,-0.4936183557781647,0.14092100649578393,0.2722607401303635,-0.8641471700497183,-1.1939203598020356,-2.1000505628679393,2.220928359447662,1.1756994462290231,0.24078348196303273,0.642019974657997,0.9549746591982748,-0.899436550106452,-0.4051571844132069,0.48882859341795704,2.216355200392451,0.9992901741555736,0.9872272209598478,-0.33837770643869114,-0.4060916098800185,-0.37353427137839706,0.41789432278503846,1.5099108877363394,0.2535011025634512,-0.29632505944008036,-1.4068317087231905,-0.5221457363525871,-1.0938943492761837,0.44694052510067345,0.6380298326976793,0.9582558814939317,1.0706780755732412,1.2294774722343094,-1.998728335653956,-0.18371083484871165,-1.9571409672452493,0.22891114633389142,1.0408032429698753,1.1403495505737957,0.4421025057347121,0.718192671254211,-2.419764266509521,-0.9347711423787942,-0.7509568250719526,-0.725333874967602,-1.2269860621078643,0.462357025372487,-0.2378365103968981,-0.7063402122242796,-1.7029918180252124,-0.3652150551856287,-0.4154025538667492,-0.26342744380815014,-0.46808460803390106,0.6680789740606324,-1.7884433474749197,0.5266134345479598,0.3848420256809296,-0.5386122381958538,0.6282769498368024,-1.5036243138409597,-3.096945811775848,-0.1694806367572902,-2.4926461654690613,-0.8499729882562459,0.09297391721560133,-0.29918590487914665,-0.4806920789559077,2.1399002412259085,1.4449870749291878,-0.4054082063168377,-0.15008749933475957,0.85929028285007,0.8800992406195405,0.861956252246838,0.9053520747795788,-1.0014292747184195,0.17472319624395266,-0.08603344177617478,0.6448170624165986,-1.2015361213542133,0.42858946127459446,1.0755439839724947,-0.24882569439475988,0.06047868566281961,0.6488833305606119,0.6911596845216773,0.08966531974217112,0.6060117596145538,0.07179162414675844,-0.8221892642867094,-0.35896737749788904,-1.4438511647039147,0.4856465720995238,-1.6099496392244366,-0.5126150376088392,0.404485455470603,1.1106049555272048,0.01212106924620221,0.5664986650696668,-2.5572818103210135,0.7895422508694574,-0.1821252901743785,-0.41270196184256425,-0.4294107943249559,-0.969084335007399,-0.43679605329005455,-0.9039676486793023,-0.07602277987289023
3;51;26992.58907008171;2151;1484;0.048803;0.0;0.153663/0.057297/0.103034/0.089172/0.069323/0.087413/0.102511/0.054365/0.080893/0.077761/0.053549/0.085332/0.109971/0.153389/0.099516/0.101513/0.071908/0.054358/0.094804/0.081194/0.101599/0.105307/0.06951/0.142987/0.064294/0.080066/0.053087/0.084543/0.138285/0.140608/0.063066/0.048803/0.04952/0.102286/0.147375/0.055179/0.162505/0.078438/0.076359/0.067192/0.102561/0.099008/0.074563/0.102544/0.068797/0.071663/0.077804/0.078405/0.081081/0.127579/0.077594/0.067019/0.051518/0.07374/0.081894/0.116761/0.088552/0.09852/0.074803/0.102033/0.105425/0.193707/0.077904/0.136727/0.083971/0.060678/0.07522/0.09831/0.060543/0.078801/0.076598/0.121465/0.049126/0.084428/0.070321/0.088353/0.079897/0.052452/0.05182/0.086324/0.086652/0.080402/0.084523/0.083671/0.067684/0.07563/0.103038/0.081229/0.089083/0.080291/0.079528/0.080328/0.117176/0.053686/0.073662/0.077734/0.0837/0.089012/0.1495/0.088393;0.364523/0.001673/0.332785/0.252011/0.136027/0.290509/0.224404/0.0/0.021382/0.010605/0.0/0.020253/0.327545/0.322467/0.343476/0.27059/0.002276/0.0/0.290987/0.043854/0.347052/0.297251/0.008731/0.320545/0.210653/0.003117/0.165537/0.223715/0.329486/0.340655/0.240717/0.0/0.0/0.357103/0.367583/0.036223/0.361262/3.8e-05/0.003299/0.089476/0.312226/0.186115/0.279245/0.338838/0.036835/0.072493/0.388812/0.119321/0.032656/0.309127/0.008262/0.383887/0.144088/0.086914/0.248903/0.367076/0.415109/0.248262/0.325298/0.279398/0.266641/0.32263/0.203433/0.580559/0.376113/0.004609/0.000392/0.652556/0.023409/0.000124/0.007574/0.302568/0.0/0.244284/0.000306/0.146966/0.248195/0.0/0.0/0.033545/0.363863/0.000622/0.178437/0.118843/0.124102/0.041607/0.281329/0.079512/0.22143/0.203012/0.341793/0.133301/0.276997/0.023476/0.347731/0.18666/0.008683/0.22667/0.355219/0.194702;0.09831/0.088552/0.077804/0.067019/0.063066/0.053087/0.051518/0.048803;0.652556/0.415109/0.388812/0.383887/0.240717/0.165537/0.144088/0.0;-0.6474822743298478,0.0069879715232879225,0.23068830775153382,1.431663971846271,0.1342516092129053,-0.5279417075935483,-3.310843200518917,0.42789424851544916,-0.03532079585596887,1.9480404485474998,-2.4069464557555653,-2.614775740197765,-2.2131879454886816,-0.5772320038569592,1.4031773810963288,0.48586299557426466,-0.7284343117489969,0.6948953941715839,2.9200953515757275,-0.15761281949601347,0.900056942900339,-1.4615038361594623,-5.503993871197599e-05,0.7561514430344891,-0.06749395515220807,-0.04217855056994979,1.3067989922159295,-0.8291984518570353,0.5945425610861,0.842651274830664,0.7807005674659313,0.20517468981702924,1.8748431713906917,-2.094415874172559,2.1152541834421204,0.11134153574086403,1.4768763372213065,-2.3258939318580474,-0.681776084571525,-0.02391832417261547,-1.9957688417187116,-0.44024205473103384,1.1480895446953834,0.7724847362638428,-0.4267568055456459,0.4885382996407242,-0.42436331626188717,0.9892190223240934,-0.7327919062516425,0.4949514818972468,-0.365817621888491,-1.1448398967768432,1.2891557438444683,1.240959664696422,-0.030690374892937355,-0.4735327848720772,-1.140280645438514,2.2008766196496636,0.7618378990763365,0.25991636262083784,0.393750653253367,1.0266894872504007,0.386944375544071,-1.7573070437631415,-0.49947443046116746,-0.9925477202003397,0.5974744530284297,-0.3035841734218393,-2.929428270239497,-0.0026426390590573723,-1.4129752409544138,-0.561666932285144,-2.3164254858345825,-2.4822376482315853,-1.3406547357028513,0.981164643420434,0.5374974330969378,1.395187136452023,-0.6877630115493059,1.932050492313391,1.4144059305054522,-0.2083180165801315,1.193341019985606,-1.368546376980819,1.5076563463202937,-0.7828364962029323,-0.7552198313413633,-0.5130561935980525,-0.19030112342933775,-1.6232203054361787,1.602379680066642,0.6794490383925076,1.9427249296975746,0.6760524473926285,-1.2133248962054135,-0.7034765490077131,1.0951635522757575,-1.3186452071467358,0.06440396722550669,-0.14570897164993007,0.3294992978661266,-2.6345601847486453,-0.557728145300163,0.3572470485644214,1.2251257774568953,0.7186494158436935,0.12284488922823666,-0.5446857349850026,0.12316798190490855,-1.832193707128875,1.7271072163689394,-2.11969411388641,-1.4984224200744312,-0.633636021105286,0.29405070926471066,-0.6410266020195685,0.9375455396103529,0.5975559973847551,-0.21148858094640552,0.42249689375832605,1.3309813709916978,0.3333854426067281,0.31115926185524756,0.1847766600506833,0.7688874778110147,0.6248586403139748,-1.115173685305252,-0.597342746600392,1.9073578354780363,1.3912622921316666,0.7599489983871115,0.6133766938682089,-0.017103287973727066,0.9753133143747408,-0.8911259181763742,1.4857139440476275,-1.9091974021333087,0.7850891999166494,2.1495851854918433,0.9076090754892714,1.3398637754820744,-0.9661683422139278,0.3815258356841179,0.1844138945208731,0.3478044542147061,0.2244941882179564,0.39107576572891467,1.0708745324191695,0.05822833615033757,0.49403036407853057,-0.43528709525001996,-1.8602776085744637,-1.2347024838520622,-0.9647967083615165,0.6038922454074589,-0.010365293992710023,0.16998663377907697,0.5279648229899143;1.6129200755454733,1.5674311779466024,0.948221167868835,0.5094352505218451,0.3536034562136767,-0.22040874322680698,1.6622741227625366,-1.010559915915565,1.228395484519289,0.8176145142553797,-0.04777226905962112,-0.5863396007861534,-0.7256686418469303,-0.47903029485418247,-1.214985806950809,-0.7625340095445953,-1.7152568232462928,1.1126759667359827,2.27891237234259,0.49723158832273545,-0.9571008690893378,0.554270623583486,0.08406982316076862,-1.151731601633847,-0.5497198599669926,-1.4162323824401815,-0.7281350594014292,0.1372014872954804,-0.7051929602770346,-2.911502519039403,0.12522087195686293,0.7461321322619489,0.39521511796956044,-0.3729516330010463,-1.2371178919547623,0.7350255513174138,-1.4433201067776036,0.5629758407326482,-1.5954156656934182,-0.14027053015679486,0.5461440254052581,0.9765430232358449,0.2044156887013677,-0.6039130299401125,-0.503251765131796,0.18389343624239451,0.3754319824521989,2.155820121441151,-1.3693820804132704,-1.4364479228094256,-0.4936183557781647,0.14092100649578393,0.2722607401303635,-0.8641471700497183,-1.1939203598020356,-2.1000505628679393,2.220928359447662,1.1756994462290231,0.24078348196303273,0.642019974657997,0.9549746591982748,-0.899436550106452,-0.4051571844132069,0.48882859341795704,2.216355200392451,0.9992901741555736,0.9872272209598478,-0.33837770643869114,-0.4060916098800185,-0.37353427137839706,0.41789432278503846,1.5099108877363394,0.2535011025634512,-0.29632505944008036,-1.4068317087231905,-0.5221457363525871,-1.0938943492761837,0.44694052510067345,0.6380298326976793,0.9582558814939317,1.0706780755732412,1.2294774722343094,-1.998728335653956,-0.18371083484871165,-1.9571409672452493,0.22891114633389142,1.0408032429698753,1.1403495505737957,0.4421025057347121,0.718192671254211,-2.419764266509521,-0.9347711423787942,-0.7509568250719526,-0.725333874967602,-1.2269860621078643,0.462357025372487,-0.2378365103968981,-0.7063402122242796,-1.7029918180252124,-0.3652150551856287,-0.4154025538667492,-0.26342744380815014,-0.46808460803390106,0.6680789740606324,-1.7884433474749197,0.5266134345479598,0.3848420256809296,-0.5386122381958538,0.6282769498368024,-1.5036243138409597,-3.096945811775848,-0.1694806367572902,-2.4926461654690613,-0.8499729882562459,0.09297391721560133,-0.29918590487914665,-0.4806920789559077,2.1399002412259085,1.4449870749291878,-0.4054082063168377,-0.15008749933475957,0.85929028285007,0.8800992406195405,0.861956252246838,0.9053520747795788,-1.0014292747184195,0.17472319624395266,-0.08603344177617478,0.6448170624165986,-1.2015361213542133,0.42858946127459446,1.0755439839724947,-0.24882569439475988,0.06047868566281961,0.6488833305606119,0.6911596845216773,0.08966531974217112,0.6060117596145538,0.07179162414675844,-0.8221892642867094,-0.35896737749788904,-1.4438511647039147,0.4856465720995238,-1.6099496392244366,-0.5126150376088392,0.404485455470603,1.1106049555272048,0.01212106924620221,0.5664986650696668,-2.5572818103210135,0.7895422508694574,-0.1821252901743785,-0.41270196184256425,-0.4294107943249559,-0.969084335007399,-0.43679605329005455,-0.9039676486793023,-0.07602277987289023
3;52;27532.55456352234;2151;1484;0.048803;0.0;0.153663/0.057297/0.103034/0.089172/0.069323/0.087413/0.102511/0.054365/0.080893/0.077761/0.053549/0.085332/0.109971/0.153389/0.099516/0.101513/0.071908/0.054358/0.094804/0.081194/0.101599/0.105307/0.06951/0.142987/0.064294/0.080066/0.053087/0.084543/0.138285/0.140608/0.063066/0.048803/0.04952/0.102286/0.147375/0.055179/0.162505/0.078438/0.076359/0.067192/0.102561/0.074563/0.102544/0.068797/0.071663/0.077804/0.078405/0.081081/0.127579/0.077594/0.067019/0.051518/0.07374/0.081894/0.116761/0.088552/0.09852/0.074803/0.102033/0.193707/0.077904/0.136727/0.083971/0.060678/0.07522/0.09831/0.060543/0.078801/0.076598/0.121465/0.049126/0.084428/0.070321/0.088353/0.079897/0.052452/0.05182/0.086652/0.080402/0.084523/0.083671/0.067684/0.07563/0.103038/0.081229/0.089083/0.080291/0.079528/0.080328/0.053686/0.073662/0.077734/0.0837/0.089012/0.1495/0.088393/0.05834/0.104902/0.104357/0.085687;0.364523/0.001673/0.332785/0.252011/0.136027/0.290509/0.224404/0.0/0.021382/0.010605/0.0/0.020253/0.327545/0.322467/0.343476/0.27059/0.002276/0.0/0.290987/0.043854/0.347052/0.297251/0.008731/0.320545/0.210653/0.003117/0.165537/0.223715/0.329486/0.340655/0.240717/0.0/0.0/0.357103/0.367583/0.036223/0.361262/3.8e-05/0.003299/0.089476/0.312226/0.279245/0.338838/0.036835/0.072493/0.388812/0.119321/0.032656/0.309127/0.008262/0.383887/0.144088/0.086914/0.248903/0.367076/0.415109/0.248262/0.325298/0.279398/0.32263/0.203433/0.580559/0.376113/0.004609/0.000392/0.652556/0.023409/0.000124/0.007574/0.302568/0.0/0.244284/0.000306/0.146966/0.248195/0.0/0.0/0.363863/0.000622/0.178437/0.118843/0.124102/0.041607/0.281329/0.079512/0.22143/0.203012/0.341793/0.133301/0.023476/0.347731/0.18666/0.008683/0.22667/0.355219/0.194702/0.004705/0.352426/0.431652/0.385188;0.09831/0.088552/0.077804/0.067019/0.063066/0.053087/0.051518/0.048803;0.652556/0.415109/0.388812/0.383887/0.240717/0.165537/0.144088/0.0;-0.6474822743298478,0.0069879715232879225,0.23068830775153382,1.431663971846271,0.1342516092129053,-0.5279417075935483,-3.310843200518917,0.42789424851544916,-0.03532079585596887,1.9480404485474998,-2.4069464557555653,-2.614775740197765,-2.2131879454886816,-0.5772320038569592,1.4031773810963288,0.48586299557426466,-0.7284343117489969,0.6948953941715839,2.9200953515757275,-0.15761281949601347,0.900056942900339,-1.4615038361594623,-5.503993871197599e-05,0.7561514430344891,-0.06749395515220807,-0.04217855056994979,1.3067989922159295,-0.8291984518570353,0.5945425610861,0.842651274830664,0.7807005674659313,0.20517468981702924,1.8748431713906917,-2.094415874172559,2.1152541834421204,0.11134153574086403,1.4768763372213065,-2.3258939318580474,-0.681776084571525,-0.02391832417261547,-1.9957688417187116,-0.44024205473103384,1.1480895446953834,0.7724847362638428,-0.4267568055456459,0.4885382996407242,-0.42436331626188717,0.9892190223240934,-0.7327919062516425,0.4949514818972468,-0.365817621888491,-1.1448398967768432,1.2891557438444683,1.240959664696422,-0.030690374892937355,-0.4735327848720772,-1.140280645438514,2.2008766196496636,0.7618378990763365,0.25991636262083784,0.393750653253367,1.0266894872504007,0.386944375544071,-1.7573070437631415,-0.49947443046116746,-0.9925477202003397,0.5974744530284297,-0.3035841734218393,-2.929428270239497,-0.0026426390590573723,-1.4129752409544138,-0.561666932285144,-2.3164254858345825,-2.4822376482315853,-1.3406547357028513,0.981164643420434,0.5374974330969378,1.395187136452023,-0.6877630115493059,1.932050492313391,1.4144059305054522,-0.2083180165801315,1.193341019985606,-1.368546376980819,1.5076563463202937,-0.7828364962029323,-0.7552198313413633,-0.5130561935980525,-0.19030112342933775,-1.6232203054361787,1.602379680066642,0.6794490383925076,1.9427249296975746,0.6760524473926285,-1.2133248962054135,-0.7034765490077131,1.0951635522757575,-1.3186452071467358,0.06440396722550669,-0.14570897164993007,0.3294992978661266,-2.6345601847486453,-0.557728145300163,0.3572470485644214,1.2251257774568953,0.7186494158436935,0.12284488922823666,-0.5446857349850026,0.12316798190490855,-1.832193707128875,1.7271072163689394,-2.11969411388641,-1.4984224200744312,-0.633636021105286,0.29405070926471066,-0.6410266020195685,0.9375455396103529,0.5975559973847551,-0.21148858094640552,0.42249689375832605,1.3309813709916978,0.3333854426067281,0.31115926185524756,0.1847766600506833,0.7688874778110147,0.6248586403139748,-1.115173685305252,-0.597342746600392,1.9073578354780363,1.3912622921316666,0.7599489983871115,0.6133766938682089,-0.017103287973727066,0.9753133143747408,-0.8911259181763742,1.4857139440476275,-1.9091974021333087,0.7850891999166494,2.1495851854918433,0.9076090754892714,1.3398637754820744,-0.9661683422139278,0.3815258356841179,0.1844138945208731,0.3478044542147061,0.2244941882179564,0.39107576572891467,1.0708745324191695,0.05822833615033757,0.49403036407853057,-0.43528709525001996,-1.8602776085744637,-1.2347024838520622,-0.9647967083615165,0.6038922454074589,-0.010365293992710023,0.16998663377907697,0.5279648229899143;1.6129200755454733,1.5674311779466024,0.948221167868835,0.5094352505218451,0.3536034562136767,-0.22040874322680698,1.6622741227625366,-1.010559915915565,1.228395484519289,0.8176145142553797,-0.04777226905962112,-0.5863396007861534,-0.7256686418469303,-0.47903029485418247,-1.214985806950809,-0.7625340095445953,-1.7152568232462928,1.1126759667359827,2.27891237234259,0.49723158832273545,-0.9571008690893378,0.554270623583486,0.08406982316076862,-1.151731601633847,-0.5497198599669926,-1.4162323824401815,-0.7281350594014292,0.1372014872954804,-0.7051929602770346,-2.911502519039403,0.12522087195686293,0.7461321322619489,0.39521511796956044,-0.3729516330010463,-1.2371178919547623,0.7350255513174138,-1.4433201067776036,0.5629758407326482,-1.5954156656934182,-0.14027053015679486,0.5461440254052581,0.9765430232358449,0.2044156887013677,-0.6039130299401125,-0.503251765131796,0.18389343624239451,0.3754319824521989,2.155820121441151,-1.3693820804132704,-1.4364479228094256,-0.4936183557781647,0.14092100649578393,0.2722607401303635,-0.8641471700497183,-1.1939203598020356,-2.1000505628679393,2.220928359447662,1.1756994462290231,0.24078348196303273,0.642019974657997,0.9549746591982748,-0.899436550106452,-0.4051571844132069,0.48882859341795704,2.216355200392451,0.9992901741555736,0.9872272209598478,-0.33837770643869114,-0.4060916098800185,-0.37353427137839706,0.41789432278503846,1.5099108877363394,0.2535011025634512,-0.29632505944008036,-1.4068317087231905,-0.5221457363525871,-1.0938943492761837,0.44694052510067345,0.6380298326976793,0.9582558814939317,1.0706780755732412,1.2294774722343094,-1.998728335653956,-0.18371083484871165,-1.9571409672452493,0.22891114633389142,1.0408032429698753,1.1403495505737957,0.4421025057347121,0.718192671254211,-2.419764266509521,-0.9347711423787942,-0.7509568250719526,-0.725333874967602,-1.2269860621078643,0.462357025372487,-0.2378365103968981,-0.7063402122242796,-1.7029918180252124,-0.3652150551856287,-0.4154025538667492,-0.26342744380815014,-0.46808460803390106,0.6680789740606324,-1.7884433474749197,0.5266134345479598,0.3848420256809296,-0.5386122381958538,0.6282769498368024,-1.5036243138409597,-3.096945811775848,-0.1694806367572902,-2.4926461654690613,-0.8499729882562459,0.09297391721560133,-0.29918590487914665,-0.4806920789559077,2.1399002412259085,1.4449870749291878,-0.4054082063168377,-0.15008749933475957,0.85929028285007,0.8800992406195405,0.861956252246838,0.9053520747795788,-1.0014292747184195,0.17472319624395266,-0.08603344177617478,0.6448170624165986,-1.2015361213542133,0.42858946127459446,1.0755439839724947,-0.24882569439475988,0.06047868566281961,0.6488833305606119,0.6911596845216773,0.08966531974217112,0.6060117596145538,0.07179162414675844,-0.8221892642867094,-0.35896737749788904,-1.4438511647039147,0.4856465720995238,-1.6099496392244366,-0.5126150376088392,0.404485455470603,1.1106049555272048,0.01212106924620221,0.5664986650696668,-2.5572818103210135,0.7895422508694574,-0.1821252901743785,-0.41270196184256425,-0.4294107943249559,-0.969084335007399,-0.43679605329005455,-0.9039676486793023,-0.07602277987289023
3;53;28069.88290643692;2151;1484;0.048803;0.0;0.153663/0.057297/0.103034/0.089172/0.069323/0.087413/0.102511/0.080893/0.077761/0.053549/0.109971/0.153389/0.099516/0.101513/0.071908/0.054358/0.094804/0.081194/0.101599/0.105307/0.06951/0.142987/0.064294/0.080066/0.053087/0.084543/0.138285/0.140608/0.063066/0.048803/0.04952/0.102286/0.147375/0.055179/0.162505/0.078438/0.076359/0.067192/0.102561/0.074563/0.102544/0.068797/0.071663/0.077804/0.078405/0.081081/0.127579/0.077594/0.067019/0.051518/0.07374/0.081894/0.116761/0.088552/0.09852/0.074803/0.102033/0.193707/0.077904/0.136727/0.083971/0.060678/0.07522/0.09831/0.060543/0.078801/0.076598/0.049126/0.084428/0.070321/0.088353/0.079897/0.052452/0.05182/0.086652/0.084523/0.083671/0.067684/0.07563/0.103038/0.081229/0.089083/0.080291/0.079528/0.080328/0.053686/0.073662/0.077734/0.0837/0.089012/0.1495/0.088393/0.05834/0.104902/0.104357/0.085687/0.073729/0.07841/0.052008/0.078471;0.364523/0.001673/0.332785/0.252011/0.136027/0.290509/0.224404/0.021382/0.010605/0.0/0.327545/0.322467/0.343476/0.27059/0.002276/0.0/0.290987/0.043854/0.347052/0.297251/0.008731/0.320545/0.210653/0.003117/0.165537/0.223715/0.329486/0.340655/0.240717/0.0/0.0/0.357103/0.367583/0.036223/0.361262/3.8e-05/0.003299/0.089476/0.312226/0.279245/0.338838/0.036835/0.072493/0.388812/0.119321/0.032656/0.309127/0.008262/0.383887/0.144088/0.086914/0.248903/0.367076/0.415109/0.248262/0.325298/0.279398/0.32263/0.203433/0.580559/0.376113/0.004609/0.000392/0.652556/0.023409/0.000124/0.007574/0.0/0.244284/0.000306/0.146966/0.248195/0.0/0.0/0.363863/0.178437/0.118843/0.124102/0.041607/0.281329/0.079512/0.22143/0.203012/0.341793/0.133301/0.023476/0.347731/0.18666/0.008683/0.22667/0.355219/0.194702/0.004705/0.352426/0.431652/0.385188/0.021946/0.004361/0.0/5.7e-05;0.09831/0.088552/0.077804/0.067019/0.063066/0.053087/0.051518/0.048803;0.652556/0.415109/0.388812/0.383887/0.240717/0.165537/0.144088/0.0;-0.6474822743298478,0.0069879715232879225,0.23068830775153382,1.431663971846271,0.1342516092129053,-0.5279417075935483,-3.310843200518917,0.42789424851544916,-0.03532079585596887,1.9480404485474998,-2.4069464557555653,-2.614775740197765,-2.2131879454886816,-0.5772320038569592,1.4031773810963288,0.48586299557426466,-0.7284343117489969,0.6948953941715839,2.9200953515757275,-0.15761281949601347,0.900056942900339,-1.4615038361594623,-5.503993871197599e-05,0.7561514430344891,-0.06749395515220807,-0.04217855056994979,1.3067989922159295,-0.8291984518570353,0.5945425610861,0.842651274830664,0.7807005674659313,0.20517468981702924,1.8748431713906917,-2.094415874172559,2.1152541834421204,0.11134153574086403,1.4768763372213065,-2.3258939318580474,-0.681776084571525,-0.02391832417261547,-1.9957688417187116,-0.44024205473103384,1.1480895446953834,0.7724847362638428,-0.4267568055456459,0.4885382996407242,-0.42436331626188717,0.9892190223240934,-0.7327919062516425,0.4949514818972468,-0.365817621888491,-1.1448398967768432,1.2891557438444683,1.240959664696422,-0.030690374892937355,-0.4735327848720772,-1.140280645438514,2.2008766196496636,0.7618378990763365,0.25991636262083784,0.393750653253367,1.0266894872504007,0.386944375544071,-1.7573070437631415,-0.49947443046116746,-0.9925477202003397,0.5974744530284297,-0.3035841734218393,-2.929428270239497,-0.0026426390590573723,-1.4129752409544138,-0.561666932285144,-2.3164254858345825,-2.4822376482315853,-1.3406547357028513,0.981164643420434,0.5374974330969378,1.395187136452023,-0.6877630115493059,1.932050492313391,1.4144059305054522,-0.2083180165801315,1.193341019985606,-1.368546376980819,1.5076563463202937,-0.7828364962029323,-0.7552198313413633,-0.5130561935980525,-0.19030112342933775,-1.6232203054361787,1.602379680066642,0.6794490383925076,1.9427249296975746,0.6760524473926285,-1.2133248962054135,-0.7034765490077131,1.0951635522757575,-1.3186452071467358,0.06440396722550669,-0.14570897164993007,0.3294992978661266,-2.6345601847486453,-0.557728145300163,0.3572470485644214,1.2251257774568953,0.7186494158436935,0.12284488922823666,-0.5446857349850026,0.12316798190490855,-1.832193707128875,1.7271072163689394,-2.11969411388641,-1.4984224200744312,-0.633636021105286,0.29405070926471066,-0.6410266020195685,0.9375455396103529,0.5975559973847551,-0.21148858094640552,0.42249689375832605,1.3309813709916978,0.3333854426067281,0.31115926185524756,0.1847766600506833,0.7688874778110147,0.6248586403139748,-1.115173685305252,-0.597342746600392,1.9073578354780363,1.3912622921316666,0.7599489983871115,0.6133766938682089,-0.017103287973727066,0.9753133143747408,-0.8911259181763742,1.4857139440476275,-1.9091974021333087,0.7850891999166494,2.1495851854918433,0.9076090754892714,1.3398637754820744,-0.9661683422139278,0.3815258356841179,0.1844138945208731,0.3478044542147061,0.2244941882179564,0.39107576572891467,1.0708745324191695,0.05822833615033757,0.49403036407853057,-0.43528709525001996,-1.8602776085744637,-1.2347024838520622,-0.9647967083615165,0.6038922454074589,-0.010365293992710023,0.16998663377907697,0.5279648229899143;1.6129200755454733,1.5674311779466024,0.948221167868835,0.5094352505218451,0.3536034562136767,-0.22040874322680698,1.6622741227625366,-1.010559915915565,1.228395484519289,0.8176145142553797,-0.04777226905962112,-0.5863396007861534,-0.7256686418469303,-0.47903029485418247,-1.214985806950809,-0.7625340095445953,-1.7152568232462928,1.1126759667359827,2.27891237234259,0.49723158832273545,-0.9571008690893378,0.554270623583486,0.08406982316076862,-1.151731601633847,-0.5497198599669926,-1.4162323824401815,-0.7281350594014292,0.1372014872954804,-0.7051929602770346,-2.911502519039403,0.12522087195686293,0.7461321322619489,0.39521511796956044,-0.3729516330010463,-1.2371178919547623,0.7350255513174138,-1.4433201067776036,0.5629758407326482,-1.5954156656934182,-0.14027053015679486,0.5461440254052581,0.9765430232358449,0.2044156887013677,-0.6039130299401125,-0.503251765131796,0.18389343624239451,0.3754319824521989,2.155820121441151,-1.3693820804132704,-1.4364479228094256,-0.4936183557781647,0.14092100649578393,0.2722607401303635,-0.8641471700497183,-1.1939203598020356,-2.1000505628679393,2.220928359447662,1.1756994462290231,0.24078348196303273,0.642019974657997,0.9549746591982748,-0.899436550106452,-0.4051571844132069,0.48882859341795704,2.216355200392451,0.9992901741555736,0.9872272209598478,-0.33837770643869114,-0.4060916098800185,-0.37353427137839706,0.41789432278503846,1.5099108877363394,0.2535011025634512,-0.29632505944008036,-1.4068317087231905,-0.5221457363525871,-1.0938943492761837,0.44694052510067345,0.6380298326976793,0.9582558814939317,1.0706780755732412,1.2294774722343094,-1.998728335653956,-0.18371083484871165,-1.9571409672452493,0.22891114633389142,1.0408032429698753,1.1403495505737957,0.4421025057347121,0.718192671254211,-2.419764266509521,-0.9347711423787942,-0.7509568250719526,-0.725333874967602,-1.2269860621078643,0.462357025372487,-0.2378365103968981,-0.7063402122242796,-1.7029918180252124,-0.3652150551856287,-0.4154025538667492,-0.26342744380815014,-0.46808460803390106,0.6680789740606324,-1.7884433474749197,0.5266134345479598,0.3848420256809296,-0.5386122381958538,0.6282769498368024,-1.5036243138409597,-3.096945811775848,-0.1694806367572902,-2.4926461654690613,-0.8499729882562459,0.09297391721560133,-0.29918590487914665,-0.4806920789559077,2.1399002412259085,1.4449870749291878,-0.4054082063168377,-0.15008749933475957,0.85929028285007,0.8800992406195405,0.861956252246838,0.9053520747795788,-1.0014292747184195,0.17472319624395266,-0.08603344177617478,0.6448170624165986,-1.2015361213542133,0.42858946127459446,1.0755439839724947,-0.24882569439475988,0.06047868566281961,0.6488833305606119,0.6911596845216773,0.08966531974217112,0.6060117596145538,0.07179162414675844,-0.8221892642867094,-0.35896737749788904,-1.4438511647039147,0.4856465720995238,-1.6099496392244366,-0.5126150376088392,0.404485455470603,1.1106049555272048,0.01212106924620221,0.5664986650696668,-2.5572818103210135,0.7895422508694574,-0.1821252901743785,-0.41270196184256425,-0.4294107943249559,-0.969084335007399,-0.43679605329005455,-0.9039676486793023,-0.07602277987289023
3;54;28615.8852994442;2151;1484;0.048803;0.0;0.153663/0.057297/0.103034/0.089172/0.069323/0.087413/0.102511/0.080893/0.053549/0.109971/0.153389/0.099516/0.101513/0.071908/0.094804/0.081194/0.101599/0.105307/0.06951/0.142987/0.064294/0.053087/0.084543/0.138285/0.140608/0.063066/0.048803/0.04952/0.102286/0.147375/0.055179/0.162505/0.076359/0.067192/0.102561/0.074563/0.102544/0.068797/0.071663/0.077804/0.078405/0.081081/0.127579/0.067019/0.051518/0.07374/0.081894/0.116761/0.088552/0.09852/0.074803/0.102033/0.193707/0.077904/0.136727/0.083971/0.060678/0.07522/0.09831/0.060543/0.076598/0.049126/0.084428/0.070321/0.088353/0.079897/0.052452/0.05182/0.086652/0.084523/0.083671/0.067684/0.07563/0.103038/0.081229/0.089083/0.080291/0.079528/0.080328/0.053686/0.073662/0.077734/0.089012/0.1495/0.088393/0.05834/0.104902/0.104357/0.085687/0.073729/0.052008/0.087647/0.068975/0.076829/0.049769/0.077475/0.055292/0.060794/0.059828/0.105342;0.364523/0.001673/0.332785/0.252011/0.136027/0.290509/0.224404/0.021382/0.0/0.327545/0.322467/0.343476/0.27059/0.002276/0.290987/0.043854/0.347052/0.297251/0.008731/0.320545/0.210653/0.165537/0.223715/0.329486/0.340655/0.240717/0.0/0.0/0.357103/0.367583/0.036223/0.361262/0.003299/0.089476/0.312226/0.279245/0.338838/0.036835/0.072493/0.388812/0.119321/0.032656/0.309127/0.383887/0.144088/0.086914/0.248903/0.367076/0.415109/0.248262/0.325298/0.279398/0.32263/0.203433/0.580559/0.376113/0.004609/0.000392/0.652556/0.023409/0.007574/0.0/0.244284/0.000306/0.146966/0.248195/0.0/0.0/0.363863/0.178437/0.118843/0.124102/0.041607/0.281329/0.079512/0.22143/0.203012/0.341793/0.133301/0.023476/0.347731/0.18666/0.22667/0.355219/0.194702/0.004705/0.352426/0.431652/0.385188/0.021946/0.0/0.027473/0.000153/0.020234/0.0/0.012776/0.294564/0.044198/0.227244/0.396213;0.09831/0.088552/0.077804/0.067019/0.055292/0.053087/0.051518/0.048803;0.652556/0.415109/0.388812/0.383887/0.294564/0.165537/0.144088/0.0;-0.6474822743298478,0.0069879715232879225,0.23068830775153382,1.431663971846271,0.1342516092129053,-0.5279417075935483,-3.310843200518917,0.42789424851544916,-0.03532079585596887,1.9480404485474998,-2.4069464557555653,-2.614775740197765,-2.2131879454886816,-0.5772320038569592,1.4031773810963288,0.48586299557426466,-0.7284343117489969,0.6948953941715839,2.9200953515757275,-0.15761281949601347,0.900056942900339,-1.4615038361594623,-5.503993871197599e-05,0.7561514430344891,-0.06749395515220807,-0.04217855056994979,1.3067989922159295,-0.8291984518570353,0.5945425610861,0.842651274830664,0.7807005674659313,0.20517468981702924,1.8748431713906917,-2.094415874172559,2.1152541834421204,0.11134153574086403,1.4768763372213065,-2.3258939318580474,-0.681776084571525,-0.02391832417261547,-1.9957688417187116,-0.44024205473103384,1.1480895446953834,0.7724847362638428,-0.4267568055456459,0.4885382996407242,-0.42436331626188717,0.9892190223240934,-0.7327919062516425,0.4949514818972468,-0.365817621888491,-1.1448398967768432,1.2891557438444683,1.240959664696422,-0.030690374892937355,-0.4735327848720772,-1.140280645438514,2.2008766196496636,0.7618378990763365,0.25991636262083784,0.393750653253367,1.0266894872504007,0.386944375544071,-1.7573070437631415,-0.49947443046116746,-0.9925477202003397,0.5974744530284297,-0.3035841734218393,-2.929428270239497,-0.0026426390590573723,-1.4129752409544138,-0.561666932285144,-2.3164254858345825,-2.4822376482315853,-1.3406547357028513,0.981164643420434,0.5374974330969378,1.395187136452023,-0.6877630115493059,1.932050492313391,1.4144059305054522,-0.2083180165801315,1.193341019985606,-1.368546376980819,1.5076563463202937,-0.7828364962029323,-0.7552198313413633,-0.5130561935980525,-0.19030112342933775,-1.6232203054361787,1.602379680066642,0.6794490383925076,1.9427249296975746,0.6760524473926285,-1.2133248962054135,-0.7034765490077131,1.0951635522757575,-1.3186452071467358,0.06440396722550669,-0.14570897164993007,0.3294992978661266,-2.6345601847486453,-0.557728145300163,0.3572470485644214,1.2251257774568953,0.7186494158436935,0.12284488922823666,-0.5446857349850026,0.12316798190490855,-1.832193707128875,1.7271072163689394,-2.11969411388641,-1.4984224200744312,-0.633636021105286,0.29405070926471066,-0.6410266020195685,0.9375455396103529,0.5975559973847551,-0.21148858094640552,0.42249689375832605,1.3309813709916978,0.3333854426067281,0.31115926185524756,0.1847766600506833,0.7688874778110147,0.6248586403139748,-1.115173685305252,-0.597342746600392,1.9073578354780363,1.3912622921316666,0.7599489983871115,0.6133766938682089,-0.017103287973727066,0.9753133143747408,-0.8911259181763742,1.4857139440476275,-1.9091974021333087,0.7850891999166494,2.1495851854918433,0.9076090754892714,1.3398637754820744,-0.9661683422139278,0.3815258356841179,0.1844138945208731,0.3478044542147061,0.2244941882179564,0.39107576572891467,1.0708745324191695,0.05822833615033757,0.49403036407853057,-0.43528709525001996,-1.8602776085744637,-1.2347024838520622,-0.9647967083615165,0.6038922454074589,-0.010365293992710023,0.16998663377907697,0.5279648229899143;1.6129200755454733,1.5674311779466024,0.948221167868835,0.5094352505218451,0.3536034562136767,-0.22040874322680698,1.6622741227625366,-1.010559915915565,1.228395484519289,0.8176145142553797,-0.04777226905962112,-0.5863396007861534,-0.7256686418469303,-0.47903029485418247,-1.214985806950809,-0.7625340095445953,-1.7152568232462928,1.1126759667359827,2.27891237234259,0.49723158832273545,-0.9571008690893378,0.554270623583486,0.08406982316076862,-1.151731601633847,-0.5497198599669926,-1.4162323824401815,-0.7281350594014292,0.1372014872954804,-0.7051929602770346,-2.911502519039403,0.12522087195686293,0.7461321322619489,0.39521511796956044,-0.3729516330010463,-1.2371178919547623,0.7350255513174138,-1.4433201067776036,0.5629758407326482,-1.5954156656934182,-0.14027053015679486,0.5461440254052581,0.9765430232358449,0.2044156887013677,-0.6039130299401125,-0.503251765131796,0.18389343624239451,0.3754319824521989,2.155820121441151,-1.3693820804132704,-1.4364479228094256,-0.4936183557781647,0.14092100649578393,0.2722607401303635,-0.8641471700497183,-1.1939203598020356,-2.1000505628679393,2.220928359447662,1.1756994462290231,0.24078348196303273,0.642019974657997,0.9549746591982748,-0.899436550106452,-0.4051571844132069,0.48882859341795704,2.216355200392451,0.9992901741555736,0.9872272209598478,-0.33837770643869114,-0.4060916098800185,-0.37353427137839706,0.41789432278503846,1.5099108877363394,0.2535011025634512,-0.29632505944008036,-1.4068317087231905,-0.5221457363525871,-1.0938943492761837,0.44694052510067345,0.6380298326976793,0.9582558814939317,1.0706780755732412,1.2294774722343094,-1.998728335653956,-0.18371083484871165,-1.9571409672452493,0.22891114633389142,1.0408032429698753,1.1403495505737957,0.4421025057347121,0.718192671254211,-2.419764266509521,-0.9347711423787942,-0.7509568250719526,-0.725333874967602,-1.2269860621078643,0.462357025372487,-0.2378365103968981,-0.7063402122242796,-1.7029918180252124,-0.3652150551856287,-0.4154025538667492,-0.26342744380815014,-0.46808460803390106,0.6680789740606324,-1.7884433474749197,0.5266134345479598,0.3848420256809296,-0.5386122381958538,0.6282769498368024,-1.5036243138409597,-3.096945811775848,-0.1694806367572902,-2.4926461654690613,-0.8499729882562459,0.09297391721560133,-0.29918590487914665,-0.4806920789559077,2.1399002412259085,1.4449870749291878,-0.4054082063168377,-0.15008749933475957,0.85929028285007,0.8800992406195405,0.861956252246838,0.9053520747795788,-1.0014292747184195,0.17472319624395266,-0.08603344177617478,0.6448170624165986,-1.2015361213542133,0.42858946127459446,1.0755439839724947,-0.24882569439475988,0.06047868566281961,0.6488833305606119,0.6911596845216773,0.08966531974217112,0.6060117596145538,0.07179162414675844,-0.8221892642867094,-0.35896737749788904,-1.4438511647039147,0.4856465720995238,-1.6099496392244366,-0.5126150376088392,0.404485455470603,1.1106049555272048,0.01212106924620221,0.5664986650696668,-2.5572818103210135,0.7895422508694574,-0.1821252901743785,-0.41270196184256425,-0.4294107943249559,-0.969084335007399,-0.43679605329005455,-0.9039676486793023,-0.07602277987289023
3;55;29156.13939142227;2151;1484;0.048803;0.0;0.153663/0.057297/0.103034/0.089172/0.069323/0.087413/0.102511/0.080893/0.053549/0.109971/0.153389/0.099516/0.101513/0.071908/0.094804/0.081194/0.101599/0.105307/0.06951/0.142987/0.064294/0.053087/0.084543/0.138285/0.140608/0.063066/0.048803/0.04952/0.102286/0.147375/0.055179/0.162505/0.076359/0.067192/0.102561/0.074563/0.102544/0.068797/0.071663/0.077804/0.078405/0.067019/0.051518/0.07374/0.081894/0.116761/0.088552/0.09852/0.074803/0.102033/0.193707/0.077904/0.136727/0.083971/0.060678/0.07522/0.09831/0.060543/0.049126/0.084428/0.070321/0.088353/0.079897/0.052452/0.05182/0.086652/0.084523/0.083671/0.067684/0.07563/0.103038/0.081229/0.089083/0.080291/0.079528/0.080328/0.053686/0.073662/0.077734/0.089012/0.1495/0.088393/0.05834/0.104902/0.104357/0.085687/0.073729/0.052008/0.068975/0.049769/0.055292/0.060794/0.059828/0.105342/0.06729/0.080378/0.058825/0.080787/0.06107/0.073913;0.364523/0.001673/0.332785/0.252011/0.136027/0.290509/0.224404/0.021382/0.0/0.327545/0.322467/0.343476/0.27059/0.002276/0.290987/0.043854/0.347052/0.297251/0.008731/0.320545/0.210653/0.165537/0.223715/0.329486/0.340655/0.240717/0.0/0.0/0.357103/0.367583/0.036223/0.361262/0.003299/0.089476/0.312226/0.279245/0.338838/0.036835/0.072493/0.388812/0.119321/0.383887/0.144088/0.086914/0.248903/0.367076/0.415109/0.248262/0.325298/0.279398/0.32263/0.203433/0.580559/0.376113/0.004609/0.000392/0.652556/0.023409/0.0/0.244284/0.000306/0.146966/0.248195/0.0/0.0/0.363863/0.178437/0.118843/0.124102/0.041607/0.281329/0.079512/0.22143/0.203012/0.341793/0.133301/0.023476/0.347731/0.18666/0.22667/0.355219/0.194702/0.004705/0.352426/0.431652/0.385188/0.021946/0.0/0.000153/0.0/0.294564/0.044198/0.227244/0.396213/0.00066/0.390189/0.312924/0.219335/0.118613/0.053483;0.09831/0.088552/0.080378/0.077804/0.067019/0.058825/0.055292/0.053087/0.051518/0.048803;0.652556/0.415109/0.390189/0.388812/0.383887/0.312924/0.294564/0.165537/0.144088/0.0;-0.6474822743298478,0.0069879715232879225,0.23068830775153382,1.431663971846271,0.1342516092129053,-0.5279417075935483,-3.310843200518917,0.42789424851544916,-0.03532079585596887,1.9480404485474998,-2.4069464557555653,-2.614775740197765,-2.2131879454886816,-0.5772320038569592,1.4031773810963288,0.48586299557426466,-0.7284343117489969,0.6948953941715839,2.9200953515757275,-0.15761281949601347,0.900056942900339,-1.4615038361594623,-5.503993871197599e-05,0.7561514430344891,-0.06749395515220807,-0.04217855056994979,1.3067989922159295,-0.8291984518570353,0.5945425610861,0.842651274830664,0.7807005674659313,0.20517468981702924,1.8748431713906917,-2.094415874172559,2.1152541834421204,0.11134153574086403,1.4768763372213065,-2.3258939318580474,-0.681776084571525,-0.02391832417261547,-1.9957688417187116,-0.44024205473103384,1.1480895446953834,0.7724847362638428,-0.4267568055456459,0.4885382996407242,-0.42436331626188717,0.9892190223240934,-0.7327919062516425,0.4949514818972468,-0.365817621888491,-1.1448398967768432,1.2891557438444683,1.240959664696422,-0.030690374892937355,-0.4735327848720772,-1.140280645438514,2.2008766196496636,0.7618378990763365,0.25991636262083784,0.393750653253367,1.0266894872504007,0.386944375544071,-1.7573070437631415,-0.49947443046116746,-0.9925477202003397,0.5974744530284297,-0.3035841734218393,-2.929428270239497,-0.0026426390590573723,-1.4129752409544138,-0.561666932285144,-2.3164254858345825,-2.4822376482315853,-1.3406547357028513,0.981164643420434,0.5374974330969378,1.395187136452023,-0.6877630115493059,1.932050492313391,1.4144059305054522,-0.2083180165801315,1.193341019985606,-1.368546376980819,1.5076563463202937,-0.7828364962029323,-0.7552198313413633,-0.5130561935980525,-0.19030112342933775,-1.6232203054361787,1.602379680066642,0.6794490383925076,1.9427249296975746,0.6760524473926285,-1.2133248962054135,-0.7034765490077131,1.0951635522757575,-1.3186452071467358,0.06440396722550669,-0.14570897164993007,0.3294992978661266,-2.6345601847486453,-0.557728145300163,0.3572470485644214,1.2251257774568953,0.7186494158436935,0.12284488922823666,-0.5446857349850026,0.12316798190490855,-1.832193707128875,1.7271072163689394,-2.11969411388641,-1.4984224200744312,-0.633636021105286,0.29405070926471066,-0.6410266020195685,0.9375455396103529,0.5975559973847551,-0.21148858094640552,0.42249689375832605,1.3309813709916978,0.3333854426067281,0.31115926185524756,0.1847766600506833,0.7688874778110147,0.6248586403139748,-1.115173685305252,-0.597342746600392,1.9073578354780363,1.3912622921316666,0.7599489983871115,0.6133766938682089,-0.017103287973727066,0.9753133143747408,-0.8911259181763742,1.4857139440476275,-1.9091974021333087,0.7850891999166494,2.1495851854918433,0.9076090754892714,1.3398637754820744,-0.9661683422139278,0.3815258356841179,0.1844138945208731,0.3478044542147061,0.2244941882179564,0.39107576572891467,1.0708745324191695,0.05822833615033757,0.49403036407853057,-0.43528709525001996,-1.8602776085744637,-1.2347024838520622,-0.9647967083615165,0.6038922454074589,-0.010365293992710023,0.16998663377907697,0.5279648229899143;1.6129200755454733,1.5674311779466024,0.948221167868835,0.5094352505218451,0.3536034562136767,-0.22040874322680698,1.6622741227625366,-1.010559915915565,1.228395484519289,0.8176145142553797,-0.04777226905962112,-0.5863396007861534,-0.7256686418469303,-0.47903029485418247,-1.214985806950809,-0.7625340095445953,-1.7152568232462928,1.1126759667359827,2.27891237234259,0.49723158832273545,-0.9571008690893378,0.554270623583486,0.08406982316076862,-1.151731601633847,-0.5497198599669926,-1.4162323824401815,-0.7281350594014292,0.1372014872954804,-0.7051929602770346,-2.911502519039403,0.12522087195686293,0.7461321322619489,0.39521511796956044,-0.3729516330010463,-1.2371178919547623,0.7350255513174138,-1.4433201067776036,0.5629758407326482,-1.5954156656934182,-0.14027053015679486,0.5461440254052581,0.9765430232358449,0.2044156887013677,-0.6039130299401125,-0.503251765131796,0.18389343624239451,0.3754319824521989,2.155820121441151,-1.3693820804132704,-1.4364479228094256,-0.4936183557781647,0.14092100649578393,0.2722607401303635,-0.8641471700497183,-1.1939203598020356,-2.1000505628679393,2.220928359447662,1.1756994462290231,0.24078348196303273,0.642019974657997,0.9549746591982748,-0.899436550106452,-0.4051571844132069,0.48882859341795704,2.216355200392451,0.9992901741555736,0.9872272209598478,-0.33837770643869114,-0.4060916098800185,-0.37353427137839706,0.41789432278503846,1.5099108877363394,0.2535011025634512,-0.29632505944008036,-1.4068317087231905,-0.5221457363525871,-1.0938943492761837,0.44694052510067345,0.6380298326976793,0.9582558814939317,1.0706780755732412,1.2294774722343094,-1.998728335653956,-0.18371083484871165,-1.9571409672452493,0.22891114633389142,1.0408032429698753,1.1403495505737957,0.4421025057347121,0.718192671254211,-2.419764266509521,-0.9347711423787942,-0.7509568250719526,-0.725333874967602,-1.2269860621078643,0.462357025372487,-0.2378365103968981,-0.7063402122242796,-1.7029918180252124,-0.3652150551856287,-0.4154025538667492,-0.26342744380815014,-0.46808460803390106,0.6680789740606324,-1.7884433474749197,0.5266134345479598,0.3848420256809296,-0.5386122381958538,0.6282769498368024,-1.5036243138409597,-3.096945811775848,-0.1694806367572902,-2.4926461654690613,-0.8499729882562459,0.09297391721560133,-0.29918590487914665,-0.4806920789559077,2.1399002412259085,1.4449870749291878,-0.4054082063168377,-0.15008749933475957,0.85929028285007,0.8800992406195405,0.861956252246838,0.9053520747795788,-1.0014292747184195,0.17472319624395266,-0.08603344177617478,0.6448170624165986,-1.2015361213542133,0.42858946127459446,1.0755439839724947,-0.24882569439475988,0.06047868566281961,0.6488833305606119,0.6911596845216773,0.08966531974217112,0.6060117596145538,0.07179162414675844,-0.8221892642867094,-0.35896737749788904,-1.4438511647039147,0.4856465720995238,-1.6099496392244366,-0.5126150376088392,0.404485455470603,1.1106049555272048,0.01212106924620221,0.5664986650696668,-2.5572818103210135,0.7895422508694574,-0.1821252901743785,-0.41270196184256425,-0.4294107943249559,-0.969084335007399,-0.43679605329005455,-0.9039676486793023,-0.07602277987289023
3;56;29685.29777431488;2151;1484;0.048803;0.0;0.153663/0.057297/0.103034/0.089172/0.069323/0.087413/0.102511/0.053549/0.109971/0.153389/0.099516/0.101513/0.071908/0.094804/0.081194/0.101599/0.105307/0.06951/0.064294/0.053087/0.084543/0.138285/0.140608/0.063066/0.048803/0.04952/0.102286/0.147375/0.055179/0.162505/0.076359/0.067192/0.102561/0.074563/0.102544/0.068797/0.071663/0.077804/0.078405/0.067019/0.051518/0.07374/0.081894/0.116761/0.088552/0.09852/0.074803/0.102033/0.193707/0.077904/0.136727/0.083971/0.060678/0.07522/0.09831/0.060543/0.049126/0.084428/0.070321/0.088353/0.079897/0.052452/0.05182/0.086652/0.084523/0.083671/0.067684/0.07563/0.103038/0.081229/0.089083/0.080291/0.079528/0.080328/0.053686/0.073662/0.077734/0.089012/0.1495/0.088393/0.05834/0.104902/0.104357/0.085687/0.073729/0.052008/0.068975/0.049769/0.055292/0.060794/0.059828/0.105342/0.06729/0.080378/0.058825/0.080787/0.06107/0.073913/0.06245/0.104;0.364523/0.001673/0.332785/0.252011/0.136027/0.290509/0.224404/0.0/0.327545/0.322467/0.343476/0.27059/0.002276/0.290987/0.043854/0.347052/0.297251/0.008731/0.210653/0.165537/0.223715/0.329486/0.340655/0.240717/0.0/0.0/0.357103/0.367583/0.036223/0.361262/0.003299/0.089476/0.312226/0.279245/0.338838/0.036835/0.072493/0.388812/0.119321/0.383887/0.144088/0.086914/0.248903/0.367076/0.415109/0.248262/0.325298/0.279398/0.32263/0.203433/0.580559/0.376113/0.004609/0.000392/0.652556/0.023409/0.0/0.244284/0.000306/0.146966/0.248195/0.0/0.0/0.363863/0.178437/0.118843/0.124102/0.041607/0.281329/0.079512/0.22143/0.203012/0.341793/0.133301/0.023476/0.347731/0.18666/0.22667/0.355219/0.194702/0.004705/0.352426/0.431652/0.385188/0.021946/0.0/0.000153/0.0/0.294564/0.044198/0.227244/0.396213/0.00066/0.390189/0.312924/0.219335/0.118613/0.053483/0.328826/0.295759;0.09831/0.088552/0.080378/0.077804/0.067019/0.06245/0.058825/0.055292/0.053087/0.051518/0.048803;0.652556/0.415109/0.390189/0.388812/0.383887/0.328826/0.312924/0.294564/0.165537/0.144088/0.0;-0.6474822743298478,0.0069879715232879225,0.23068830775153382,1.431663971846271,0.1342516092129053,-0.5279417075935483,-3.310843200518917,0.42789424851544916,-0.03532079585596887,1.9480404485474998,-2.4069464557555653,-2.614775740197765,-2.2131879454886816,-0.5772320038569592,1.4031773810963288,0.48586299557426466,-0.7284343117489969,0.6948953941715839,2.9200953515757275,-0.15761281949601347,0.900056942900339,-1.4615038361594623,-5.503993871197599e-05,0.7561514430344891,-0.06749395515220807,-0.04217855056994979,1.3067989922159295,-0.8291984518570353,0.5945425610861,0.842651274830664,0.7807005674659313,0.20517468981702924,1.8748431713906917,-2.094415874172559,2.1152541834421204,0.11134153574086403,1.4768763372213065,-2.3258939318580474,-0.681776084571525,-0.02391832417261547,-1.9957688417187116,-0.44024205473103384,1.1480895446953834,0.7724847362638428,-0.4267568055456459,0.4885382996407242,-0.42436331626188717,0.9892190223240934,-0.7327919062516425,0.4949514818972468,-0.365817621888491,-1.1448398967768432,1.2891557438444683,1.240959664696422,-0.030690374892937355,-0.4735327848720772,-1.140280645438514,2.2008766196496636,0.7618378990763365,0.25991636262083784,0.393750653253367,1.0266894872504007,0.386944375544071,-1.7573070437631415,-0.49947443046116746,-0.9925477202003397,0.5974744530284297,-0.3035841734218393,-2.929428270239497,-0.0026426390590573723,-1.4129752409544138,-0.561666932285144,-2.3164254858345825,-2.4822376482315853,-1.3406547357028513,0.981164643420434,0.5374974330969378,1.395187136452023,-0.6877630115493059,1.932050492313391,1.4144059305054522,-0.2083180165801315,1.193341019985606,-1.368546376980819,1.5076563463202937,-0.7828364962029323,-0.7552198313413633,-0.5130561935980525,-0.19030112342933775,-1.6232203054361787,1.602379680066642,0.6794490383925076,1.9427249296975746,0.6760524473926285,-1.2133248962054135,-0.7034765490077131,1.0951635522757575,-1.3186452071467358,0.06440396722550669,-0.14570897164993007,0.3294992978661266,-2.6345601847486453,-0.557728145300163,0.3572470485644214,1.2251257774568953,0.7186494158436935,0.12284488922823666,-0.5446857349850026,0.12316798190490855,-1.832193707128875,1.7271072163689394,-2.11969411388641,-1.4984224200744312,-0.633636021105286,0.29405070926471066,-0.6410266020195685,0.9375455396103529,0.5975559973847551,-0.21148858094640552,0.42249689375832605,1.3309813709916978,0.3333854426067281,0.31115926185524756,0.1847766600506833,0.7688874778110147,0.6248586403139748,-1.115173685305252,-0.597342746600392,1.9073578354780363,1.3912622921316666,0.7599489983871115,0.6133766938682089,-0.017103287973727066,0.9753133143747408,-0.8911259181763742,1.4857139440476275,-1.9091974021333087,0.7850891999166494,2.1495851854918433,0.9076090754892714,1.3398637754820744,-0.9661683422139278,0.3815258356841179,0.1844138945208731,0.3478044542147061,0.2244941882179564,0.39107576572891467,1.0708745324191695,0.05822833615033757,0.49403036407853057,-0.43528709525001996,-1.8602776085744637,-1.2347024838520622,-0.9647967083615165,0.6038922454074589,-0.010365293992710023,0.16998663377907697,0.5279648229899143;1.6129200755454733,1.5674311779466024,0.948221167868835,0.5094352505218451,0.3536034562136767,-0.22040874322680698,1.6622741227625366,-1.010559915915565,1.228395484519289,0.8176145142553797,-0.04777226905962112,-0.5863396007861534,-0.7256686418469303,-0.47903029485418247,-1.214985806950809,-0.7625340095445953,-1.7152568232462928,1.1126759667359827,2.27891237234259,0.49723158832273545,-0.9571008690893378,0.554270623583486,0.08406982316076862,-1.151731601633847,-0.5497198599669926,-1.4162323824401815,-0.7281350594014292,0.1372014872954804,-0.7051929602770346,-2.911502519039403,0.12522087195686293,0.7461321322619489,0.39521511796956044,-0.3729516330010463,-1.2371178919547623,0.7350255513174138,-1.4433201067776036,0.5629758407326482,-1.5954156656934182,-0.14027053015679486,0.5461440254052581,0.9765430232358449,0.2044156887013677,-0.6039130299401125,-0.503251765131796,0.18389343624239451,0.3754319824521989,2.155820121441151,-1.3693820804132704,-1.4364479228094256,-0.4936183557781647,0.14092100649578393,0.2722607401303635,-0.8641471700497183,-1.1939203598020356,-2.1000505628679393,2.220928359447662,1.1756994462290231,0.24078348196303273,0.642019974657997,0.9549746591982748,-0.899436550106452,-0.4051571844132069,0.48882859341795704,2.216355200392451,0.9992901741555736,0.9872272209598478,-0.33837770643869114,-0.4060916098800185,-0.37353427137839706,0.41789432278503846,1.5099108877363394,0.2535011025634512,-0.29632505944008036,-1.4068317087231905,-0.5221457363525871,-1.0938943492761837,0.44694052510067345,0.6380298326976793,0.9582558814939317,1.0706780755732412,1.2294774722343094,-1.998728335653956,-0.18371083484871165,-1.9571409672452493,0.22891114633389142,1.0408032429698753,1.1403495505737957,0.4421025057347121,0.718192671254211,-2.419764266509521,-0.9347711423787942,-0.7509568250719526,-0.725333874967602,-1.2269860621078643,0.462357025372487,-0.2378365103968981,-0.7063402122242796,-1.7029918180252124,-0.3652150551856287,-0.4154025538667492,-0.26342744380815014,-0.46808460803390106,0.6680789740606324,-1.7884433474749197,0.5266134345479598,0.3848420256809296,-0.5386122381958538,0.6282769498368024,-1.5036243138409597,-3.096945811775848,-0.1694806367572902,-2.4926461654690613,-0.8499729882562459,0.09297391721560133,-0.29918590487914665,-0.4806920789559077,2.1399002412259085,1.4449870749291878,-0.4054082063168377,-0.15008749933475957,0.85929028285007,0.8800992406195405,0.861956252246838,0.9053520747795788,-1.0014292747184195,0.17472319624395266,-0.08603344177617478,0.6448170624165986,-1.2015361213542133,0.42858946127459446,1.0755439839724947,-0.24882569439475988,0.06047868566281961,0.6488833305606119,0.6911596845216773,0.08966531974217112,0.6060117596145538,0.07179162414675844,-0.8221892642867094,-0.35896737749788904,-1.4438511647039147,0.4856465720995238,-1.6099496392244366,-0.5126150376088392,0.404485455470603,1.1106049555272048,0.01212106924620221,0.5664986650696668,-2.5572818103210135,0.7895422508694574,-0.1821252901743785,-0.41270196184256425,-0.4294107943249559,-0.969084335007399,-0.43679605329005455,-0.9039676486793023,-0.07602277987289023
3;57;30225.874623537064;2151;1484;0.048803;0.0;0.153663/0.057297/0.103034/0.089172/0.069323/0.087413/0.102511/0.053549/0.109971/0.153389/0.099516/0.101513/0.071908/0.094804/0.081194/0.101599/0.105307/0.06951/0.064294/0.053087/0.084543/0.138285/0.140608/0.063066/0.048803/0.04952/0.102286/0.147375/0.055179/0.162505/0.067192/0.102561/0.074563/0.102544/0.068797/0.071663/0.077804/0.078405/0.067019/0.051518/0.07374/0.081894/0.116761/0.088552/0.09852/0.074803/0.102033/0.193707/0.077904/0.136727/0.083971/0.060678/0.09831/0.060543/0.049126/0.084428/0.070321/0.088353/0.079897/0.052452/0.05182/0.086652/0.084523/0.083671/0.067684/0.07563/0.103038/0.089083/0.080291/0.079528/0.080328/0.053686/0.073662/0.077734/0.089012/0.1495/0.088393/0.05834/0.104902/0.104357/0.085687/0.073729/0.052008/0.068975/0.049769/0.055292/0.060794/0.059828/0.105342/0.06729/0.080378/0.058825/0.080787/0.06107/0.073913/0.06245/0.104/0.06275/0.060489/0.07259;0.364523/0.001673/0.332785/0.252011/0.136027/0.290509/0.224404/0.0/0.327545/0.322467/0.343476/0.27059/0.002276/0.290987/0.043854/0.347052/0.297251/0.008731/0.210653/0.165537/0.223715/0.329486/0.340655/0.240717/0.0/0.0/0.357103/0.367583/0.036223/0.361262/0.089476/0.312226/0.279245/0.338838/0.036835/0.072493/0.388812/0.119321/0.383887/0.144088/0.086914/0.248903/0.367076/0.415109/0.248262/0.325298/0.279398/0.32263/0.203433/0.580559/0.376113/0.004609/0.652556/0.023409/0.0/0.244284/0.000306/0.146966/0.248195/0.0/0.0/0.363863/0.178437/0.118843/0.124102/0.041607/0.281329/0.22143/0.203012/0.341793/0.133301/0.023476/0.347731/0.18666/0.22667/0.355219/0.194702/0.004705/0.352426/0.431652/0.385188/0.021946/0.0/0.000153/0.0/0.294564/0.044198/0.227244/0.396213/0.00066/0.390189/0.312924/0.219335/0.118613/0.053483/0.328826/0.295759/0.247851/0.016361/0.014506;0.09831/0.088552/0.080378/0.077804/0.067019/0.06245/0.058825/0.055292/0.053087/0.051518/0.048803;0.652556/0.415109/0.390189/0.388812/0.383887/0.328826/0.312924/0.294564/0.165537/0.144088/0.0;-0.6474822743298478,0.0069879715232879225,0.23068830775153382,1.431663971846271,0.1342516092129053,-0.5279417075935483,-3.310843200518917,0.42789424851544916,-0.03532079585596887,1.9480404485474998,-2.4069464557555653,-2.614775740197765,-2.2131879454886816,-0.5772320038569592,1.4031773810963288,0.48586299557426466,-0.7284343117489969,0.6948953941715839,2.9200953515757275,-0.15761281949601347,0.900056942900339,-1.4615038361594623,-5.503993871197599e-05,0.7561514430344891,-0.06749395515220807,-0.04217855056994979,1.3067989922159295,-0.8291984518570353,0.5945425610861,0.842651274830664,0.7807005674659313,0.20517468981702924,1.8748431713906917,-2.094415874172559,2.1152541834421204,0.11134153574086403,1.4768763372213065,-2.3258939318580474,-0.681776084571525,-0.02391832417261547,-1.9957688417187116,-0.44024205473103384,1.1480895446953834,0.7724847362638428,-0.4267568055456459,0.4885382996407242,-0.42436331626188717,0.9892190223240934,-0.7327919062516425,0.4949514818972468,-0.365817621888491,-1.1448398967768432,1.2891557438444683,1.240959664696422,-0.030690374892937355,-0.4735327848720772,-1.140280645438514,2.2008766196496636,0.7618378990763365,0.25991636262083784,0.393750653253367,1.0266894872504007,0.386944375544071,-1.7573070437631415,-0.49947443046116746,-0.9925477202003397,0.5974744530284297,-0.3035841734218393,-2.929428270239497,-0.0026426390590573723,-1.4129752409544138,-0.561666932285144,-2.3164254858345825,-2.4822376482315853,-1.3406547357028513,0.981164643420434,0.5374974330969378,1.395187136452023,-0.6877630115493059,1.932050492313391,1.4144059305054522,-0.2083180165801315,1.193341019985606,-1.368546376980819,1.5076563463202937,-0.7828364962029323,-0.7552198313413633,-0.5130561935980525,-0.19030112342933775,-1.6232203054361787,1.602379680066642,0.6794490383925076,1.9427249296975746,0.6760524473926285,-1.2133248962054135,-0.7034765490077131,1.0951635522757575,-1.3186452071467358,0.06440396722550669,-0.14570897164993007,0.3294992978661266,-2.6345601847486453,-0.557728145300163,0.3572470485644214,1.2251257774568953,0.7186494158436935,0.12284488922823666,-0.5446857349850026,0.12316798190490855,-1.832193707128875,1.7271072163689394,-2.11969411388641,-1.4984224200744312,-0.633636021105286,0.29405070926471066,-0.6410266020195685,0.9375455396103529,0.5975559973847551,-0.21148858094640552,0.42249689375832605,1.3309813709916978,0.3333854426067281,0.31115926185524756,0.1847766600506833,0.7688874778110147,0.6248586403139748,-1.115173685305252,-0.597342746600392,1.9073578354780363,1.3912622921316666,0.7599489983871115,0.6133766938682089,-0.017103287973727066,0.9753133143747408,-0.8911259181763742,1.4857139440476275,-1.9091974021333087,0.7850891999166494,2.1495851854918433,0.9076090754892714,1.3398637754820744,-0.9661683422139278,0.3815258356841179,0.1844138945208731,0.3478044542147061,0.2244941882179564,0.39107576572891467,1.0708745324191695,0.05822833615033757,0.49403036407853057,-0.43528709525001996,-1.8602776085744637,-1.2347024838520622,-0.9647967083615165,0.6038922454074589,-0.010365293992710023,0.16998663377907697,0.5279648229899143;1.6129200755454733,1.5674311779466024,0.948221167868835,0.5094352505218451,0.3536034562136767,-0.22040874322680698,1.6622741227625366,-1.010559915915565,1.228395484519289,0.8176145142553797,-0.04777226905962112,-0.5863396007861534,-0.7256686418469303,-0.47903029485418247,-1.214985806950809,-0.7625340095445953,-1.7152568232462928,1.1126759667359827,2.27891237234259,0.49723158832273545,-0.9571008690893378,0.554270623583486,0.08406982316076862,-1.151731601633847,-0.5497198599669926,-1.4162323824401815,-0.7281350594014292,0.1372014872954804,-0.7051929602770346,-2.911502519039403,0.12522087195686293,0.7461321322619489,0.39521511796956044,-0.3729516330010463,-1.2371178919547623,0.7350255513174138,-1.4433201067776036,0.5629758407326482,-1.5954156656934182,-0.14027053015679486,0.5461440254052581,0.9765430232358449,0.2044156887013677,-0.6039130299401125,-0.503251765131796,0.18389343624239451,0.3754319824521989,2.155820121441151,-1.3693820804132704,-1.4364479228094256,-0.4936183557781647,0.14092100649578393,0.2722607401303635,-0.8641471700497183,-1.1939203598020356,-2.1000505628679393,2.220928359447662,1.1756994462290231,0.24078348196303273,0.642019974657997,0.9549746591982748,-0.899436550106452,-0.4051571844132069,0.48882859341795704,2.216355200392451,0.9992901741555736,0.9872272209598478,-0.33837770643869114,-0.4060916098800185,-0.37353427137839706,0.41789432278503846,1.5099108877363394,0.2535011025634512,-0.29632505944008036,-1.4068317087231905,-0.5221457363525871,-1.0938943492761837,0.44694052510067345,0.6380298326976793,0.9582558814939317,1.0706780755732412,1.2294774722343094,-1.998728335653956,-0.18371083484871165,-1.9571409672452493,0.22891114633389142,1.0408032429698753,1.1403495505737957,0.4421025057347121,0.718192671254211,-2.419764266509521,-0.9347711423787942,-0.7509568250719526,-0.725333874967602,-1.2269860621078643,0.462357025372487,-0.2378365103968981,-0.7063402122242796,-1.7029918180252124,-0.3652150551856287,-0.4154025538667492,-0.26342744380815014,-0.46808460803390106,0.6680789740606324,-1.7884433474749197,0.5266134345479598,0.3848420256809296,-0.5386122381958538,0.6282769498368024,-1.5036243138409597,-3.096945811775848,-0.1694806367572902,-2.4926461654690613,-0.8499729882562459,0.09297391721560133,-0.29918590487914665,-0.4806920789559077,2.1399002412259085,1.4449870749291878,-0.4054082063168377,-0.15008749933475957,0.85929028285007,0.8800992406195405,0.861956252246838,0.9053520747795788,-1.0014292747184195,0.17472319624395266,-0.08603344177617478,0.6448170624165986,-1.2015361213542133,0.42858946127459446,1.0755439839724947,-0.24882569439475988,0.06047868566281961,0.6488833305606119,0.6911596845216773,0.08966531974217112,0.6060117596145538,0.07179162414675844,-0.8221892642867094,-0.35896737749788904,-1.4438511647039147,0.4856465720995238,-1.6099496392244366,-0.5126150376088392,0.404485455470603,1.1106049555272048,0.01212106924620221,0.5664986650696668,-2.5572818103210135,0.7895422508694574,-0.1821252901743785,-0.41270196184256425,-0.4294107943249559,-0.969084335007399,-0.43679605329005455,-0.9039676486793023,-0.07602277987289023
3;58;30765.295657873154;2151;1484;0.049707;0.006445;0.153663/0.057297/0.103034/0.089172/0.069323/0.087413/0.053549/0.109971/0.099516/0.101513/0.094804/0.101599/0.105307/0.06951/0.064294/0.053087/0.084543/0.138285/0.140608/0.063066/0.048803/0.04952/0.102286/0.147375/0.055179/0.162505/0.067192/0.102561/0.074563/0.102544/0.068797/0.071663/0.077804/0.078405/0.067019/0.051518/0.07374/0.081894/0.116761/0.088552/0.09852/0.074803/0.102033/0.193707/0.077904/0.136727/0.083971/0.060678/0.09831/0.060543/0.049126/0.084428/0.070321/0.079897/0.052452/0.05182/0.086652/0.084523/0.067684/0.07563/0.103038/0.089083/0.080291/0.079528/0.080328/0.053686/0.073662/0.077734/0.089012/0.1495/0.05834/0.104902/0.104357/0.085687/0.073729/0.052008/0.068975/0.049769/0.055292/0.060794/0.059828/0.105342/0.06729/0.080378/0.058825/0.080787/0.06107/0.073913/0.06245/0.104/0.06275/0.060489/0.07259/0.049707/0.057916/0.089868/0.081538/0.103018/0.14656/0.069542;0.364523/0.001673/0.332785/0.252011/0.136027/0.290509/0.0/0.327545/0.343476/0.27059/0.290987/0.347052/0.297251/0.008731/0.210653/0.165537/0.223715/0.329486/0.340655/0.240717/0.0/0.0/0.357103/0.367583/0.036223/0.361262/0.089476/0.312226/0.279245/0.338838/0.036835/0.072493/0.388812/0.119321/0.383887/0.144088/0.086914/0.248903/0.367076/0.415109/0.248262/0.325298/0.279398/0.32263/0.203433/0.580559/0.376113/0.004609/0.652556/0.023409/0.0/0.244284/0.000306/0.248195/0.0/0.0/0.363863/0.178437/0.124102/0.041607/0.281329/0.22143/0.203012/0.341793/0.133301/0.023476/0.347731/0.18666/0.22667/0.355219/0.004705/0.352426/0.431652/0.385188/0.021946/0.0/0.000153/0.0/0.294564/0.044198/0.227244/0.396213/0.00066/0.390189/0.312924/0.219335/0.118613/0.053483/0.328826/0.295759/0.247851/0.016361/0.014506/0.006445/2.9e-05/0.258637/0.2846/0.240765/0.375176/0.009276;0.09831/0.088552/0.080378/0.077804/0.067019/0.06245/0.058825/0.055292/0.053087/0.051518/0.049707/0.048803;0.652556/0.415109/0.390189/0.388812/0.383887/0.328826/0.312924/0.294564/0.165537/0.144088/0.006445/0.0;-0.6474822743298478,0.0069879715232879225,0.23068830775153382,1.431663971846271,0.1342516092129053,-0.5279417075935483,-3.310843200518917,0.42789424851544916,-0.03532079585596887,1.9480404485474998,-2.4069464557555653,-2.614775740197765,-2.2131879454886816,-0.5772320038569592,1.4031773810963288,0.48586299557426466,-0.7284343117489969,0.6948953941715839,2.9200953515757275,-0.15761281949601347,0.900056942900339,-1.4615038361594623,-5.503993871197599e-05,0.7561514430344891,-0.06749395515220807,-0.04217855056994979,1.3067989922159295,-0.8291984518570353,0.5945425610861,0.842651274830664,0.7807005674659313,0.20517468981702924,1.8748431713906917,-2.094415874172559,2.1152541834421204,0.11134153574086403,1.4768763372213065,-2.3258939318580474,-0.681776084571525,-0.02391832417261547,-1.9957688417187116,-0.44024205473103384,1.1480895446953834,0.7724847362638428,-0.4267568055456459,0.4885382996407242,-0.42436331626188717,0.9892190223240934,-0.7327919062516425,0.4949514818972468,-0.365817621888491,-1.1448398967768432,1.2891557438444683,1.240959664696422,-0.030690374892937355,-0.4735327848720772,-1.140280645438514,2.2008766196496636,0.7618378990763365,0.25991636262083784,0.393750653253367,1.0266894872504007,0.386944375544071,-1.7573070437631415,-0.49947443046116746,-0.9925477202003397,0.5974744530284297,-0.3035841734218393,-2.929428270239497,-0.0026426390590573723,-1.4129752409544138,-0.561666932285144,-2.3164254858345825,-2.4822376482315853,-1.3406547357028513,0.981164643420434,0.5374974330969378,1.395187136452023,-0.6877630115493059,1.932050492313391,1.4144059305054522,-0.2083180165801315,1.193341019985606,-1.368546376980819,1.5076563463202937,-0.7828364962029323,-0.7552198313413633,-0.5130561935980525,-0.19030112342933775,-1.6232203054361787,1.602379680066642,0.6794490383925076,1.9427249296975746,0.6760524473926285,-1.2133248962054135,-0.7034765490077131,1.0951635522757575,-1.3186452071467358,0.06440396722550669,-0.14570897164993007,0.3294992978661266,-2.6345601847486453,-0.557728145300163,0.3572470485644214,1.2251257774568953,0.7186494158436935,0.12284488922823666,-0.5446857349850026,0.12316798190490855,-1.832193707128875,1.7271072163689394,-2.11969411388641,-1.4984224200744312,-0.633636021105286,0.29405070926471066,-0.6410266020195685,0.9375455396103529,0.5975559973847551,-0.21148858094640552,0.42249689375832605,1.3309813709916978,0.3333854426067281,0.31115926185524756,0.1847766600506833,0.7688874778110147,0.6248586403139748,-1.115173685305252,-0.597342746600392,1.9073578354780363,1.3912622921316666,0.7599489983871115,0.6133766938682089,-0.017103287973727066,0.9753133143747408,-0.8911259181763742,1.4857139440476275,-1.9091974021333087,0.7850891999166494,2.1495851854918433,0.9076090754892714,1.3398637754820744,-0.9661683422139278,0.3815258356841179,0.1844138945208731,0.3478044542147061,0.2244941882179564,0.39107576572891467,1.0708745324191695,0.05822833615033757,0.49403036407853057,-0.43528709525001996,-1.8602776085744637,-1.2347024838520622,-0.9647967083615165,0.6038922454074589,-0.010365293992710023,0.16998663377907697,0.5279648229899143;1.6129200755454733,1.5674311779466024,0.948221167868835,0.5094352505218451,0.3536034562136767,-0.22040874322680698,1.6622741227625366,-1.010559915915565,1.228395484519289,0.8176145142553797,-0.04777226905962112,-0.5863396007861534,-0.7256686418469303,-0.47903029485418247,-1.214985806950809,-0.7625340095445953,-1.7152568232462928,1.1126759667359827,2.27891237234259,0.49723158832273545,-0.9571008690893378,0.554270623583486,0.08406982316076862,-1.151731601633847,-0.5497198599669926,-1.4162323824401815,-0.7281350594014292,0.1372014872954804,-0.7051929602770346,-2.911502519039403,0.12522087195686293,0.7461321322619489,0.39521511796956044,-0.3729516330010463,-1.2371178919547623,0.7350255513174138,-1.4433201067776036,0.5629758407326482,-1.5954156656934182,-0.14027053015679486,0.5461440254052581,0.9765430232358449,0.2044156887013677,-0.6039130299401125,-0.503251765131796,0.18389343624239451,0.3754319824521989,2.155820121441151,-1.3693820804132704,-1.4364479228094256,-0.4936183557781647,0.14092100649578393,0.2722607401303635,-0.8641471700497183,-1.1939203598020356,-2.1000505628679393,2.220928359447662,1.1756994462290231,0.24078348196303273,0.642019974657997,0.9549746591982748,-0.899436550106452,-0.4051571844132069,0.48882859341795704,2.216355200392451,0.9992901741555736,0.9872272209598478,-0.33837770643869114,-0.4060916098800185,-0.37353427137839706,0.41789432278503846,1.5099108877363394,0.2535011025634512,-0.29632505944008036,-1.4068317087231905,-0.5221457363525871,-1.0938943492761837,0.44694052510067345,0.6380298326976793,0.9582558814939317,1.0706780755732412,1.2294774722343094,-1.998728335653956,-0.18371083484871165,-1.9571409672452493,0.22891114633389142,1.0408032429698753,1.1403495505737957,0.4421025057347121,0.718192671254211,-2.419764266509521,-0.9347711423787942,-0.7509568250719526,-0.725333874967602,-1.2269860621078643,0.462357025372487,-0.2378365103968981,-0.7063402122242796,-1.7029918180252124,-0.3652150551856287,-0.4154025538667492,-0.26342744380815014,-0.46808460803390106,0.6680789740606324,-1.7884433474749197,0.5266134345479598,0.3848420256809296,-0.5386122381958538,0.6282769498368024,-1.5036243138409597,-3.096945811775848,-0.1694806367572902,-2.4926461654690613,-0.8499729882562459,0.09297391721560133,-0.29918590487914665,-0.4806920789559077,2.1399002412259085,1.4449870749291878,-0.4054082063168377,-0.15008749933475957,0.85929028285007,0.8800992406195405,0.861956252246838,0.9053520747795788,-1.0014292747184195,0.17472319624395266,-0.08603344177617478,0.6448170624165986,-1.2015361213542133,0.42858946127459446,1.0755439839724947,-0.24882569439475988,0.06047868566281961,0.6488833305606119,0.6911596845216773,0.08966531974217112,0.6060117596145538,0.07179162414675844,-0.8221892642867094,-0.35896737749788904,-1.4438511647039147,0.4856465720995238,-1.6099496392244366,-0.5126150376088392,0.404485455470603,1.1106049555272048,0.01212106924620221,0.5664986650696668,-2.5572818103210135,0.7895422508694574,-0.1821252901743785,-0.41270196184256425,-0.4294107943249559,-0.969084335007399,-0.43679605329005455,-0.9039676486793023,-0.07602277987289023
3;59;31302.61268901825;2151;1484;0.049707;0.006445;0.153663/0.057297/0.103034/0.089172/0.069323/0.087413/0.053549/0.109971/0.099516/0.101513/0.094804/0.101599/0.105307/0.06951/0.064294/0.053087/0.084543/0.138285/0.140608/0.063066/0.048803/0.04952/0.102286/0.147375/0.055179/0.162505/0.067192/0.102561/0.074563/0.102544/0.068797/0.071663/0.077804/0.078405/0.067019/0.051518/0.07374/0.081894/0.116761/0.088552/0.09852/0.074803/0.102033/0.193707/0.077904/0.136727/0.083971/0.060678/0.09831/0.060543/0.049126/0.084428/0.070321/0.079897/0.052452/0.05182/0.086652/0.084523/0.067684/0.103038/0.080291/0.079528/0.080328/0.053686/0.073662/0.077734/0.089012/0.1495/0.05834/0.104902/0.104357/0.085687/0.073729/0.052008/0.068975/0.049769/0.055292/0.060794/0.059828/0.105342/0.06729/0.080378/0.058825/0.080787/0.06107/0.073913/0.06245/0.104/0.06275/0.060489/0.07259/0.049707/0.057916/0.089868/0.081538/0.103018/0.14656/0.069542/0.092079/0.133584;0.364523/0.001673/0.332785/0.252011/0.136027/0.290509/0.0/0.327545/0.343476/0.27059/0.290987/0.347052/0.297251/0.008731/0.210653/0.165537/0.223715/0.329486/0.340655/0.240717/0.0/0.0/0.357103/0.367583/0.036223/0.361262/0.089476/0.312226/0.279245/0.338838/0.036835/0.072493/0.388812/0.119321/0.383887/0.144088/0.086914/0.248903/0.367076/0.415109/0.248262/0.325298/0.279398/0.32263/0.203433/0.580559/0.376113/0.004609/0.652556/0.023409/0.0/0.244284/0.000306/0.248195/0.0/0.0/0.363863/0.178437/0.124102/0.281329/0.203012/0.341793/0.133301/0.023476/0.347731/0.18666/0.22667/0.355219/0.004705/0.352426/0.431652/0.385188/0.021946/0.0/0.000153/0.0/0.294564/0.044198/0.227244/0.396213/0.00066/0.390189/0.312924/0.219335/0.118613/0.053483/0.328826/0.295759/0.247851/0.016361/0.014506/0.006445/2.9e-05/0.258637/0.2846/0.240765/0.375176/0.009276/0.240277/0.441052;0.09831/0.088552/0.080378/0.077804/0.067019/0.06245/0.058825/0.055292/0.053087/0.051518/0.049707/0.048803;0.652556/0.415109/0.390189/0.388812/0.383887/0.328826/0.312924/0.294564/0.165537/0.144088/0.006445/0.0;-0.6474822743298478,0.0069879715232879225,0.23068830775153382,1.431663971846271,0.1342516092129053,-0.5279417075935483,-3.310843200518917,0.42789424851544916,-0.03532079585596887,1.9480404485474998,-2.4069464557555653,-2.614775740197765,-2.2131879454886816,-0.5772320038569592,1.4031773810963288,0.48586299557426466,-0.7284343117489969,0.6948953941715839,2.9200953515757275,-0.15761281949601347,0.900056942900339,-1.4615038361594623,-5.503993871197599e-05,0.7561514430344891,-0.06749395515220807,-0.04217855056994979,1.3067989922159295,-0.8291984518570353,0.5945425610861,0.842651274830664,0.7807005674659313,0.20517468981702924,1.8748431713906917,-2.094415874172559,2.1152541834421204,0.11134153574086403,1.4768763372213065,-2.3258939318580474,-0.681776084571525,-0.02391832417261547,-1.9957688417187116,-0.44024205473103384,1.1480895446953834,0.7724847362638428,-0.4267568055456459,0.4885382996407242,-0.42436331626188717,0.9892190223240934,-0.7327919062516425,0.4949514818972468,-0.365817621888491,-1.1448398967768432,1.2891557438444683,1.240959664696422,-0.030690374892937355,-0.4735327848720772,-1.140280645438514,2.2008766196496636,0.7618378990763365,0.25991636262083784,0.393750653253367,1.0266894872504007,0.386944375544071,-1.7573070437631415,-0.49947443046116746,-0.9925477202003397,0.5974744530284297,-0.3035841734218393,-2.929428270239497,-0.0026426390590573723,-1.4129752409544138,-0.561666932285144,-2.3164254858345825,-2.4822376482315853,-1.3406547357028513,0.981164643420434,0.5374974330969378,1.395187136452023,-0.6877630115493059,1.932050492313391,1.4144059305054522,-0.2083180165801315,1.193341019985606,-1.368546376980819,1.5076563463202937,-0.7828364962029323,-0.7552198313413633,-0.5130561935980525,-0.19030112342933775,-1.6232203054361787,1.602379680066642,0.6794490383925076,1.9427249296975746,0.6760524473926285,-1.2133248962054135,-0.7034765490077131,1.0951635522757575,-1.3186452071467358,0.06440396722550669,-0.14570897164993007,0.3294992978661266,-2.6345601847486453,-0.557728145300163,0.3572470485644214,1.2251257774568953,0.7186494158436935,0.12284488922823666,-0.5446857349850026,0.12316798190490855,-1.832193707128875,1.7271072163689394,-2.11969411388641,-1.4984224200744312,-0.633636021105286,0.29405070926471066,-0.6410266020195685,0.9375455396103529,0.5975559973847551,-0.21148858094640552,0.42249689375832605,1.3309813709916978,0.3333854426067281,0.31115926185524756,0.1847766600506833,0.7688874778110147,0.6248586403139748,-1.115173685305252,-0.597342746600392,1.9073578354780363,1.3912622921316666,0.7599489983871115,0.6133766938682089,-0.017103287973727066,0.9753133143747408,-0.8911259181763742,1.4857139440476275,-1.9091974021333087,0.7850891999166494,2.1495851854918433,0.9076090754892714,1.3398637754820744,-0.9661683422139278,0.3815258356841179,0.1844138945208731,0.3478044542147061,0.2244941882179564,0.39107576572891467,1.0708745324191695,0.05822833615033757,0.49403036407853057,-0.43528709525001996,-1.8602776085744637,-1.2347024838520622,-0.9647967083615165,0.6038922454074589,-0.010365293992710023,0.16998663377907697,0.5279648229899143;1.6129200755454733,1.5674311779466024,0.948221167868835,0.5094352505218451,0.3536034562136767,-0.22040874322680698,1.6622741227625366,-1.010559915915565,1.228395484519289,0.8176145142553797,-0.04777226905962112,-0.5863396007861534,-0.7256686418469303,-0.47903029485418247,-1.214985806950809,-0.7625340095445953,-1.7152568232462928,1.1126759667359827,2.27891237234259,0.49723158832273545,-0.9571008690893378,0.554270623583486,0.08406982316076862,-1.151731601633847,-0.5497198599669926,-1.4162323824401815,-0.7281350594014292,0.1372014872954804,-0.7051929602770346,-2.911502519039403,0.12522087195686293,0.7461321322619489,0.39521511796956044,-0.3729516330010463,-1.2371178919547623,0.7350255513174138,-1.4433201067776036,0.5629758407326482,-1.5954156656934182,-0.14027053015679486,0.5461440254052581,0.9765430232358449,0.2044156887013677,-0.6039130299401125,-0.503251765131796,0.18389343624239451,0.3754319824521989,2.155820121441151,-1.3693820804132704,-1.4364479228094256,-0.4936183557781647,0.14092100649578393,0.2722607401303635,-0.8641471700497183,-1.1939203598020356,-2.1000505628679393,2.220928359447662,1.1756994462290231,0.24078348196303273,0.642019974657997,0.9549746591982748,-0.899436550106452,-0.4051571844132069,0.48882859341795704,2.216355200392451,0.9992901741555736,0.9872272209598478,-0.33837770643869114,-0.4060916098800185,-0.37353427137839706,0.41789432278503846,1.5099108877363394,0.2535011025634512,-0.29632505944008036,-1.4068317087231905,-0.5221457363525871,-1.0938943492761837,0.44694052510067345,0.6380298326976793,0.9582558814939317,1.0706780755732412,1.2294774722343094,-1.998728335653956,-0.18371083484871165,-1.9571409672452493,0.22891114633389142,1.0408032429698753,1.1403495505737957,0.4421025057347121,0.718192671254211,-2.419764266509521,-0.9347711423787942,-0.7509568250719526,-0.725333874967602,-1.2269860621078643,0.462357025372487,-0.2378365103968981,-0.7063402122242796,-1.7029918180252124,-0.3652150551856287,-0.4154025538667492,-0.26342744380815014,-0.46808460803390106,0.6680789740606324,-1.7884433474749197,0.5266134345479598,0.3848420256809296,-0.5386122381958538,0.6282769498368024,-1.5036243138409597,-3.096945811775848,-0.1694806367572902,-2.4926461654690613,-0.8499729882562459,0.09297391721560133,-0.29918590487914665,-0.4806920789559077,2.1399002412259085,1.4449870749291878,-0.4054082063168377,-0.15008749933475957,0.85929028285007,0.8800992406195405,0.861956252246838,0.9053520747795788,-1.0014292747184195,0.17472319624395266,-0.08603344177617478,0.6448170624165986,-1.2015361213542133,0.42858946127459446,1.0755439839724947,-0.24882569439475988,0.06047868566281961,0.6488833305606119,0.6911596845216773,0.08966531974217112,0.6060117596145538,0.07179162414675844,-0.8221892642867094,-0.35896737749788904,-1.4438511647039147,0.4856465720995238,-1.6099496392244366,-0.5126150376088392,0.404485455470603,1.1106049555272048,0.01212106924620221,0.5664986650696668,-2.5572818103210135,0.7895422508694574,-0.1821252901743785,-0.41270196184256425,-0.4294107943249559,-0.969084335007399,-0.43679605329005455,-0.9039676486793023,-0.07602277987289023
3;60;31842.485961914062;2151;1484;0.049707;0.006445;0.153663/0.057297/0.103034/0.089172/0.069323/0.087413/0.053549/0.109971/0.099516/0.101513/0.094804/0.101599/0.105307/0.06951/0.064294/0.053087/0.084543/0.138285/0.140608/0.063066/0.048803/0.04952/0.102286/0.147375/0.055179/0.162505/0.067192/0.102561/0.074563/0.102544/0.068797/0.071663/0.077804/0.078405/0.067019/0.051518/0.07374/0.081894/0.116761/0.088552/0.09852/0.074803/0.102033/0.077904/0.136727/0.083971/0.060678/0.09831/0.060543/0.049126/0.084428/0.079897/0.052452/0.05182/0.086652/0.084523/0.067684/0.103038/0.080291/0.079528/0.080328/0.053686/0.073662/0.077734/0.089012/0.1495/0.05834/0.104902/0.104357/0.085687/0.073729/0.052008/0.068975/0.049769/0.055292/0.060794/0.059828/0.105342/0.06729/0.080378/0.058825/0.080787/0.06107/0.073913/0.06245/0.104/0.06275/0.060489/0.07259/0.049707/0.057916/0.089868/0.081538/0.103018/0.14656/0.069542/0.092079/0.133584/0.153175/0.129302;0.364523/0.001673/0.332785/0.252011/0.136027/0.290509/0.0/0.327545/0.343476/0.27059/0.290987/0.347052/0.297251/0.008731/0.210653/0.165537/0.223715/0.329486/0.340655/0.240717/0.0/0.0/0.357103/0.367583/0.036223/0.361262/0.089476/0.312226/0.279245/0.338838/0.036835/0.072493/0.388812/0.119321/0.383887/0.144088/0.086914/0.248903/0.367076/0.415109/0.248262/0.325298/0.279398/0.203433/0.580559/0.376113/0.004609/0.652556/0.023409/0.0/0.244284/0.248195/0.0/0.0/0.363863/0.178437/0.124102/0.281329/0.203012/0.341793/0.133301/0.023476/0.347731/0.18666/0.22667/0.355219/0.004705/0.352426/0.431652/0.385188/0.021946/0.0/0.000153/0.0/0.294564/0.044198/0.227244/0.396213/0.00066/0.390189/0.312924/0.219335/0.118613/0.053483/0.328826/0.295759/0.247851/0.016361/0.014506/0.006445/2.9e-05/0.258637/0.2846/0.240765/0.375176/0.009276/0.240277/0.441052/0.408319/0.328864;0.09831/0.088552/0.080378/0.077804/0.067019/0.06245/0.058825/0.055292/0.053087/0.051518/0.049707/0.048803;0.652556/0.415109/0.390189/0.388812/0.383887/0.328826/0.312924/0.294564/0.165537/0.144088/0.006445/0.0;-0.6474822743298478,0.0069879715232879225,0.23068830775153382,1.431663971846271,0.1342516092129053,-0.5279417075935483,-3.310843200518917,0.42789424851544916,-0.03532079585596887,1.9480404485474998,-2.4069464557555653,-2.614775740197765,-2.2131879454886816,-0.5772320038569592,1.4031773810963288,0.48586299557426466,-0.7284343117489969,0.6948953941715839,2.9200953515757275,-0.15761281949601347,0.900056942900339,-1.4615038361594623,-5.503993871197599e-05,0.7561514430344891,-0.06749395515220807,-0.04217855056994979,1.3067989922159295,-0.8291984518570353,0.5945425610861,0.842651274830664,0.7807005674659313,0.20517468981702924,1.8748431713906917,-2.094415874172559,2.1152541834421204,0.11134153574086403,1.4768763372213065,-2.3258939318580474,-0.681776084571525,-0.02391832417261547,-1.9957688417187116,-0.44024205473103384,1.1480895446953834,0.7724847362638428,-0.4267568055456459,0.4885382996407242,-0.42436331626188717,0.9892190223240934,-0.7327919062516425,0.4949514818972468,-0.365817621888491,-1.1448398967768432,1.2891557438444683,1.240959664696422,-0.030690374892937355,-0.4735327848720772,-1.140280645438514,2.2008766196496636,0.7618378990763365,0.25991636262083784,0.393750653253367,1.0266894872504007,0.386944375544071,-1.7573070437631415,-0.49947443046116746,-0.9925477202003397,0.5974744530284297,-0.3035841734218393,-2.929428270239497,-0.0026426390590573723,-1.4129752409544138,-0.561666932285144,-2.3164254858345825,-2.4822376482315853,-1.3406547357028513,0.981164643420434,0.5374974330969378,1.395187136452023,-0.6877630115493059,1.932050492313391,1.4144059305054522,-0.2083180165801315,1.193341019985606,-1.368546376980819,1.5076563463202937,-0.7828364962029323,-0.7552198313413633,-0.5130561935980525,-0.19030112342933775,-1.6232203054361787,1.602379680066642,0.6794490383925076,1.9427249296975746,0.6760524473926285,-1.2133248962054135,-0.7034765490077131,1.0951635522757575,-1.3186452071467358,0.06440396722550669,-0.14570897164993007,0.3294992978661266,-2.6345601847486453,-0.557728145300163,0.3572470485644214,1.2251257774568953,0.7186494158436935,0.12284488922823666,-0.5446857349850026,0.12316798190490855,-1.832193707128875,1.7271072163689394,-2.11969411388641,-1.4984224200744312,-0.633636021105286,0.29405070926471066,-0.6410266020195685,0.9375455396103529,0.5975559973847551,-0.21148858094640552,0.42249689375832605,1.3309813709916978,0.3333854426067281,0.31115926185524756,0.1847766600506833,0.7688874778110147,0.6248586403139748,-1.115173685305252,-0.597342746600392,1.9073578354780363,1.3912622921316666,0.7599489983871115,0.6133766938682089,-0.017103287973727066,0.9753133143747408,-0.8911259181763742,1.4857139440476275,-1.9091974021333087,0.7850891999166494,2.1495851854918433,0.9076090754892714,1.3398637754820744,-0.9661683422139278,0.3815258356841179,0.1844138945208731,0.3478044542147061,0.2244941882179564,0.39107576572891467,1.0708745324191695,0.05822833615033757,0.49403036407853057,-0.43528709525001996,-1.8602776085744637,-1.2347024838520622,-0.9647967083615165,0.6038922454074589,-0.010365293992710023,0.16998663377907697,0.5279648229899143;1.6129200755454733,1.5674311779466024,0.948221167868835,0.5094352505218451,0.3536034562136767,-0.22040874322680698,1.6622741227625366,-1.010559915915565,1.228395484519289,0.8176145142553797,-0.04777226905962112,-0.5863396007861534,-0.7256686418469303,-0.47903029485418247,-1.214985806950809,-0.7625340095445953,-1.7152568232462928,1.1126759667359827,2.27891237234259,0.49723158832273545,-0.9571008690893378,0.554270623583486,0.08406982316076862,-1.151731601633847,-0.5497198599669926,-1.4162323824401815,-0.7281350594014292,0.1372014872954804,-0.7051929602770346,-2.911502519039403,0.12522087195686293,0.7461321322619489,0.39521511796956044,-0.3729516330010463,-1.2371178919547623,0.7350255513174138,-1.4433201067776036,0.5629758407326482,-1.5954156656934182,-0.14027053015679486,0.5461440254052581,0.9765430232358449,0.2044156887013677,-0.6039130299401125,-0.503251765131796,0.18389343624239451,0.3754319824521989,2.155820121441151,-1.3693820804132704,-1.4364479228094256,-0.4936183557781647,0.14092100649578393,0.2722607401303635,-0.8641471700497183,-1.1939203598020356,-2.1000505628679393,2.220928359447662,1.1756994462290231,0.24078348196303273,0.642019974657997,0.9549746591982748,-0.899436550106452,-0.4051571844132069,0.48882859341795704,2.216355200392451,0.9992901741555736,0.9872272209598478,-0.33837770643869114,-0.4060916098800185,-0.37353427137839706,0.41789432278503846,1.5099108877363394,0.2535011025634512,-0.29632505944008036,-1.4068317087231905,-0.5221457363525871,-1.0938943492761837,0.44694052510067345,0.6380298326976793,0.9582558814939317,1.0706780755732412,1.2294774722343094,-1.998728335653956,-0.18371083484871165,-1.9571409672452493,0.22891114633389142,1.0408032429698753,1.1403495505737957,0.4421025057347121,0.718192671254211,-2.419764266509521,-0.9347711423787942,-0.7509568250719526,-0.725333874967602,-1.2269860621078643,0.462357025372487,-0.2378365103968981,-0.7063402122242796,-1.7029918180252124,-0.3652150551856287,-0.4154025538667492,-0.26342744380815014,-0.46808460803390106,0.6680789740606324,-1.7884433474749197,0.5266134345479598,0.3848420256809296,-0.5386122381958538,0.6282769498368024,-1.5036243138409597,-3.096945811775848,-0.1694806367572902,-2.4926461654690613,-0.8499729882562459,0.09297391721560133,-0.29918590487914665,-0.4806920789559077,2.1399002412259085,1.4449870749291878,-0.4054082063168377,-0.15008749933475957,0.85929028285007,0.8800992406195405,0.861956252246838,0.9053520747795788,-1.0014292747184195,0.17472319624395266,-0.08603344177617478,0.6448170624165986,-1.2015361213542133,0.42858946127459446,1.0755439839724947,-0.24882569439475988,0.06047868566281961,0.6488833305606119,0.6911596845216773,0.08966531974217112,0.6060117596145538,0.07179162414675844,-0.8221892642867094,-0.35896737749788904,-1.4438511647039147,0.4856465720995238,-1.6099496392244366,-0.5126150376088392,0.404485455470603,1.1106049555272048,0.01212106924620221,0.5664986650696668,-2.5572818103210135,0.7895422508694574,-0.1821252901743785,-0.41270196184256425,-0.4294107943249559,-0.969084335007399,-0.43679605329005455,-0.9039676486793023,-0.07602277987289023
3;61;32388.014448165894;2151;1484;0.049707;0.006445;0.153663/0.057297/0.103034/0.089172/0.069323/0.087413/0.053549/0.109971/0.099516/0.101513/0.094804/0.101599/0.105307/0.06951/0.064294/0.053087/0.084543/0.138285/0.140608/0.063066/0.048803/0.04952/0.102286/0.147375/0.055179/0.162505/0.067192/0.102561/0.074563/0.102544/0.068797/0.071663/0.077804/0.078405/0.067019/0.051518/0.07374/0.081894/0.116761/0.088552/0.09852/0.074803/0.102033/0.077904/0.136727/0.083971/0.060678/0.09831/0.060543/0.049126/0.084428/0.079897/0.052452/0.05182/0.086652/0.084523/0.067684/0.103038/0.080291/0.079528/0.053686/0.073662/0.077734/0.089012/0.1495/0.05834/0.104902/0.104357/0.085687/0.052008/0.068975/0.049769/0.055292/0.060794/0.059828/0.105342/0.06729/0.080378/0.058825/0.080787/0.06107/0.06245/0.104/0.06275/0.060489/0.049707/0.057916/0.089868/0.081538/0.103018/0.14656/0.069542/0.092079/0.133584/0.153175/0.129302/0.104232/0.076234/0.057005/0.051755;0.364523/0.001673/0.332785/0.252011/0.136027/0.290509/0.0/0.327545/0.343476/0.27059/0.290987/0.347052/0.297251/0.008731/0.210653/0.165537/0.223715/0.329486/0.340655/0.240717/0.0/0.0/0.357103/0.367583/0.036223/0.361262/0.089476/0.312226/0.279245/0.338838/0.036835/0.072493/0.388812/0.119321/0.383887/0.144088/0.086914/0.248903/0.367076/0.415109/0.248262/0.325298/0.279398/0.203433/0.580559/0.376113/0.004609/0.652556/0.023409/0.0/0.244284/0.248195/0.0/0.0/0.363863/0.178437/0.124102/0.281329/0.203012/0.341793/0.023476/0.347731/0.18666/0.22667/0.355219/0.004705/0.352426/0.431652/0.385188/0.0/0.000153/0.0/0.294564/0.044198/0.227244/0.396213/0.00066/0.390189/0.312924/0.219335/0.118613/0.328826/0.295759/0.247851/0.016361/0.006445/2.9e-05/0.258637/0.2846/0.240765/0.375176/0.009276/0.240277/0.441052/0.408319/0.328864/0.378848/0.107416/0.011322/0.435754;0.09831/0.051755/0.051518/0.049707/0.048803;0.652556/0.435754/0.144088/0.006445/0.0;-0.6474822743298478,0.0069879715232879225,0.23068830775153382,1.431663971846271,0.1342516092129053,-0.5279417075935483,-3.310843200518917,0.42789424851544916,-0.03532079585596887,1.9480404485474998,-2.4069464557555653,-2.614775740197765,-2.2131879454886816,-0.5772320038569592,1.4031773810963288,0.48586299557426466,-0.7284343117489969,0.6948953941715839,2.9200953515757275,-0.15761281949601347,0.900056942900339,-1.4615038361594623,-5.503993871197599e-05,0.7561514430344891,-0.06749395515220807,-0.04217855056994979,1.3067989922159295,-0.8291984518570353,0.5945425610861,0.842651274830664,0.7807005674659313,0.20517468981702924,1.8748431713906917,-2.094415874172559,2.1152541834421204,0.11134153574086403,1.4768763372213065,-2.3258939318580474,-0.681776084571525,-0.02391832417261547,-1.9957688417187116,-0.44024205473103384,1.1480895446953834,0.7724847362638428,-0.4267568055456459,0.4885382996407242,-0.42436331626188717,0.9892190223240934,-0.7327919062516425,0.4949514818972468,-0.365817621888491,-1.1448398967768432,1.2891557438444683,1.240959664696422,-0.030690374892937355,-0.4735327848720772,-1.140280645438514,2.2008766196496636,0.7618378990763365,0.25991636262083784,0.393750653253367,1.0266894872504007,0.386944375544071,-1.7573070437631415,-0.49947443046116746,-0.9925477202003397,0.5974744530284297,-0.3035841734218393,-2.929428270239497,-0.0026426390590573723,-1.4129752409544138,-0.561666932285144,-2.3164254858345825,-2.4822376482315853,-1.3406547357028513,0.981164643420434,0.5374974330969378,1.395187136452023,-0.6877630115493059,1.932050492313391,1.4144059305054522,-0.2083180165801315,1.193341019985606,-1.368546376980819,1.5076563463202937,-0.7828364962029323,-0.7552198313413633,-0.5130561935980525,-0.19030112342933775,-1.6232203054361787,1.602379680066642,0.6794490383925076,1.9427249296975746,0.6760524473926285,-1.2133248962054135,-0.7034765490077131,1.0951635522757575,-1.3186452071467358,0.06440396722550669,-0.14570897164993007,0.3294992978661266,-2.6345601847486453,-0.557728145300163,0.3572470485644214,1.2251257774568953,0.7186494158436935,0.12284488922823666,-0.5446857349850026,0.12316798190490855,-1.832193707128875,1.7271072163689394,-2.11969411388641,-1.4984224200744312,-0.633636021105286,0.29405070926471066,-0.6410266020195685,0.9375455396103529,0.5975559973847551,-0.21148858094640552,0.42249689375832605,1.3309813709916978,0.3333854426067281,0.31115926185524756,0.1847766600506833,0.7688874778110147,0.6248586403139748,-1.115173685305252,-0.597342746600392,1.9073578354780363,1.3912622921316666,0.7599489983871115,0.6133766938682089,-0.017103287973727066,0.9753133143747408,-0.8911259181763742,1.4857139440476275,-1.9091974021333087,0.7850891999166494,2.1495851854918433,0.9076090754892714,1.3398637754820744,-0.9661683422139278,0.3815258356841179,0.1844138945208731,0.3478044542147061,0.2244941882179564,0.39107576572891467,1.0708745324191695,0.05822833615033757,0.49403036407853057,-0.43528709525001996,-1.8602776085744637,-1.2347024838520622,-0.9647967083615165,0.6038922454074589,-0.010365293992710023,0.16998663377907697,0.5279648229899143;1.6129200755454733,1.5674311779466024,0.948221167868835,0.5094352505218451,0.3536034562136767,-0.22040874322680698,1.6622741227625366,-1.010559915915565,1.228395484519289,0.8176145142553797,-0.04777226905962112,-0.5863396007861534,-0.7256686418469303,-0.47903029485418247,-1.214985806950809,-0.7625340095445953,-1.7152568232462928,1.1126759667359827,2.27891237234259,0.49723158832273545,-0.9571008690893378,0.554270623583486,0.08406982316076862,-1.151731601633847,-0.5497198599669926,-1.4162323824401815,-0.7281350594014292,0.1372014872954804,-0.7051929602770346,-2.911502519039403,0.12522087195686293,0.7461321322619489,0.39521511796956044,-0.3729516330010463,-1.2371178919547623,0.7350255513174138,-1.4433201067776036,0.5629758407326482,-1.5954156656934182,-0.14027053015679486,0.5461440254052581,0.9765430232358449,0.2044156887013677,-0.6039130299401125,-0.503251765131796,0.18389343624239451,0.3754319824521989,2.155820121441151,-1.3693820804132704,-1.4364479228094256,-0.4936183557781647,0.14092100649578393,0.2722607401303635,-0.8641471700497183,-1.1939203598020356,-2.1000505628679393,2.220928359447662,1.1756994462290231,0.24078348196303273,0.642019974657997,0.9549746591982748,-0.899436550106452,-0.4051571844132069,0.48882859341795704,2.216355200392451,0.9992901741555736,0.9872272209598478,-0.33837770643869114,-0.4060916098800185,-0.37353427137839706,0.41789432278503846,1.5099108877363394,0.2535011025634512,-0.29632505944008036,-1.4068317087231905,-0.5221457363525871,-1.0938943492761837,0.44694052510067345,0.6380298326976793,0.9582558814939317,1.0706780755732412,1.2294774722343094,-1.998728335653956,-0.18371083484871165,-1.9571409672452493,0.22891114633389142,1.0408032429698753,1.1403495505737957,0.4421025057347121,0.718192671254211,-2.419764266509521,-0.9347711423787942,-0.7509568250719526,-0.725333874967602,-1.2269860621078643,0.462357025372487,-0.2378365103968981,-0.7063402122242796,-1.7029918180252124,-0.3652150551856287,-0.4154025538667492,-0.26342744380815014,-0.46808460803390106,0.6680789740606324,-1.7884433474749197,0.5266134345479598,0.3848420256809296,-0.5386122381958538,0.6282769498368024,-1.5036243138409597,-3.096945811775848,-0.1694806367572902,-2.4926461654690613,-0.8499729882562459,0.09297391721560133,-0.29918590487914665,-0.4806920789559077,2.1399002412259085,1.4449870749291878,-0.4054082063168377,-0.15008749933475957,0.85929028285007,0.8800992406195405,0.861956252246838,0.9053520747795788,-1.0014292747184195,0.17472319624395266,-0.08603344177617478,0.6448170624165986,-1.2015361213542133,0.42858946127459446,1.0755439839724947,-0.24882569439475988,0.06047868566281961,0.6488833305606119,0.6911596845216773,0.08966531974217112,0.6060117596145538,0.07179162414675844,-0.8221892642867094,-0.35896737749788904,-1.4438511647039147,0.4856465720995238,-1.6099496392244366,-0.5126150376088392,0.404485455470603,1.1106049555272048,0.01212106924620221,0.5664986650696668,-2.5572818103210135,0.7895422508694574,-0.1821252901743785,-0.41270196184256425,-0.4294107943249559,-0.969084335007399,-0.43679605329005455,-0.9039676486793023,-0.07602277987289023
3;62;32929.97978544235;2151;1484;0.049707;0.006445;0.153663/0.057297/0.103034/0.089172/0.069323/0.087413/0.053549/0.109971/0.099516/0.101513/0.094804/0.101599/0.105307/0.06951/0.064294/0.053087/0.138285/0.140608/0.063066/0.048803/0.04952/0.102286/0.147375/0.055179/0.162505/0.067192/0.102561/0.074563/0.102544/0.068797/0.071663/0.077804/0.078405/0.067019/0.051518/0.07374/0.081894/0.116761/0.088552/0.09852/0.074803/0.102033/0.077904/0.136727/0.083971/0.060678/0.09831/0.060543/0.049126/0.084428/0.079897/0.052452/0.05182/0.086652/0.067684/0.103038/0.080291/0.079528/0.053686/0.073662/0.077734/0.089012/0.1495/0.05834/0.104902/0.104357/0.085687/0.052008/0.068975/0.049769/0.055292/0.060794/0.059828/0.105342/0.06729/0.080378/0.058825/0.080787/0.06107/0.06245/0.104/0.06275/0.060489/0.049707/0.057916/0.089868/0.081538/0.14656/0.069542/0.092079/0.133584/0.153175/0.129302/0.104232/0.076234/0.057005/0.051755/0.0732/0.131105/0.086065;0.364523/0.001673/0.332785/0.252011/0.136027/0.290509/0.0/0.327545/0.343476/0.27059/0.290987/0.347052/0.297251/0.008731/0.210653/0.165537/0.329486/0.340655/0.240717/0.0/0.0/0.357103/0.367583/0.036223/0.361262/0.089476/0.312226/0.279245/0.338838/0.036835/0.072493/0.388812/0.119321/0.383887/0.144088/0.086914/0.248903/0.367076/0.415109/0.248262/0.325298/0.279398/0.203433/0.580559/0.376113/0.004609/0.652556/0.023409/0.0/0.244284/0.248195/0.0/0.0/0.363863/0.124102/0.281329/0.203012/0.341793/0.023476/0.347731/0.18666/0.22667/0.355219/0.004705/0.352426/0.431652/0.385188/0.0/0.000153/0.0/0.294564/0.044198/0.227244/0.396213/0.00066/0.390189/0.312924/0.219335/0.118613/0.328826/0.295759/0.247851/0.016361/0.006445/2.9e-05/0.258637/0.2846/0.375176/0.009276/0.240277/0.441052/0.408319/0.328864/0.378848/0.107416/0.011322/0.435754/0.504203/0.418006/0.300942;0.09831/0.0732/0.051755/0.051518/0.049707/0.048803;0.652556/0.504203/0.435754/0.144088/0.006445/0.0;-0.6474822743298478,0.0069879715232879225,0.23068830775153382,1.431663971846271,0.1342516092129053,-0.5279417075935483,-3.310843200518917,0.42789424851544916,-0.03532079585596887,1.9480404485474998,-2.4069464557555653,-2.614775740197765,-2.2131879454886816,-0.5772320038569592,1.4031773810963288,0.48586299557426466,-0.7284343117489969,0.6948953941715839,2.9200953515757275,-0.15761281949601347,0.900056942900339,-1.4615038361594623,-5.503993871197599e-05,0.7561514430344891,-0.06749395515220807,-0.04217855056994979,1.3067989922159295,-0.8291984518570353,0.5945425610861,0.842651274830664,0.7807005674659313,0.20517468981702924,1.8748431713906917,-2.094415874172559,2.1152541834421204,0.11134153574086403,1.4768763372213065,-2.3258939318580474,-0.681776084571525,-0.02391832417261547,-1.9957688417187116,-0.44024205473103384,1.1480895446953834,0.7724847362638428,-0.4267568055456459,0.4885382996407242,-0.42436331626188717,0.9892190223240934,-0.7327919062516425,0.4949514818972468,-0.365817621888491,-1.1448398967768432,1.2891557438444683,1.240959664696422,-0.030690374892937355,-0.4735327848720772,-1.140280645438514,2.2008766196496636,0.7618378990763365,0.25991636262083784,0.393750653253367,1.0266894872504007,0.386944375544071,-1.7573070437631415,-0.49947443046116746,-0.9925477202003397,0.5974744530284297,-0.3035841734218393,-2.929428270239497,-0.0026426390590573723,-1.4129752409544138,-0.561666932285144,-2.3164254858345825,-2.4822376482315853,-1.3406547357028513,0.981164643420434,0.5374974330969378,1.395187136452023,-0.6877630115493059,1.932050492313391,1.4144059305054522,-0.2083180165801315,1.193341019985606,-1.368546376980819,1.5076563463202937,-0.7828364962029323,-0.7552198313413633,-0.5130561935980525,-0.19030112342933775,-1.6232203054361787,1.602379680066642,0.6794490383925076,1.9427249296975746,0.6760524473926285,-1.2133248962054135,-0.7034765490077131,1.0951635522757575,-1.3186452071467358,0.06440396722550669,-0.14570897164993007,0.3294992978661266,-2.6345601847486453,-0.557728145300163,0.3572470485644214,1.2251257774568953,0.7186494158436935,0.12284488922823666,-0.5446857349850026,0.12316798190490855,-1.832193707128875,1.7271072163689394,-2.11969411388641,-1.4984224200744312,-0.633636021105286,0.29405070926471066,-0.6410266020195685,0.9375455396103529,0.5975559973847551,-0.21148858094640552,0.42249689375832605,1.3309813709916978,0.3333854426067281,0.31115926185524756,0.1847766600506833,0.7688874778110147,0.6248586403139748,-1.115173685305252,-0.597342746600392,1.9073578354780363,1.3912622921316666,0.7599489983871115,0.6133766938682089,-0.017103287973727066,0.9753133143747408,-0.8911259181763742,1.4857139440476275,-1.9091974021333087,0.7850891999166494,2.1495851854918433,0.9076090754892714,1.3398637754820744,-0.9661683422139278,0.3815258356841179,0.1844138945208731,0.3478044542147061,0.2244941882179564,0.39107576572891467,1.0708745324191695,0.05822833615033757,0.49403036407853057,-0.43528709525001996,-1.8602776085744637,-1.2347024838520622,-0.9647967083615165,0.6038922454074589,-0.010365293992710023,0.16998663377907697,0.5279648229899143;1.6129200755454733,1.5674311779466024,0.948221167868835,0.5094352505218451,0.3536034562136767,-0.22040874322680698,1.6622741227625366,-1.010559915915565,1.228395484519289,0.8176145142553797,-0.04777226905962112,-0.5863396007861534,-0.7256686418469303,-0.47903029485418247,-1.214985806950809,-0.7625340095445953,-1.7152568232462928,1.1126759667359827,2.27891237234259,0.49723158832273545,-0.9571008690893378,0.554270623583486,0.08406982316076862,-1.151731601633847,-0.5497198599669926,-1.4162323824401815,-0.7281350594014292,0.1372014872954804,-0.7051929602770346,-2.911502519039403,0.12522087195686293,0.7461321322619489,0.39521511796956044,-0.3729516330010463,-1.2371178919547623,0.7350255513174138,-1.4433201067776036,0.5629758407326482,-1.5954156656934182,-0.14027053015679486,0.5461440254052581,0.9765430232358449,0.2044156887013677,-0.6039130299401125,-0.503251765131796,0.18389343624239451,0.3754319824521989,2.155820121441151,-1.3693820804132704,-1.4364479228094256,-0.4936183557781647,0.14092100649578393,0.2722607401303635,-0.8641471700497183,-1.1939203598020356,-2.1000505628679393,2.220928359447662,1.1756994462290231,0.24078348196303273,0.642019974657997,0.9549746591982748,-0.899436550106452,-0.4051571844132069,0.48882859341795704,2.216355200392451,0.9992901741555736,0.9872272209598478,-0.33837770643869114,-0.4060916098800185,-0.37353427137839706,0.41789432278503846,1.5099108877363394,0.2535011025634512,-0.29632505944008036,-1.4068317087231905,-0.5221457363525871,-1.0938943492761837,0.44694052510067345,0.6380298326976793,0.9582558814939317,1.0706780755732412,1.2294774722343094,-1.998728335653956,-0.18371083484871165,-1.9571409672452493,0.22891114633389142,1.0408032429698753,1.1403495505737957,0.4421025057347121,0.718192671254211,-2.419764266509521,-0.9347711423787942,-0.7509568250719526,-0.725333874967602,-1.2269860621078643,0.462357025372487,-0.2378365103968981,-0.7063402122242796,-1.7029918180252124,-0.3652150551856287,-0.4154025538667492,-0.26342744380815014,-0.46808460803390106,0.6680789740606324,-1.7884433474749197,0.5266134345479598,0.3848420256809296,-0.5386122381958538,0.6282769498368024,-1.5036243138409597,-3.096945811775848,-0.1694806367572902,-2.4926461654690613,-0.8499729882562459,0.09297391721560133,-0.29918590487914665,-0.4806920789559077,2.1399002412259085,1.4449870749291878,-0.4054082063168377,-0.15008749933475957,0.85929028285007,0.8800992406195405,0.861956252246838,0.9053520747795788,-1.0014292747184195,0.17472319624395266,-0.08603344177617478,0.6448170624165986,-1.2015361213542133,0.42858946127459446,1.0755439839724947,-0.24882569439475988,0.06047868566281961,0.6488833305606119,0.6911596845216773,0.08966531974217112,0.6060117596145538,0.07179162414675844,-0.8221892642867094,-0.35896737749788904,-1.4438511647039147,0.4856465720995238,-1.6099496392244366,-0.5126150376088392,0.404485455470603,1.1106049555272048,0.01212106924620221,0.5664986650696668,-2.5572818103210135,0.7895422508694574,-0.1821252901743785,-0.41270196184256425,-0.4294107943249559,-0.969084335007399,-0.43679605329005455,-0.9039676486793023,-0.07602277987289023
3;63;33462.404128313065;2151;1484;0.049707;0.006445;0.153663/0.057297/0.103034/0.089172/0.069323/0.087413/0.053549/0.109971/0.099516/0.101513/0.094804/0.101599/0.105307/0.06951/0.064294/0.053087/0.138285/0.140608/0.063066/0.048803/0.04952/0.102286/0.147375/0.055179/0.162505/0.067192/0.102561/0.074563/0.102544/0.068797/0.071663/0.077804/0.078405/0.067019/0.051518/0.07374/0.081894/0.116761/0.088552/0.09852/0.074803/0.102033/0.077904/0.136727/0.083971/0.060678/0.09831/0.060543/0.049126/0.084428/0.079897/0.052452/0.05182/0.086652/0.067684/0.103038/0.080291/0.079528/0.053686/0.073662/0.077734/0.1495/0.05834/0.104902/0.104357/0.085687/0.052008/0.068975/0.049769/0.055292/0.060794/0.059828/0.105342/0.06729/0.080378/0.058825/0.080787/0.06107/0.06245/0.104/0.06275/0.060489/0.049707/0.057916/0.089868/0.081538/0.14656/0.069542/0.092079/0.133584/0.153175/0.129302/0.104232/0.076234/0.057005/0.051755/0.0732/0.131105/0.086065/0.058296;0.364523/0.001673/0.332785/0.252011/0.136027/0.290509/0.0/0.327545/0.343476/0.27059/0.290987/0.347052/0.297251/0.008731/0.210653/0.165537/0.329486/0.340655/0.240717/0.0/0.0/0.357103/0.367583/0.036223/0.361262/0.089476/0.312226/0.279245/0.338838/0.036835/0.072493/0.388812/0.119321/0.383887/0.144088/0.086914/0.248903/0.367076/0.415109/0.248262/0.325298/0.279398/0.203433/0.580559/0.376113/0.004609/0.652556/0.023409/0.0/0.244284/0.248195/0.0/0.0/0.363863/0.124102/0.281329/0.203012/0.341793/0.023476/0.347731/0.18666/0.355219/0.004705/0.352426/0.431652/0.385188/0.0/0.000153/0.0/0.294564/0.044198/0.227244/0.396213/0.00066/0.390189/0.312924/0.219335/0.118613/0.328826/0.295759/0.247851/0.016361/0.006445/2.9e-05/0.258637/0.2846/0.375176/0.009276/0.240277/0.441052/0.408319/0.328864/0.378848/0.107416/0.011322/0.435754/0.504203/0.418006/0.300942/0.003232;0.09831/0.0732/0.051755/0.051518/0.049707/0.048803;0.652556/0.504203/0.435754/0.144088/0.006445/0.0;-0.6474822743298478,0.0069879715232879225,0.23068830775153382,1.431663971846271,0.1342516092129053,-0.5279417075935483,-3.310843200518917,0.42789424851544916,-0.03532079585596887,1.9480404485474998,-2.4069464557555653,-2.614775740197765,-2.2131879454886816,-0.5772320038569592,1.4031773810963288,0.48586299557426466,-0.7284343117489969,0.6948953941715839,2.9200953515757275,-0.15761281949601347,0.900056942900339,-1.4615038361594623,-5.503993871197599e-05,0.7561514430344891,-0.06749395515220807,-0.04217855056994979,1.3067989922159295,-0.8291984518570353,0.5945425610861,0.842651274830664,0.7807005674659313,0.20517468981702924,1.8748431713906917,-2.094415874172559,2.1152541834421204,0.11134153574086403,1.4768763372213065,-2.3258939318580474,-0.681776084571525,-0.02391832417261547,-1.9957688417187116,-0.44024205473103384,1.1480895446953834,0.7724847362638428,-0.4267568055456459,0.4885382996407242,-0.42436331626188717,0.9892190223240934,-0.7327919062516425,0.4949514818972468,-0.365817621888491,-1.1448398967768432,1.2891557438444683,1.240959664696422,-0.030690374892937355,-0.4735327848720772,-1.140280645438514,2.2008766196496636,0.7618378990763365,0.25991636262083784,0.393750653253367,1.0266894872504007,0.386944375544071,-1.7573070437631415,-0.49947443046116746,-0.9925477202003397,0.5974744530284297,-0.3035841734218393,-2.929428270239497,-0.0026426390590573723,-1.4129752409544138,-0.561666932285144,-2.3164254858345825,-2.4822376482315853,-1.3406547357028513,0.981164643420434,0.5374974330969378,1.395187136452023,-0.6877630115493059,1.932050492313391,1.4144059305054522,-0.2083180165801315,1.193341019985606,-1.368546376980819,1.5076563463202937,-0.7828364962029323,-0.7552198313413633,-0.5130561935980525,-0.19030112342933775,-1.6232203054361787,1.602379680066642,0.6794490383925076,1.9427249296975746,0.6760524473926285,-1.2133248962054135,-0.7034765490077131,1.0951635522757575,-1.3186452071467358,0.06440396722550669,-0.14570897164993007,0.3294992978661266,-2.6345601847486453,-0.557728145300163,0.3572470485644214,1.2251257774568953,0.7186494158436935,0.12284488922823666,-0.5446857349850026,0.12316798190490855,-1.832193707128875,1.7271072163689394,-2.11969411388641,-1.4984224200744312,-0.633636021105286,0.29405070926471066,-0.6410266020195685,0.9375455396103529,0.5975559973847551,-0.21148858094640552,0.42249689375832605,1.3309813709916978,0.3333854426067281,0.31115926185524756,0.1847766600506833,0.7688874778110147,0.6248586403139748,-1.115173685305252,-0.597342746600392,1.9073578354780363,1.3912622921316666,0.7599489983871115,0.6133766938682089,-0.017103287973727066,0.9753133143747408,-0.8911259181763742,1.4857139440476275,-1.9091974021333087,0.7850891999166494,2.1495851854918433,0.9076090754892714,1.3398637754820744,-0.9661683422139278,0.3815258356841179,0.1844138945208731,0.3478044542147061,0.2244941882179564,0.39107576572891467,1.0708745324191695,0.05822833615033757,0.49403036407853057,-0.43528709525001996,-1.8602776085744637,-1.2347024838520622,-0.9647967083615165,0.6038922454074589,-0.010365293992710023,0.16998663377907697,0.5279648229899143;1.6129200755454733,1.5674311779466024,0.948221167868835,0.5094352505218451,0.3536034562136767,-0.22040874322680698,1.6622741227625366,-1.010559915915565,1.228395484519289,0.8176145142553797,-0.04777226905962112,-0.5863396007861534,-0.7256686418469303,-0.47903029485418247,-1.214985806950809,-0.7625340095445953,-1.7152568232462928,1.1126759667359827,2.27891237234259,0.49723158832273545,-0.9571008690893378,0.554270623583486,0.08406982316076862,-1.151731601633847,-0.5497198599669926,-1.4162323824401815,-0.7281350594014292,0.1372014872954804,-0.7051929602770346,-2.911502519039403,0.12522087195686293,0.7461321322619489,0.39521511796956044,-0.3729516330010463,-1.2371178919547623,0.7350255513174138,-1.4433201067776036,0.5629758407326482,-1.5954156656934182,-0.14027053015679486,0.5461440254052581,0.9765430232358449,0.2044156887013677,-0.6039130299401125,-0.503251765131796,0.18389343624239451,0.3754319824521989,2.155820121441151,-1.3693820804132704,-1.4364479228094256,-0.4936183557781647,0.14092100649578393,0.2722607401303635,-0.8641471700497183,-1.1939203598020356,-2.1000505628679393,2.220928359447662,1.1756994462290231,0.24078348196303273,0.642019974657997,0.9549746591982748,-0.899436550106452,-0.4051571844132069,0.48882859341795704,2.216355200392451,0.9992901741555736,0.9872272209598478,-0.33837770643869114,-0.4060916098800185,-0.37353427137839706,0.41789432278503846,1.5099108877363394,0.2535011025634512,-0.29632505944008036,-1.4068317087231905,-0.5221457363525871,-1.0938943492761837,0.44694052510067345,0.6380298326976793,0.9582558814939317,1.0706780755732412,1.2294774722343094,-1.998728335653956,-0.18371083484871165,-1.9571409672452493,0.22891114633389142,1.0408032429698753,1.1403495505737957,0.4421025057347121,0.718192671254211,-2.419764266509521,-0.9347711423787942,-0.7509568250719526,-0.725333874967602,-1.2269860621078643,0.462357025372487,-0.2378365103968981,-0.7063402122242796,-1.7029918180252124,-0.3652150551856287,-0.4154025538667492,-0.26342744380815014,-0.46808460803390106,0.6680789740606324,-1.7884433474749197,0.5266134345479598,0.3848420256809296,-0.5386122381958538,0.6282769498368024,-1.5036243138409597,-3.096945811775848,-0.1694806367572902,-2.4926461654690613,-0.8499729882562459,0.09297391721560133,-0.29918590487914665,-0.4806920789559077,2.1399002412259085,1.4449870749291878,-0.4054082063168377,-0.15008749933475957,0.85929028285007,0.8800992406195405,0.861956252246838,0.9053520747795788,-1.0014292747184195,0.17472319624395266,-0.08603344177617478,0.6448170624165986,-1.2015361213542133,0.42858946127459446,1.0755439839724947,-0.24882569439475988,0.06047868566281961,0.6488833305606119,0.6911596845216773,0.08966531974217112,0.6060117596145538,0.07179162414675844,-0.8221892642867094,-0.35896737749788904,-1.4438511647039147,0.4856465720995238,-1.6099496392244366,-0.5126150376088392,0.404485455470603,1.1106049555272048,0.01212106924620221,0.5664986650696668,-2.5572818103210135,0.7895422508694574,-0.1821252901743785,-0.41270196184256425,-0.4294107943249559,-0.969084335007399,-0.43679605329005455,-0.9039676486793023,-0.07602277987289023
3;64;33992.767661094666;2151;1484;0.049707;0.006445;0.153663/0.057297/0.103034/0.089172/0.069323/0.087413/0.053549/0.109971/0.099516/0.101513/0.094804/0.101599/0.06951/0.064294/0.053087/0.138285/0.140608/0.063066/0.048803/0.04952/0.102286/0.147375/0.055179/0.162505/0.067192/0.102561/0.074563/0.102544/0.068797/0.071663/0.077804/0.078405/0.067019/0.051518/0.07374/0.081894/0.116761/0.088552/0.074803/0.102033/0.077904/0.136727/0.083971/0.060678/0.09831/0.060543/0.049126/0.084428/0.079897/0.052452/0.05182/0.086652/0.067684/0.080291/0.079528/0.053686/0.073662/0.077734/0.1495/0.05834/0.104902/0.104357/0.085687/0.052008/0.068975/0.049769/0.055292/0.060794/0.059828/0.105342/0.06729/0.080378/0.058825/0.080787/0.06107/0.06245/0.104/0.06275/0.060489/0.049707/0.057916/0.089868/0.081538/0.14656/0.133584/0.153175/0.129302/0.104232/0.076234/0.057005/0.051755/0.0732/0.131105/0.086065/0.058296/0.090256/0.081623/0.09437/0.098791/0.08711;0.364523/0.001673/0.332785/0.252011/0.136027/0.290509/0.0/0.327545/0.343476/0.27059/0.290987/0.347052/0.008731/0.210653/0.165537/0.329486/0.340655/0.240717/0.0/0.0/0.357103/0.367583/0.036223/0.361262/0.089476/0.312226/0.279245/0.338838/0.036835/0.072493/0.388812/0.119321/0.383887/0.144088/0.086914/0.248903/0.367076/0.415109/0.325298/0.279398/0.203433/0.580559/0.376113/0.004609/0.652556/0.023409/0.0/0.244284/0.248195/0.0/0.0/0.363863/0.124102/0.203012/0.341793/0.023476/0.347731/0.18666/0.355219/0.004705/0.352426/0.431652/0.385188/0.0/0.000153/0.0/0.294564/0.044198/0.227244/0.396213/0.00066/0.390189/0.312924/0.219335/0.118613/0.328826/0.295759/0.247851/0.016361/0.006445/2.9e-05/0.258637/0.2846/0.375176/0.441052/0.408319/0.328864/0.378848/0.107416/0.011322/0.435754/0.504203/0.418006/0.300942/0.003232/0.248587/0.408386/0.42012/0.509912/0.27956;0.09831/0.0732/0.051755/0.051518/0.049707/0.048803;0.652556/0.504203/0.435754/0.144088/0.006445/0.0;-0.6474822743298478,0.0069879715232879225,0.23068830775153382,1.431663971846271,0.1342516092129053,-0.5279417075935483,-3.310843200518917,0.42789424851544916,-0.03532079585596887,1.9480404485474998,-2.4069464557555653,-2.614775740197765,-2.2131879454886816,-0.5772320038569592,1.4031773810963288,0.48586299557426466,-0.7284343117489969,0.6948953941715839,2.9200953515757275,-0.15761281949601347,0.900056942900339,-1.4615038361594623,-5.503993871197599e-05,0.7561514430344891,-0.06749395515220807,-0.04217855056994979,1.3067989922159295,-0.8291984518570353,0.5945425610861,0.842651274830664,0.7807005674659313,0.20517468981702924,1.8748431713906917,-2.094415874172559,2.1152541834421204,0.11134153574086403,1.4768763372213065,-2.3258939318580474,-0.681776084571525,-0.02391832417261547,-1.9957688417187116,-0.44024205473103384,1.1480895446953834,0.7724847362638428,-0.4267568055456459,0.4885382996407242,-0.42436331626188717,0.9892190223240934,-0.7327919062516425,0.4949514818972468,-0.365817621888491,-1.1448398967768432,1.2891557438444683,1.240959664696422,-0.030690374892937355,-0.4735327848720772,-1.140280645438514,2.2008766196496636,0.7618378990763365,0.25991636262083784,0.393750653253367,1.0266894872504007,0.386944375544071,-1.7573070437631415,-0.49947443046116746,-0.9925477202003397,0.5974744530284297,-0.3035841734218393,-2.929428270239497,-0.0026426390590573723,-1.4129752409544138,-0.561666932285144,-2.3164254858345825,-2.4822376482315853,-1.3406547357028513,0.981164643420434,0.5374974330969378,1.395187136452023,-0.6877630115493059,1.932050492313391,1.4144059305054522,-0.2083180165801315,1.193341019985606,-1.368546376980819,1.5076563463202937,-0.7828364962029323,-0.7552198313413633,-0.5130561935980525,-0.19030112342933775,-1.6232203054361787,1.602379680066642,0.6794490383925076,1.9427249296975746,0.6760524473926285,-1.2133248962054135,-0.7034765490077131,1.0951635522757575,-1.3186452071467358,0.06440396722550669,-0.14570897164993007,0.3294992978661266,-2.6345601847486453,-0.557728145300163,0.3572470485644214,1.2251257774568953,0.7186494158436935,0.12284488922823666,-0.5446857349850026,0.12316798190490855,-1.832193707128875,1.7271072163689394,-2.11969411388641,-1.4984224200744312,-0.633636021105286,0.29405070926471066,-0.6410266020195685,0.9375455396103529,0.5975559973847551,-0.21148858094640552,0.42249689375832605,1.3309813709916978,0.3333854426067281,0.31115926185524756,0.1847766600506833,0.7688874778110147,0.6248586403139748,-1.115173685305252,-0.597342746600392,1.9073578354780363,1.3912622921316666,0.7599489983871115,0.6133766938682089,-0.017103287973727066,0.9753133143747408,-0.8911259181763742,1.4857139440476275,-1.9091974021333087,0.7850891999166494,2.1495851854918433,0.9076090754892714,1.3398637754820744,-0.9661683422139278,0.3815258356841179,0.1844138945208731,0.3478044542147061,0.2244941882179564,0.39107576572891467,1.0708745324191695,0.05822833615033757,0.49403036407853057,-0.43528709525001996,-1.8602776085744637,-1.2347024838520622,-0.9647967083615165,0.6038922454074589,-0.010365293992710023,0.16998663377907697,0.5279648229899143;1.6129200755454733,1.5674311779466024,0.948221167868835,0.5094352505218451,0.3536034562136767,-0.22040874322680698,1.6622741227625366,-1.010559915915565,1.228395484519289,0.8176145142553797,-0.04777226905962112,-0.5863396007861534,-0.7256686418469303,-0.47903029485418247,-1.214985806950809,-0.7625340095445953,-1.7152568232462928,1.1126759667359827,2.27891237234259,0.49723158832273545,-0.9571008690893378,0.554270623583486,0.08406982316076862,-1.151731601633847,-0.5497198599669926,-1.4162323824401815,-0.7281350594014292,0.1372014872954804,-0.7051929602770346,-2.911502519039403,0.12522087195686293,0.7461321322619489,0.39521511796956044,-0.3729516330010463,-1.2371178919547623,0.7350255513174138,-1.4433201067776036,0.5629758407326482,-1.5954156656934182,-0.14027053015679486,0.5461440254052581,0.9765430232358449,0.2044156887013677,-0.6039130299401125,-0.503251765131796,0.18389343624239451,0.3754319824521989,2.155820121441151,-1.3693820804132704,-1.4364479228094256,-0.4936183557781647,0.14092100649578393,0.2722607401303635,-0.8641471700497183,-1.1939203598020356,-2.1000505628679393,2.220928359447662,1.1756994462290231,0.24078348196303273,0.642019974657997,0.9549746591982748,-0.899436550106452,-0.4051571844132069,0.48882859341795704,2.216355200392451,0.9992901741555736,0.9872272209598478,-0.33837770643869114,-0.4060916098800185,-0.37353427137839706,0.41789432278503846,1.5099108877363394,0.2535011025634512,-0.29632505944008036,-1.4068317087231905,-0.5221457363525871,-1.0938943492761837,0.44694052510067345,0.6380298326976793,0.9582558814939317,1.0706780755732412,1.2294774722343094,-1.998728335653956,-0.18371083484871165,-1.9571409672452493,0.22891114633389142,1.0408032429698753,1.1403495505737957,0.4421025057347121,0.718192671254211,-2.419764266509521,-0.9347711423787942,-0.7509568250719526,-0.725333874967602,-1.2269860621078643,0.462357025372487,-0.2378365103968981,-0.7063402122242796,-1.7029918180252124,-0.3652150551856287,-0.4154025538667492,-0.26342744380815014,-0.46808460803390106,0.6680789740606324,-1.7884433474749197,0.5266134345479598,0.3848420256809296,-0.5386122381958538,0.6282769498368024,-1.5036243138409597,-3.096945811775848,-0.1694806367572902,-2.4926461654690613,-0.8499729882562459,0.09297391721560133,-0.29918590487914665,-0.4806920789559077,2.1399002412259085,1.4449870749291878,-0.4054082063168377,-0.15008749933475957,0.85929028285007,0.8800992406195405,0.861956252246838,0.9053520747795788,-1.0014292747184195,0.17472319624395266,-0.08603344177617478,0.6448170624165986,-1.2015361213542133,0.42858946127459446,1.0755439839724947,-0.24882569439475988,0.06047868566281961,0.6488833305606119,0.6911596845216773,0.08966531974217112,0.6060117596145538,0.07179162414675844,-0.8221892642867094,-0.35896737749788904,-1.4438511647039147,0.4856465720995238,-1.6099496392244366,-0.5126150376088392,0.404485455470603,1.1106049555272048,0.01212106924620221,0.5664986650696668,-2.5572818103210135,0.7895422508694574,-0.1821252901743785,-0.41270196184256425,-0.4294107943249559,-0.969084335007399,-0.43679605329005455,-0.9039676486793023,-0.07602277987289023
3;65;34524.34926223755;2151;1484;0.049707;0.006445;0.153663/0.057297/0.103034/0.089172/0.069323/0.087413/0.053549/0.109971/0.099516/0.101513/0.094804/0.101599/0.064294/0.053087/0.138285/0.140608/0.063066/0.048803/0.04952/0.102286/0.147375/0.055179/0.162505/0.067192/0.102561/0.074563/0.102544/0.068797/0.071663/0.077804/0.078405/0.067019/0.051518/0.07374/0.081894/0.116761/0.088552/0.074803/0.102033/0.077904/0.136727/0.083971/0.060678/0.09831/0.060543/0.049126/0.084428/0.079897/0.052452/0.05182/0.086652/0.067684/0.079528/0.053686/0.073662/0.077734/0.1495/0.05834/0.104902/0.104357/0.085687/0.052008/0.049769/0.055292/0.060794/0.059828/0.105342/0.06729/0.080378/0.058825/0.080787/0.06107/0.06245/0.104/0.06275/0.060489/0.049707/0.057916/0.089868/0.081538/0.14656/0.133584/0.153175/0.129302/0.104232/0.076234/0.057005/0.051755/0.0732/0.131105/0.086065/0.058296/0.090256/0.081623/0.09437/0.098791/0.08711/0.054528/0.060243/0.090501;0.364523/0.001673/0.332785/0.252011/0.136027/0.290509/0.0/0.327545/0.343476/0.27059/0.290987/0.347052/0.210653/0.165537/0.329486/0.340655/0.240717/0.0/0.0/0.357103/0.367583/0.036223/0.361262/0.089476/0.312226/0.279245/0.338838/0.036835/0.072493/0.388812/0.119321/0.383887/0.144088/0.086914/0.248903/0.367076/0.415109/0.325298/0.279398/0.203433/0.580559/0.376113/0.004609/0.652556/0.023409/0.0/0.244284/0.248195/0.0/0.0/0.363863/0.124102/0.341793/0.023476/0.347731/0.18666/0.355219/0.004705/0.352426/0.431652/0.385188/0.0/0.0/0.294564/0.044198/0.227244/0.396213/0.00066/0.390189/0.312924/0.219335/0.118613/0.328826/0.295759/0.247851/0.016361/0.006445/2.9e-05/0.258637/0.2846/0.375176/0.441052/0.408319/0.328864/0.378848/0.107416/0.011322/0.435754/0.504203/0.418006/0.300942/0.003232/0.248587/0.408386/0.42012/0.509912/0.27956/0.000143/0.342721/0.60153;0.09831/0.090501/0.0732/0.051755/0.051518/0.049707/0.048803;0.652556/0.60153/0.504203/0.435754/0.144088/0.006445/0.0;-0.6474822743298478,0.0069879715232879225,0.23068830775153382,1.431663971846271,0.1342516092129053,-0.5279417075935483,-3.310843200518917,0.42789424851544916,-0.03532079585596887,1.9480404485474998,-2.4069464557555653,-2.614775740197765,-2.2131879454886816,-0.5772320038569592,1.4031773810963288,0.48586299557426466,-0.7284343117489969,0.6948953941715839,2.9200953515757275,-0.15761281949601347,0.900056942900339,-1.4615038361594623,-5.503993871197599e-05,0.7561514430344891,-0.06749395515220807,-0.04217855056994979,1.3067989922159295,-0.8291984518570353,0.5945425610861,0.842651274830664,0.7807005674659313,0.20517468981702924,1.8748431713906917,-2.094415874172559,2.1152541834421204,0.11134153574086403,1.4768763372213065,-2.3258939318580474,-0.681776084571525,-0.02391832417261547,-1.9957688417187116,-0.44024205473103384,1.1480895446953834,0.7724847362638428,-0.4267568055456459,0.4885382996407242,-0.42436331626188717,0.9892190223240934,-0.7327919062516425,0.4949514818972468,-0.365817621888491,-1.1448398967768432,1.2891557438444683,1.240959664696422,-0.030690374892937355,-0.4735327848720772,-1.140280645438514,2.2008766196496636,0.7618378990763365,0.25991636262083784,0.393750653253367,1.0266894872504007,0.386944375544071,-1.7573070437631415,-0.49947443046116746,-0.9925477202003397,0.5974744530284297,-0.3035841734218393,-2.929428270239497,-0.0026426390590573723,-1.4129752409544138,-0.561666932285144,-2.3164254858345825,-2.4822376482315853,-1.3406547357028513,0.981164643420434,0.5374974330969378,1.395187136452023,-0.6877630115493059,1.932050492313391,1.4144059305054522,-0.2083180165801315,1.193341019985606,-1.368546376980819,1.5076563463202937,-0.7828364962029323,-0.7552198313413633,-0.5130561935980525,-0.19030112342933775,-1.6232203054361787,1.602379680066642,0.6794490383925076,1.9427249296975746,0.6760524473926285,-1.2133248962054135,-0.7034765490077131,1.0951635522757575,-1.3186452071467358,0.06440396722550669,-0.14570897164993007,0.3294992978661266,-2.6345601847486453,-0.557728145300163,0.3572470485644214,1.2251257774568953,0.7186494158436935,0.12284488922823666,-0.5446857349850026,0.12316798190490855,-1.832193707128875,1.7271072163689394,-2.11969411388641,-1.4984224200744312,-0.633636021105286,0.29405070926471066,-0.6410266020195685,0.9375455396103529,0.5975559973847551,-0.21148858094640552,0.42249689375832605,1.3309813709916978,0.3333854426067281,0.31115926185524756,0.1847766600506833,0.7688874778110147,0.6248586403139748,-1.115173685305252,-0.597342746600392,1.9073578354780363,1.3912622921316666,0.7599489983871115,0.6133766938682089,-0.017103287973727066,0.9753133143747408,-0.8911259181763742,1.4857139440476275,-1.9091974021333087,0.7850891999166494,2.1495851854918433,0.9076090754892714,1.3398637754820744,-0.9661683422139278,0.3815258356841179,0.1844138945208731,0.3478044542147061,0.2244941882179564,0.39107576572891467,1.0708745324191695,0.05822833615033757,0.49403036407853057,-0.43528709525001996,-1.8602776085744637,-1.2347024838520622,-0.9647967083615165,0.6038922454074589,-0.010365293992710023,0.16998663377907697,0.5279648229899143;1.6129200755454733,1.5674311779466024,0.948221167868835,0.5094352505218451,0.3536034562136767,-0.22040874322680698,1.6622741227625366,-1.010559915915565,1.228395484519289,0.8176145142553797,-0.04777226905962112,-0.5863396007861534,-0.7256686418469303,-0.47903029485418247,-1.214985806950809,-0.7625340095445953,-1.7152568232462928,1.1126759667359827,2.27891237234259,0.49723158832273545,-0.9571008690893378,0.554270623583486,0.08406982316076862,-1.151731601633847,-0.5497198599669926,-1.4162323824401815,-0.7281350594014292,0.1372014872954804,-0.7051929602770346,-2.911502519039403,0.12522087195686293,0.7461321322619489,0.39521511796956044,-0.3729516330010463,-1.2371178919547623,0.7350255513174138,-1.4433201067776036,0.5629758407326482,-1.5954156656934182,-0.14027053015679486,0.5461440254052581,0.9765430232358449,0.2044156887013677,-0.6039130299401125,-0.503251765131796,0.18389343624239451,0.3754319824521989,2.155820121441151,-1.3693820804132704,-1.4364479228094256,-0.4936183557781647,0.14092100649578393,0.2722607401303635,-0.8641471700497183,-1.1939203598020356,-2.1000505628679393,2.220928359447662,1.1756994462290231,0.24078348196303273,0.642019974657997,0.9549746591982748,-0.899436550106452,-0.4051571844132069,0.48882859341795704,2.216355200392451,0.9992901741555736,0.9872272209598478,-0.33837770643869114,-0.4060916098800185,-0.37353427137839706,0.41789432278503846,1.5099108877363394,0.2535011025634512,-0.29632505944008036,-1.4068317087231905,-0.5221457363525871,-1.0938943492761837,0.44694052510067345,0.6380298326976793,0.9582558814939317,1.0706780755732412,1.2294774722343094,-1.998728335653956,-0.18371083484871165,-1.9571409672452493,0.22891114633389142,1.0408032429698753,1.1403495505737957,0.4421025057347121,0.718192671254211,-2.419764266509521,-0.9347711423787942,-0.7509568250719526,-0.725333874967602,-1.2269860621078643,0.462357025372487,-0.2378365103968981,-0.7063402122242796,-1.7029918180252124,-0.3652150551856287,-0.4154025538667492,-0.26342744380815014,-0.46808460803390106,0.6680789740606324,-1.7884433474749197,0.5266134345479598,0.3848420256809296,-0.5386122381958538,0.6282769498368024,-1.5036243138409597,-3.096945811775848,-0.1694806367572902,-2.4926461654690613,-0.8499729882562459,0.09297391721560133,-0.29918590487914665,-0.4806920789559077,2.1399002412259085,1.4449870749291878,-0.4054082063168377,-0.15008749933475957,0.85929028285007,0.8800992406195405,0.861956252246838,0.9053520747795788,-1.0014292747184195,0.17472319624395266,-0.08603344177617478,0.6448170624165986,-1.2015361213542133,0.42858946127459446,1.0755439839724947,-0.24882569439475988,0.06047868566281961,0.6488833305606119,0.6911596845216773,0.08966531974217112,0.6060117596145538,0.07179162414675844,-0.8221892642867094,-0.35896737749788904,-1.4438511647039147,0.4856465720995238,-1.6099496392244366,-0.5126150376088392,0.404485455470603,1.1106049555272048,0.01212106924620221,0.5664986650696668,-2.5572818103210135,0.7895422508694574,-0.1821252901743785,-0.41270196184256425,-0.4294107943249559,-0.969084335007399,-0.43679605329005455,-0.9039676486793023,-0.07602277987289023
3;66;35066.38925933838;2151;1484;0.049707;0.006445;0.153663/0.057297/0.103034/0.089172/0.069323/0.087413/0.053549/0.099516/0.101513/0.094804/0.101599/0.064294/0.053087/0.140608/0.063066/0.048803/0.04952/0.102286/0.147375/0.055179/0.067192/0.102561/0.074563/0.102544/0.068797/0.071663/0.077804/0.078405/0.067019/0.051518/0.07374/0.081894/0.116761/0.088552/0.074803/0.102033/0.077904/0.136727/0.083971/0.060678/0.09831/0.060543/0.049126/0.084428/0.079897/0.052452/0.05182/0.086652/0.067684/0.079528/0.053686/0.073662/0.077734/0.1495/0.05834/0.104902/0.104357/0.085687/0.052008/0.049769/0.055292/0.060794/0.059828/0.105342/0.06729/0.080378/0.058825/0.080787/0.06107/0.06245/0.06275/0.060489/0.049707/0.057916/0.089868/0.081538/0.14656/0.133584/0.153175/0.104232/0.076234/0.057005/0.051755/0.0732/0.131105/0.086065/0.058296/0.090256/0.081623/0.09437/0.098791/0.08711/0.054528/0.060243/0.090501/0.093393/0.134462/0.054506/0.080776/0.078961;0.364523/0.001673/0.332785/0.252011/0.136027/0.290509/0.0/0.343476/0.27059/0.290987/0.347052/0.210653/0.165537/0.340655/0.240717/0.0/0.0/0.357103/0.367583/0.036223/0.089476/0.312226/0.279245/0.338838/0.036835/0.072493/0.388812/0.119321/0.383887/0.144088/0.086914/0.248903/0.367076/0.415109/0.325298/0.279398/0.203433/0.580559/0.376113/0.004609/0.652556/0.023409/0.0/0.244284/0.248195/0.0/0.0/0.363863/0.124102/0.341793/0.023476/0.347731/0.18666/0.355219/0.004705/0.352426/0.431652/0.385188/0.0/0.0/0.294564/0.044198/0.227244/0.396213/0.00066/0.390189/0.312924/0.219335/0.118613/0.328826/0.247851/0.016361/0.006445/2.9e-05/0.258637/0.2846/0.375176/0.441052/0.408319/0.378848/0.107416/0.011322/0.435754/0.504203/0.418006/0.300942/0.003232/0.248587/0.408386/0.42012/0.509912/0.27956/0.000143/0.342721/0.60153/0.283844/0.516988/0.583256/0.149185/0.025159;0.09831/0.090501/0.054506/0.051755/0.051518/0.049707/0.048803;0.652556/0.60153/0.583256/0.435754/0.144088/0.006445/0.0;-0.6474822743298478,0.0069879715232879225,0.23068830775153382,1.431663971846271,0.1342516092129053,-0.5279417075935483,-3.310843200518917,0.42789424851544916,-0.03532079585596887,1.9480404485474998,-2.4069464557555653,-2.614775740197765,-2.2131879454886816,-0.5772320038569592,1.4031773810963288,0.48586299557426466,-0.7284343117489969,0.6948953941715839,2.9200953515757275,-0.15761281949601347,0.900056942900339,-1.4615038361594623,-5.503993871197599e-05,0.7561514430344891,-0.06749395515220807,-0.04217855056994979,1.3067989922159295,-0.8291984518570353,0.5945425610861,0.842651274830664,0.7807005674659313,0.20517468981702924,1.8748431713906917,-2.094415874172559,2.1152541834421204,0.11134153574086403,1.4768763372213065,-2.3258939318580474,-0.681776084571525,-0.02391832417261547,-1.9957688417187116,-0.44024205473103384,1.1480895446953834,0.7724847362638428,-0.4267568055456459,0.4885382996407242,-0.42436331626188717,0.9892190223240934,-0.7327919062516425,0.4949514818972468,-0.365817621888491,-1.1448398967768432,1.2891557438444683,1.240959664696422,-0.030690374892937355,-0.4735327848720772,-1.140280645438514,2.2008766196496636,0.7618378990763365,0.25991636262083784,0.393750653253367,1.0266894872504007,0.386944375544071,-1.7573070437631415,-0.49947443046116746,-0.9925477202003397,0.5974744530284297,-0.3035841734218393,-2.929428270239497,-0.0026426390590573723,-1.4129752409544138,-0.561666932285144,-2.3164254858345825,-2.4822376482315853,-1.3406547357028513,0.981164643420434,0.5374974330969378,1.395187136452023,-0.6877630115493059,1.932050492313391,1.4144059305054522,-0.2083180165801315,1.193341019985606,-1.368546376980819,1.5076563463202937,-0.7828364962029323,-0.7552198313413633,-0.5130561935980525,-0.19030112342933775,-1.6232203054361787,1.602379680066642,0.6794490383925076,1.9427249296975746,0.6760524473926285,-1.2133248962054135,-0.7034765490077131,1.0951635522757575,-1.3186452071467358,0.06440396722550669,-0.14570897164993007,0.3294992978661266,-2.6345601847486453,-0.557728145300163,0.3572470485644214,1.2251257774568953,0.7186494158436935,0.12284488922823666,-0.5446857349850026,0.12316798190490855,-1.832193707128875,1.7271072163689394,-2.11969411388641,-1.4984224200744312,-0.633636021105286,0.29405070926471066,-0.6410266020195685,0.9375455396103529,0.5975559973847551,-0.21148858094640552,0.42249689375832605,1.3309813709916978,0.3333854426067281,0.31115926185524756,0.1847766600506833,0.7688874778110147,0.6248586403139748,-1.115173685305252,-0.597342746600392,1.9073578354780363,1.3912622921316666,0.7599489983871115,0.6133766938682089,-0.017103287973727066,0.9753133143747408,-0.8911259181763742,1.4857139440476275,-1.9091974021333087,0.7850891999166494,2.1495851854918433,0.9076090754892714,1.3398637754820744,-0.9661683422139278,0.3815258356841179,0.1844138945208731,0.3478044542147061,0.2244941882179564,0.39107576572891467,1.0708745324191695,0.05822833615033757,0.49403036407853057,-0.43528709525001996,-1.8602776085744637,-1.2347024838520622,-0.9647967083615165,0.6038922454074589,-0.010365293992710023,0.16998663377907697,0.5279648229899143;1.6129200755454733,1.5674311779466024,0.948221167868835,0.5094352505218451,0.3536034562136767,-0.22040874322680698,1.6622741227625366,-1.010559915915565,1.228395484519289,0.8176145142553797,-0.04777226905962112,-0.5863396007861534,-0.7256686418469303,-0.47903029485418247,-1.214985806950809,-0.7625340095445953,-1.7152568232462928,1.1126759667359827,2.27891237234259,0.49723158832273545,-0.9571008690893378,0.554270623583486,0.08406982316076862,-1.151731601633847,-0.5497198599669926,-1.4162323824401815,-0.7281350594014292,0.1372014872954804,-0.7051929602770346,-2.911502519039403,0.12522087195686293,0.7461321322619489,0.39521511796956044,-0.3729516330010463,-1.2371178919547623,0.7350255513174138,-1.4433201067776036,0.5629758407326482,-1.5954156656934182,-0.14027053015679486,0.5461440254052581,0.9765430232358449,0.2044156887013677,-0.6039130299401125,-0.503251765131796,0.18389343624239451,0.3754319824521989,2.155820121441151,-1.3693820804132704,-1.4364479228094256,-0.4936183557781647,0.14092100649578393,0.2722607401303635,-0.8641471700497183,-1.1939203598020356,-2.1000505628679393,2.220928359447662,1.1756994462290231,0.24078348196303273,0.642019974657997,0.9549746591982748,-0.899436550106452,-0.4051571844132069,0.48882859341795704,2.216355200392451,0.9992901741555736,0.9872272209598478,-0.33837770643869114,-0.4060916098800185,-0.37353427137839706,0.41789432278503846,1.5099108877363394,0.2535011025634512,-0.29632505944008036,-1.4068317087231905,-0.5221457363525871,-1.0938943492761837,0.44694052510067345,0.6380298326976793,0.9582558814939317,1.0706780755732412,1.2294774722343094,-1.998728335653956,-0.18371083484871165,-1.9571409672452493,0.22891114633389142,1.0408032429698753,1.1403495505737957,0.4421025057347121,0.718192671254211,-2.419764266509521,-0.9347711423787942,-0.7509568250719526,-0.725333874967602,-1.2269860621078643,0.462357025372487,-0.2378365103968981,-0.7063402122242796,-1.7029918180252124,-0.3652150551856287,-0.4154025538667492,-0.26342744380815014,-0.46808460803390106,0.6680789740606324,-1.7884433474749197,0.5266134345479598,0.3848420256809296,-0.5386122381958538,0.6282769498368024,-1.5036243138409597,-3.096945811775848,-0.1694806367572902,-2.4926461654690613,-0.8499729882562459,0.09297391721560133,-0.29918590487914665,-0.4806920789559077,2.1399002412259085,1.4449870749291878,-0.4054082063168377,-0.15008749933475957,0.85929028285007,0.8800992406195405,0.861956252246838,0.9053520747795788,-1.0014292747184195,0.17472319624395266,-0.08603344177617478,0.6448170624165986,-1.2015361213542133,0.42858946127459446,1.0755439839724947,-0.24882569439475988,0.06047868566281961,0.6488833305606119,0.6911596845216773,0.08966531974217112,0.6060117596145538,0.07179162414675844,-0.8221892642867094,-0.35896737749788904,-1.4438511647039147,0.4856465720995238,-1.6099496392244366,-0.5126150376088392,0.404485455470603,1.1106049555272048,0.01212106924620221,0.5664986650696668,-2.5572818103210135,0.7895422508694574,-0.1821252901743785,-0.41270196184256425,-0.4294107943249559,-0.969084335007399,-0.43679605329005455,-0.9039676486793023,-0.07602277987289023
3;67;35601.80843448639;2151;1484;0.049707;0.006445;0.153663/0.057297/0.103034/0.089172/0.069323/0.087413/0.053549/0.099516/0.101513/0.094804/0.101599/0.064294/0.053087/0.140608/0.063066/0.048803/0.04952/0.102286/0.147375/0.055179/0.067192/0.102561/0.074563/0.102544/0.068797/0.071663/0.077804/0.078405/0.067019/0.051518/0.07374/0.081894/0.116761/0.088552/0.074803/0.102033/0.077904/0.136727/0.083971/0.060678/0.09831/0.060543/0.049126/0.084428/0.079897/0.052452/0.05182/0.086652/0.067684/0.079528/0.053686/0.073662/0.077734/0.1495/0.05834/0.104902/0.104357/0.085687/0.052008/0.049769/0.055292/0.060794/0.059828/0.105342/0.06729/0.080378/0.058825/0.080787/0.06107/0.06245/0.06275/0.060489/0.049707/0.057916/0.089868/0.081538/0.14656/0.133584/0.153175/0.104232/0.076234/0.057005/0.051755/0.0732/0.131105/0.086065/0.058296/0.090256/0.081623/0.09437/0.098791/0.08711/0.054528/0.060243/0.090501/0.093393/0.134462/0.054506/0.104859/0.055342;0.364523/0.001673/0.332785/0.252011/0.136027/0.290509/0.0/0.343476/0.27059/0.290987/0.347052/0.210653/0.165537/0.340655/0.240717/0.0/0.0/0.357103/0.367583/0.036223/0.089476/0.312226/0.279245/0.338838/0.036835/0.072493/0.388812/0.119321/0.383887/0.144088/0.086914/0.248903/0.367076/0.415109/0.325298/0.279398/0.203433/0.580559/0.376113/0.004609/0.652556/0.023409/0.0/0.244284/0.248195/0.0/0.0/0.363863/0.124102/0.341793/0.023476/0.347731/0.18666/0.355219/0.004705/0.352426/0.431652/0.385188/0.0/0.0/0.294564/0.044198/0.227244/0.396213/0.00066/0.390189/0.312924/0.219335/0.118613/0.328826/0.247851/0.016361/0.006445/2.9e-05/0.258637/0.2846/0.375176/0.441052/0.408319/0.378848/0.107416/0.011322/0.435754/0.504203/0.418006/0.300942/0.003232/0.248587/0.408386/0.42012/0.509912/0.27956/0.000143/0.342721/0.60153/0.283844/0.516988/0.583256/0.381028/9.6e-05;0.09831/0.090501/0.054506/0.051755/0.051518/0.049707/0.048803;0.652556/0.60153/0.583256/0.435754/0.144088/0.006445/0.0;-0.6474822743298478,0.0069879715232879225,0.23068830775153382,1.431663971846271,0.1342516092129053,-0.5279417075935483,-3.310843200518917,0.42789424851544916,-0.03532079585596887,1.9480404485474998,-2.4069464557555653,-2.614775740197765,-2.2131879454886816,-0.5772320038569592,1.4031773810963288,0.48586299557426466,-0.7284343117489969,0.6948953941715839,2.9200953515757275,-0.15761281949601347,0.900056942900339,-1.4615038361594623,-5.503993871197599e-05,0.7561514430344891,-0.06749395515220807,-0.04217855056994979,1.3067989922159295,-0.8291984518570353,0.5945425610861,0.842651274830664,0.7807005674659313,0.20517468981702924,1.8748431713906917,-2.094415874172559,2.1152541834421204,0.11134153574086403,1.4768763372213065,-2.3258939318580474,-0.681776084571525,-0.02391832417261547,-1.9957688417187116,-0.44024205473103384,1.1480895446953834,0.7724847362638428,-0.4267568055456459,0.4885382996407242,-0.42436331626188717,0.9892190223240934,-0.7327919062516425,0.4949514818972468,-0.365817621888491,-1.1448398967768432,1.2891557438444683,1.240959664696422,-0.030690374892937355,-0.4735327848720772,-1.140280645438514,2.2008766196496636,0.7618378990763365,0.25991636262083784,0.393750653253367,1.0266894872504007,0.386944375544071,-1.7573070437631415,-0.49947443046116746,-0.9925477202003397,0.5974744530284297,-0.3035841734218393,-2.929428270239497,-0.0026426390590573723,-1.4129752409544138,-0.561666932285144,-2.3164254858345825,-2.4822376482315853,-1.3406547357028513,0.981164643420434,0.5374974330969378,1.395187136452023,-0.6877630115493059,1.932050492313391,1.4144059305054522,-0.2083180165801315,1.193341019985606,-1.368546376980819,1.5076563463202937,-0.7828364962029323,-0.7552198313413633,-0.5130561935980525,-0.19030112342933775,-1.6232203054361787,1.602379680066642,0.6794490383925076,1.9427249296975746,0.6760524473926285,-1.2133248962054135,-0.7034765490077131,1.0951635522757575,-1.3186452071467358,0.06440396722550669,-0.14570897164993007,0.3294992978661266,-2.6345601847486453,-0.557728145300163,0.3572470485644214,1.2251257774568953,0.7186494158436935,0.12284488922823666,-0.5446857349850026,0.12316798190490855,-1.832193707128875,1.7271072163689394,-2.11969411388641,-1.4984224200744312,-0.633636021105286,0.29405070926471066,-0.6410266020195685,0.9375455396103529,0.5975559973847551,-0.21148858094640552,0.42249689375832605,1.3309813709916978,0.3333854426067281,0.31115926185524756,0.1847766600506833,0.7688874778110147,0.6248586403139748,-1.115173685305252,-0.597342746600392,1.9073578354780363,1.3912622921316666,0.7599489983871115,0.6133766938682089,-0.017103287973727066,0.9753133143747408,-0.8911259181763742,1.4857139440476275,-1.9091974021333087,0.7850891999166494,2.1495851854918433,0.9076090754892714,1.3398637754820744,-0.9661683422139278,0.3815258356841179,0.1844138945208731,0.3478044542147061,0.2244941882179564,0.39107576572891467,1.0708745324191695,0.05822833615033757,0.49403036407853057,-0.43528709525001996,-1.8602776085744637,-1.2347024838520622,-0.9647967083615165,0.6038922454074589,-0.010365293992710023,0.16998663377907697,0.5279648229899143;1.6129200755454733,1.5674311779466024,0.948221167868835,0.5094352505218451,0.3536034562136767,-0.22040874322680698,1.6622741227625366,-1.010559915915565,1.228395484519289,0.8176145142553797,-0.04777226905962112,-0.5863396007861534,-0.7256686418469303,-0.47903029485418247,-1.214985806950809,-0.7625340095445953,-1.7152568232462928,1.1126759667359827,2.27891237234259,0.49723158832273545,-0.9571008690893378,0.554270623583486,0.08406982316076862,-1.151731601633847,-0.5497198599669926,-1.4162323824401815,-0.7281350594014292,0.1372014872954804,-0.7051929602770346,-2.911502519039403,0.12522087195686293,0.7461321322619489,0.39521511796956044,-0.3729516330010463,-1.2371178919547623,0.7350255513174138,-1.4433201067776036,0.5629758407326482,-1.5954156656934182,-0.14027053015679486,0.5461440254052581,0.9765430232358449,0.2044156887013677,-0.6039130299401125,-0.503251765131796,0.18389343624239451,0.3754319824521989,2.155820121441151,-1.3693820804132704,-1.4364479228094256,-0.4936183557781647,0.14092100649578393,0.2722607401303635,-0.8641471700497183,-1.1939203598020356,-2.1000505628679393,2.220928359447662,1.1756994462290231,0.24078348196303273,0.642019974657997,0.9549746591982748,-0.899436550106452,-0.4051571844132069,0.48882859341795704,2.216355200392451,0.9992901741555736,0.9872272209598478,-0.33837770643869114,-0.4060916098800185,-0.37353427137839706,0.41789432278503846,1.5099108877363394,0.2535011025634512,-0.29632505944008036,-1.4068317087231905,-0.5221457363525871,-1.0938943492761837,0.44694052510067345,0.6380298326976793,0.9582558814939317,1.0706780755732412,1.2294774722343094,-1.998728335653956,-0.18371083484871165,-1.9571409672452493,0.22891114633389142,1.0408032429698753,1.1403495505737957,0.4421025057347121,0.718192671254211,-2.419764266509521,-0.9347711423787942,-0.7509568250719526,-0.725333874967602,-1.2269860621078643,0.462357025372487,-0.2378365103968981,-0.7063402122242796,-1.7029918180252124,-0.3652150551856287,-0.4154025538667492,-0.26342744380815014,-0.46808460803390106,0.6680789740606324,-1.7884433474749197,0.5266134345479598,0.3848420256809296,-0.5386122381958538,0.6282769498368024,-1.5036243138409597,-3.096945811775848,-0.1694806367572902,-2.4926461654690613,-0.8499729882562459,0.09297391721560133,-0.29918590487914665,-0.4806920789559077,2.1399002412259085,1.4449870749291878,-0.4054082063168377,-0.15008749933475957,0.85929028285007,0.8800992406195405,0.861956252246838,0.9053520747795788,-1.0014292747184195,0.17472319624395266,-0.08603344177617478,0.6448170624165986,-1.2015361213542133,0.42858946127459446,1.0755439839724947,-0.24882569439475988,0.06047868566281961,0.6488833305606119,0.6911596845216773,0.08966531974217112,0.6060117596145538,0.07179162414675844,-0.8221892642867094,-0.35896737749788904,-1.4438511647039147,0.4856465720995238,-1.6099496392244366,-0.5126150376088392,0.404485455470603,1.1106049555272048,0.01212106924620221,0.5664986650696668,-2.5572818103210135,0.7895422508694574,-0.1821252901743785,-0.41270196184256425,-0.4294107943249559,-0.969084335007399,-0.43679605329005455,-0.9039676486793023,-0.07602277987289023
3;68;36130.127455472946;2151;1484;0.049707;0.006445;0.153663/0.057297/0.103034/0.089172/0.069323/0.087413/0.053549/0.099516/0.094804/0.101599/0.064294/0.053087/0.140608/0.063066/0.048803/0.04952/0.102286/0.147375/0.055179/0.067192/0.102561/0.074563/0.102544/0.068797/0.071663/0.077804/0.078405/0.067019/0.051518/0.07374/0.081894/0.116761/0.088552/0.074803/0.077904/0.136727/0.083971/0.060678/0.09831/0.060543/0.049126/0.084428/0.079897/0.052452/0.05182/0.086652/0.067684/0.079528/0.053686/0.073662/0.077734/0.1495/0.05834/0.104902/0.104357/0.085687/0.052008/0.049769/0.055292/0.060794/0.059828/0.105342/0.06729/0.080378/0.058825/0.080787/0.06107/0.06245/0.06275/0.060489/0.049707/0.057916/0.089868/0.081538/0.14656/0.133584/0.153175/0.104232/0.076234/0.057005/0.051755/0.0732/0.131105/0.086065/0.058296/0.081623/0.09437/0.098791/0.08711/0.054528/0.060243/0.090501/0.093393/0.134462/0.054506/0.104859/0.055342/0.056518/0.117014/0.074974;0.364523/0.001673/0.332785/0.252011/0.136027/0.290509/0.0/0.343476/0.290987/0.347052/0.210653/0.165537/0.340655/0.240717/0.0/0.0/0.357103/0.367583/0.036223/0.089476/0.312226/0.279245/0.338838/0.036835/0.072493/0.388812/0.119321/0.383887/0.144088/0.086914/0.248903/0.367076/0.415109/0.325298/0.203433/0.580559/0.376113/0.004609/0.652556/0.023409/0.0/0.244284/0.248195/0.0/0.0/0.363863/0.124102/0.341793/0.023476/0.347731/0.18666/0.355219/0.004705/0.352426/0.431652/0.385188/0.0/0.0/0.294564/0.044198/0.227244/0.396213/0.00066/0.390189/0.312924/0.219335/0.118613/0.328826/0.247851/0.016361/0.006445/2.9e-05/0.258637/0.2846/0.375176/0.441052/0.408319/0.378848/0.107416/0.011322/0.435754/0.504203/0.418006/0.300942/0.003232/0.408386/0.42012/0.509912/0.27956/0.000143/0.342721/0.60153/0.283844/0.516988/0.583256/0.381028/9.6e-05/0.005374/0.394568/0.303591;0.09831/0.090501/0.054506/0.051755/0.051518/0.049707/0.048803;0.652556/0.60153/0.583256/0.435754/0.144088/0.006445/0.0;-0.6474822743298478,0.0069879715232879225,0.23068830775153382,1.431663971846271,0.1342516092129053,-0.5279417075935483,-3.310843200518917,0.42789424851544916,-0.03532079585596887,1.9480404485474998,-2.4069464557555653,-2.614775740197765,-2.2131879454886816,-0.5772320038569592,1.4031773810963288,0.48586299557426466,-0.7284343117489969,0.6948953941715839,2.9200953515757275,-0.15761281949601347,0.900056942900339,-1.4615038361594623,-5.503993871197599e-05,0.7561514430344891,-0.06749395515220807,-0.04217855056994979,1.3067989922159295,-0.8291984518570353,0.5945425610861,0.842651274830664,0.7807005674659313,0.20517468981702924,1.8748431713906917,-2.094415874172559,2.1152541834421204,0.11134153574086403,1.4768763372213065,-2.3258939318580474,-0.681776084571525,-0.02391832417261547,-1.9957688417187116,-0.44024205473103384,1.1480895446953834,0.7724847362638428,-0.4267568055456459,0.4885382996407242,-0.42436331626188717,0.9892190223240934,-0.7327919062516425,0.4949514818972468,-0.365817621888491,-1.1448398967768432,1.2891557438444683,1.240959664696422,-0.030690374892937355,-0.4735327848720772,-1.140280645438514,2.2008766196496636,0.7618378990763365,0.25991636262083784,0.393750653253367,1.0266894872504007,0.386944375544071,-1.7573070437631415,-0.49947443046116746,-0.9925477202003397,0.5974744530284297,-0.3035841734218393,-2.929428270239497,-0.0026426390590573723,-1.4129752409544138,-0.561666932285144,-2.3164254858345825,-2.4822376482315853,-1.3406547357028513,0.981164643420434,0.5374974330969378,1.395187136452023,-0.6877630115493059,1.932050492313391,1.4144059305054522,-0.2083180165801315,1.193341019985606,-1.368546376980819,1.5076563463202937,-0.7828364962029323,-0.7552198313413633,-0.5130561935980525,-0.19030112342933775,-1.6232203054361787,1.602379680066642,0.6794490383925076,1.9427249296975746,0.6760524473926285,-1.2133248962054135,-0.7034765490077131,1.0951635522757575,-1.3186452071467358,0.06440396722550669,-0.14570897164993007,0.3294992978661266,-2.6345601847486453,-0.557728145300163,0.3572470485644214,1.2251257774568953,0.7186494158436935,0.12284488922823666,-0.5446857349850026,0.12316798190490855,-1.832193707128875,1.7271072163689394,-2.11969411388641,-1.4984224200744312,-0.633636021105286,0.29405070926471066,-0.6410266020195685,0.9375455396103529,0.5975559973847551,-0.21148858094640552,0.42249689375832605,1.3309813709916978,0.3333854426067281,0.31115926185524756,0.1847766600506833,0.7688874778110147,0.6248586403139748,-1.115173685305252,-0.597342746600392,1.9073578354780363,1.3912622921316666,0.7599489983871115,0.6133766938682089,-0.017103287973727066,0.9753133143747408,-0.8911259181763742,1.4857139440476275,-1.9091974021333087,0.7850891999166494,2.1495851854918433,0.9076090754892714,1.3398637754820744,-0.9661683422139278,0.3815258356841179,0.1844138945208731,0.3478044542147061,0.2244941882179564,0.39107576572891467,1.0708745324191695,0.05822833615033757,0.49403036407853057,-0.43528709525001996,-1.8602776085744637,-1.2347024838520622,-0.9647967083615165,0.6038922454074589,-0.010365293992710023,0.16998663377907697,0.5279648229899143;1.6129200755454733,1.5674311779466024,0.948221167868835,0.5094352505218451,0.3536034562136767,-0.22040874322680698,1.6622741227625366,-1.010559915915565,1.228395484519289,0.8176145142553797,-0.04777226905962112,-0.5863396007861534,-0.7256686418469303,-0.47903029485418247,-1.214985806950809,-0.7625340095445953,-1.7152568232462928,1.1126759667359827,2.27891237234259,0.49723158832273545,-0.9571008690893378,0.554270623583486,0.08406982316076862,-1.151731601633847,-0.5497198599669926,-1.4162323824401815,-0.7281350594014292,0.1372014872954804,-0.7051929602770346,-2.911502519039403,0.12522087195686293,0.7461321322619489,0.39521511796956044,-0.3729516330010463,-1.2371178919547623,0.7350255513174138,-1.4433201067776036,0.5629758407326482,-1.5954156656934182,-0.14027053015679486,0.5461440254052581,0.9765430232358449,0.2044156887013677,-0.6039130299401125,-0.503251765131796,0.18389343624239451,0.3754319824521989,2.155820121441151,-1.3693820804132704,-1.4364479228094256,-0.4936183557781647,0.14092100649578393,0.2722607401303635,-0.8641471700497183,-1.1939203598020356,-2.1000505628679393,2.220928359447662,1.1756994462290231,0.24078348196303273,0.642019974657997,0.9549746591982748,-0.899436550106452,-0.4051571844132069,0.48882859341795704,2.216355200392451,0.9992901741555736,0.9872272209598478,-0.33837770643869114,-0.4060916098800185,-0.37353427137839706,0.41789432278503846,1.5099108877363394,0.2535011025634512,-0.29632505944008036,-1.4068317087231905,-0.5221457363525871,-1.0938943492761837,0.44694052510067345,0.6380298326976793,0.9582558814939317,1.0706780755732412,1.2294774722343094,-1.998728335653956,-0.18371083484871165,-1.9571409672452493,0.22891114633389142,1.0408032429698753,1.1403495505737957,0.4421025057347121,0.718192671254211,-2.419764266509521,-0.9347711423787942,-0.7509568250719526,-0.725333874967602,-1.2269860621078643,0.462357025372487,-0.2378365103968981,-0.7063402122242796,-1.7029918180252124,-0.3652150551856287,-0.4154025538667492,-0.26342744380815014,-0.46808460803390106,0.6680789740606324,-1.7884433474749197,0.5266134345479598,0.3848420256809296,-0.5386122381958538,0.6282769498368024,-1.5036243138409597,-3.096945811775848,-0.1694806367572902,-2.4926461654690613,-0.8499729882562459,0.09297391721560133,-0.29918590487914665,-0.4806920789559077,2.1399002412259085,1.4449870749291878,-0.4054082063168377,-0.15008749933475957,0.85929028285007,0.8800992406195405,0.861956252246838,0.9053520747795788,-1.0014292747184195,0.17472319624395266,-0.08603344177617478,0.6448170624165986,-1.2015361213542133,0.42858946127459446,1.0755439839724947,-0.24882569439475988,0.06047868566281961,0.6488833305606119,0.6911596845216773,0.08966531974217112,0.6060117596145538,0.07179162414675844,-0.8221892642867094,-0.35896737749788904,-1.4438511647039147,0.4856465720995238,-1.6099496392244366,-0.5126150376088392,0.404485455470603,1.1106049555272048,0.01212106924620221,0.5664986650696668,-2.5572818103210135,0.7895422508694574,-0.1821252901743785,-0.41270196184256425,-0.4294107943249559,-0.969084335007399,-0.43679605329005455,-0.9039676486793023,-0.07602277987289023
3;69;36663.33220553398;2151;1484;0.049707;0.006445;0.153663/0.057297/0.103034/0.069323/0.087413/0.053549/0.099516/0.094804/0.101599/0.064294/0.053087/0.140608/0.063066/0.048803/0.04952/0.102286/0.147375/0.055179/0.067192/0.102561/0.074563/0.102544/0.068797/0.071663/0.077804/0.078405/0.067019/0.051518/0.07374/0.081894/0.116761/0.088552/0.074803/0.077904/0.136727/0.083971/0.060678/0.09831/0.060543/0.049126/0.079897/0.052452/0.05182/0.086652/0.067684/0.079528/0.053686/0.073662/0.077734/0.05834/0.104902/0.104357/0.085687/0.052008/0.049769/0.055292/0.060794/0.059828/0.105342/0.06729/0.080378/0.058825/0.080787/0.06107/0.06245/0.06275/0.060489/0.049707/0.057916/0.081538/0.14656/0.133584/0.153175/0.104232/0.076234/0.057005/0.051755/0.0732/0.131105/0.086065/0.058296/0.081623/0.09437/0.098791/0.08711/0.054528/0.060243/0.090501/0.093393/0.134462/0.054506/0.104859/0.055342/0.056518/0.117014/0.074974/0.06617/0.081956/0.079824/0.073163;0.364523/0.001673/0.332785/0.136027/0.290509/0.0/0.343476/0.290987/0.347052/0.210653/0.165537/0.340655/0.240717/0.0/0.0/0.357103/0.367583/0.036223/0.089476/0.312226/0.279245/0.338838/0.036835/0.072493/0.388812/0.119321/0.383887/0.144088/0.086914/0.248903/0.367076/0.415109/0.325298/0.203433/0.580559/0.376113/0.004609/0.652556/0.023409/0.0/0.248195/0.0/0.0/0.363863/0.124102/0.341793/0.023476/0.347731/0.18666/0.004705/0.352426/0.431652/0.385188/0.0/0.0/0.294564/0.044198/0.227244/0.396213/0.00066/0.390189/0.312924/0.219335/0.118613/0.328826/0.247851/0.016361/0.006445/2.9e-05/0.2846/0.375176/0.441052/0.408319/0.378848/0.107416/0.011322/0.435754/0.504203/0.418006/0.300942/0.003232/0.408386/0.42012/0.509912/0.27956/0.000143/0.342721/0.60153/0.283844/0.516988/0.583256/0.381028/9.6e-05/0.005374/0.394568/0.303591/1e-05/0.422252/0.294009/0.000612;0.09831/0.090501/0.054506/0.051755/0.051518/0.049707/0.048803;0.652556/0.60153/0.583256/0.435754/0.144088/0.006445/0.0;-0.6474822743298478,0.0069879715232879225,0.23068830775153382,1.431663971846271,0.1342516092129053,-0.5279417075935483,-3.310843200518917,0.42789424851544916,-0.03532079585596887,1.9480404485474998,-2.4069464557555653,-2.614775740197765,-2.2131879454886816,-0.5772320038569592,1.4031773810963288,0.48586299557426466,-0.7284343117489969,0.6948953941715839,2.9200953515757275,-0.15761281949601347,0.900056942900339,-1.4615038361594623,-5.503993871197599e-05,0.7561514430344891,-0.06749395515220807,-0.04217855056994979,1.3067989922159295,-0.8291984518570353,0.5945425610861,0.842651274830664,0.7807005674659313,0.20517468981702924,1.8748431713906917,-2.094415874172559,2.1152541834421204,0.11134153574086403,1.4768763372213065,-2.3258939318580474,-0.681776084571525,-0.02391832417261547,-1.9957688417187116,-0.44024205473103384,1.1480895446953834,0.7724847362638428,-0.4267568055456459,0.4885382996407242,-0.42436331626188717,0.9892190223240934,-0.7327919062516425,0.4949514818972468,-0.365817621888491,-1.1448398967768432,1.2891557438444683,1.240959664696422,-0.030690374892937355,-0.4735327848720772,-1.140280645438514,2.2008766196496636,0.7618378990763365,0.25991636262083784,0.393750653253367,1.0266894872504007,0.386944375544071,-1.7573070437631415,-0.49947443046116746,-0.9925477202003397,0.5974744530284297,-0.3035841734218393,-2.929428270239497,-0.0026426390590573723,-1.4129752409544138,-0.561666932285144,-2.3164254858345825,-2.4822376482315853,-1.3406547357028513,0.981164643420434,0.5374974330969378,1.395187136452023,-0.6877630115493059,1.932050492313391,1.4144059305054522,-0.2083180165801315,1.193341019985606,-1.368546376980819,1.5076563463202937,-0.7828364962029323,-0.7552198313413633,-0.5130561935980525,-0.19030112342933775,-1.6232203054361787,1.602379680066642,0.6794490383925076,1.9427249296975746,0.6760524473926285,-1.2133248962054135,-0.7034765490077131,1.0951635522757575,-1.3186452071467358,0.06440396722550669,-0.14570897164993007,0.3294992978661266,-2.6345601847486453,-0.557728145300163,0.3572470485644214,1.2251257774568953,0.7186494158436935,0.12284488922823666,-0.5446857349850026,0.12316798190490855,-1.832193707128875,1.7271072163689394,-2.11969411388641,-1.4984224200744312,-0.633636021105286,0.29405070926471066,-0.6410266020195685,0.9375455396103529,0.5975559973847551,-0.21148858094640552,0.42249689375832605,1.3309813709916978,0.3333854426067281,0.31115926185524756,0.1847766600506833,0.7688874778110147,0.6248586403139748,-1.115173685305252,-0.597342746600392,1.9073578354780363,1.3912622921316666,0.7599489983871115,0.6133766938682089,-0.017103287973727066,0.9753133143747408,-0.8911259181763742,1.4857139440476275,-1.9091974021333087,0.7850891999166494,2.1495851854918433,0.9076090754892714,1.3398637754820744,-0.9661683422139278,0.3815258356841179,0.1844138945208731,0.3478044542147061,0.2244941882179564,0.39107576572891467,1.0708745324191695,0.05822833615033757,0.49403036407853057,-0.43528709525001996,-1.8602776085744637,-1.2347024838520622,-0.9647967083615165,0.6038922454074589,-0.010365293992710023,0.16998663377907697,0.5279648229899143;1.6129200755454733,1.5674311779466024,0.948221167868835,0.5094352505218451,0.3536034562136767,-0.22040874322680698,1.6622741227625366,-1.010559915915565,1.228395484519289,0.8176145142553797,-0.04777226905962112,-0.5863396007861534,-0.7256686418469303,-0.47903029485418247,-1.214985806950809,-0.7625340095445953,-1.7152568232462928,1.1126759667359827,2.27891237234259,0.49723158832273545,-0.9571008690893378,0.554270623583486,0.08406982316076862,-1.151731601633847,-0.5497198599669926,-1.4162323824401815,-0.7281350594014292,0.1372014872954804,-0.7051929602770346,-2.911502519039403,0.12522087195686293,0.7461321322619489,0.39521511796956044,-0.3729516330010463,-1.2371178919547623,0.7350255513174138,-1.4433201067776036,0.5629758407326482,-1.5954156656934182,-0.14027053015679486,0.5461440254052581,0.9765430232358449,0.2044156887013677,-0.6039130299401125,-0.503251765131796,0.18389343624239451,0.3754319824521989,2.155820121441151,-1.3693820804132704,-1.4364479228094256,-0.4936183557781647,0.14092100649578393,0.2722607401303635,-0.8641471700497183,-1.1939203598020356,-2.1000505628679393,2.220928359447662,1.1756994462290231,0.24078348196303273,0.642019974657997,0.9549746591982748,-0.899436550106452,-0.4051571844132069,0.48882859341795704,2.216355200392451,0.9992901741555736,0.9872272209598478,-0.33837770643869114,-0.4060916098800185,-0.37353427137839706,0.41789432278503846,1.5099108877363394,0.2535011025634512,-0.29632505944008036,-1.4068317087231905,-0.5221457363525871,-1.0938943492761837,0.44694052510067345,0.6380298326976793,0.9582558814939317,1.0706780755732412,1.2294774722343094,-1.998728335653956,-0.18371083484871165,-1.9571409672452493,0.22891114633389142,1.0408032429698753,1.1403495505737957,0.4421025057347121,0.718192671254211,-2.419764266509521,-0.9347711423787942,-0.7509568250719526,-0.725333874967602,-1.2269860621078643,0.462357025372487,-0.2378365103968981,-0.7063402122242796,-1.7029918180252124,-0.3652150551856287,-0.4154025538667492,-0.26342744380815014,-0.46808460803390106,0.6680789740606324,-1.7884433474749197,0.5266134345479598,0.3848420256809296,-0.5386122381958538,0.6282769498368024,-1.5036243138409597,-3.096945811775848,-0.1694806367572902,-2.4926461654690613,-0.8499729882562459,0.09297391721560133,-0.29918590487914665,-0.4806920789559077,2.1399002412259085,1.4449870749291878,-0.4054082063168377,-0.15008749933475957,0.85929028285007,0.8800992406195405,0.861956252246838,0.9053520747795788,-1.0014292747184195,0.17472319624395266,-0.08603344177617478,0.6448170624165986,-1.2015361213542133,0.42858946127459446,1.0755439839724947,-0.24882569439475988,0.06047868566281961,0.6488833305606119,0.6911596845216773,0.08966531974217112,0.6060117596145538,0.07179162414675844,-0.8221892642867094,-0.35896737749788904,-1.4438511647039147,0.4856465720995238,-1.6099496392244366,-0.5126150376088392,0.404485455470603,1.1106049555272048,0.01212106924620221,0.5664986650696668,-2.5572818103210135,0.7895422508694574,-0.1821252901743785,-0.41270196184256425,-0.4294107943249559,-0.969084335007399,-0.43679605329005455,-0.9039676486793023,-0.07602277987289023
3;70;37196.08569645882;2151;1484;0.049707;0.006445;0.057297/0.103034/0.069323/0.087413/0.053549/0.099516/0.094804/0.101599/0.064294/0.053087/0.140608/0.063066/0.048803/0.04952/0.102286/0.147375/0.055179/0.067192/0.102561/0.074563/0.102544/0.068797/0.071663/0.077804/0.078405/0.067019/0.051518/0.081894/0.116761/0.088552/0.074803/0.077904/0.136727/0.083971/0.060678/0.09831/0.060543/0.049126/0.079897/0.052452/0.05182/0.086652/0.067684/0.079528/0.053686/0.073662/0.077734/0.05834/0.104902/0.104357/0.085687/0.052008/0.049769/0.055292/0.060794/0.059828/0.105342/0.06729/0.080378/0.058825/0.080787/0.06107/0.06245/0.06275/0.060489/0.049707/0.057916/0.081538/0.14656/0.133584/0.153175/0.104232/0.057005/0.051755/0.0732/0.131105/0.086065/0.058296/0.081623/0.09437/0.098791/0.08711/0.054528/0.060243/0.090501/0.093393/0.134462/0.054506/0.104859/0.055342/0.056518/0.117014/0.074974/0.06617/0.081956/0.079824/0.088239/0.061979/0.072933/0.080534;0.001673/0.332785/0.136027/0.290509/0.0/0.343476/0.290987/0.347052/0.210653/0.165537/0.340655/0.240717/0.0/0.0/0.357103/0.367583/0.036223/0.089476/0.312226/0.279245/0.338838/0.036835/0.072493/0.388812/0.119321/0.383887/0.144088/0.248903/0.367076/0.415109/0.325298/0.203433/0.580559/0.376113/0.004609/0.652556/0.023409/0.0/0.248195/0.0/0.0/0.363863/0.124102/0.341793/0.023476/0.347731/0.18666/0.004705/0.352426/0.431652/0.385188/0.0/0.0/0.294564/0.044198/0.227244/0.396213/0.00066/0.390189/0.312924/0.219335/0.118613/0.328826/0.247851/0.016361/0.006445/2.9e-05/0.2846/0.375176/0.441052/0.408319/0.378848/0.011322/0.435754/0.504203/0.418006/0.300942/0.003232/0.408386/0.42012/0.509912/0.27956/0.000143/0.342721/0.60153/0.283844/0.516988/0.583256/0.381028/9.6e-05/0.005374/0.394568/0.303591/1e-05/0.422252/0.294009/0.299613/0.294124/0.107923/0.347148;0.09831/0.090501/0.054506/0.051755/0.051518/0.049707/0.048803;0.652556/0.60153/0.583256/0.435754/0.144088/0.006445/0.0;-0.6474822743298478,0.0069879715232879225,0.23068830775153382,1.431663971846271,0.1342516092129053,-0.5279417075935483,-3.310843200518917,0.42789424851544916,-0.03532079585596887,1.9480404485474998,-2.4069464557555653,-2.614775740197765,-2.2131879454886816,-0.5772320038569592,1.4031773810963288,0.48586299557426466,-0.7284343117489969,0.6948953941715839,2.9200953515757275,-0.15761281949601347,0.900056942900339,-1.4615038361594623,-5.503993871197599e-05,0.7561514430344891,-0.06749395515220807,-0.04217855056994979,1.3067989922159295,-0.8291984518570353,0.5945425610861,0.842651274830664,0.7807005674659313,0.20517468981702924,1.8748431713906917,-2.094415874172559,2.1152541834421204,0.11134153574086403,1.4768763372213065,-2.3258939318580474,-0.681776084571525,-0.02391832417261547,-1.9957688417187116,-0.44024205473103384,1.1480895446953834,0.7724847362638428,-0.4267568055456459,0.4885382996407242,-0.42436331626188717,0.9892190223240934,-0.7327919062516425,0.4949514818972468,-0.365817621888491,-1.1448398967768432,1.2891557438444683,1.240959664696422,-0.030690374892937355,-0.4735327848720772,-1.140280645438514,2.2008766196496636,0.7618378990763365,0.25991636262083784,0.393750653253367,1.0266894872504007,0.386944375544071,-1.7573070437631415,-0.49947443046116746,-0.9925477202003397,0.5974744530284297,-0.3035841734218393,-2.929428270239497,-0.0026426390590573723,-1.4129752409544138,-0.561666932285144,-2.3164254858345825,-2.4822376482315853,-1.3406547357028513,0.981164643420434,0.5374974330969378,1.395187136452023,-0.6877630115493059,1.932050492313391,1.4144059305054522,-0.2083180165801315,1.193341019985606,-1.368546376980819,1.5076563463202937,-0.7828364962029323,-0.7552198313413633,-0.5130561935980525,-0.19030112342933775,-1.6232203054361787,1.602379680066642,0.6794490383925076,1.9427249296975746,0.6760524473926285,-1.2133248962054135,-0.7034765490077131,1.0951635522757575,-1.3186452071467358,0.06440396722550669,-0.14570897164993007,0.3294992978661266,-2.6345601847486453,-0.557728145300163,0.3572470485644214,1.2251257774568953,0.7186494158436935,0.12284488922823666,-0.5446857349850026,0.12316798190490855,-1.832193707128875,1.7271072163689394,-2.11969411388641,-1.4984224200744312,-0.633636021105286,0.29405070926471066,-0.6410266020195685,0.9375455396103529,0.5975559973847551,-0.21148858094640552,0.42249689375832605,1.3309813709916978,0.3333854426067281,0.31115926185524756,0.1847766600506833,0.7688874778110147,0.6248586403139748,-1.115173685305252,-0.597342746600392,1.9073578354780363,1.3912622921316666,0.7599489983871115,0.6133766938682089,-0.017103287973727066,0.9753133143747408,-0.8911259181763742,1.4857139440476275,-1.9091974021333087,0.7850891999166494,2.1495851854918433,0.9076090754892714,1.3398637754820744,-0.9661683422139278,0.3815258356841179,0.1844138945208731,0.3478044542147061,0.2244941882179564,0.39107576572891467,1.0708745324191695,0.05822833615033757,0.49403036407853057,-0.43528709525001996,-1.8602776085744637,-1.2347024838520622,-0.9647967083615165,0.6038922454074589,-0.010365293992710023,0.16998663377907697,0.5279648229899143;1.6129200755454733,1.5674311779466024,0.948221167868835,0.5094352505218451,0.3536034562136767,-0.22040874322680698,1.6622741227625366,-1.010559915915565,1.228395484519289,0.8176145142553797,-0.04777226905962112,-0.5863396007861534,-0.7256686418469303,-0.47903029485418247,-1.214985806950809,-0.7625340095445953,-1.7152568232462928,1.1126759667359827,2.27891237234259,0.49723158832273545,-0.9571008690893378,0.554270623583486,0.08406982316076862,-1.151731601633847,-0.5497198599669926,-1.4162323824401815,-0.7281350594014292,0.1372014872954804,-0.7051929602770346,-2.911502519039403,0.12522087195686293,0.7461321322619489,0.39521511796956044,-0.3729516330010463,-1.2371178919547623,0.7350255513174138,-1.4433201067776036,0.5629758407326482,-1.5954156656934182,-0.14027053015679486,0.5461440254052581,0.9765430232358449,0.2044156887013677,-0.6039130299401125,-0.503251765131796,0.18389343624239451,0.3754319824521989,2.155820121441151,-1.3693820804132704,-1.4364479228094256,-0.4936183557781647,0.14092100649578393,0.2722607401303635,-0.8641471700497183,-1.1939203598020356,-2.1000505628679393,2.220928359447662,1.1756994462290231,0.24078348196303273,0.642019974657997,0.9549746591982748,-0.899436550106452,-0.4051571844132069,0.48882859341795704,2.216355200392451,0.9992901741555736,0.9872272209598478,-0.33837770643869114,-0.4060916098800185,-0.37353427137839706,0.41789432278503846,1.5099108877363394,0.2535011025634512,-0.29632505944008036,-1.4068317087231905,-0.5221457363525871,-1.0938943492761837,0.44694052510067345,0.6380298326976793,0.9582558814939317,1.0706780755732412,1.2294774722343094,-1.998728335653956,-0.18371083484871165,-1.9571409672452493,0.22891114633389142,1.0408032429698753,1.1403495505737957,0.4421025057347121,0.718192671254211,-2.419764266509521,-0.9347711423787942,-0.7509568250719526,-0.725333874967602,-1.2269860621078643,0.462357025372487,-0.2378365103968981,-0.7063402122242796,-1.7029918180252124,-0.3652150551856287,-0.4154025538667492,-0.26342744380815014,-0.46808460803390106,0.6680789740606324,-1.7884433474749197,0.5266134345479598,0.3848420256809296,-0.5386122381958538,0.6282769498368024,-1.5036243138409597,-3.096945811775848,-0.1694806367572902,-2.4926461654690613,-0.8499729882562459,0.09297391721560133,-0.29918590487914665,-0.4806920789559077,2.1399002412259085,1.4449870749291878,-0.4054082063168377,-0.15008749933475957,0.85929028285007,0.8800992406195405,0.861956252246838,0.9053520747795788,-1.0014292747184195,0.17472319624395266,-0.08603344177617478,0.6448170624165986,-1.2015361213542133,0.42858946127459446,1.0755439839724947,-0.24882569439475988,0.06047868566281961,0.6488833305606119,0.6911596845216773,0.08966531974217112,0.6060117596145538,0.07179162414675844,-0.8221892642867094,-0.35896737749788904,-1.4438511647039147,0.4856465720995238,-1.6099496392244366,-0.5126150376088392,0.404485455470603,1.1106049555272048,0.01212106924620221,0.5664986650696668,-2.5572818103210135,0.7895422508694574,-0.1821252901743785,-0.41270196184256425,-0.4294107943249559,-0.969084335007399,-0.43679605329005455,-0.9039676486793023,-0.07602277987289023
3;71;37737.65366911888;2151;1484;0.049707;0.006445;0.057297/0.069323/0.087413/0.099516/0.094804/0.101599/0.064294/0.053087/0.063066/0.048803/0.04952/0.102286/0.147375/0.055179/0.067192/0.074563/0.068797/0.071663/0.077804/0.078405/0.067019/0.051518/0.081894/0.116761/0.088552/0.074803/0.077904/0.136727/0.083971/0.060678/0.09831/0.060543/0.049126/0.079897/0.05182/0.086652/0.067684/0.079528/0.053686/0.073662/0.077734/0.05834/0.104902/0.104357/0.085687/0.052008/0.049769/0.055292/0.060794/0.059828/0.105342/0.06729/0.080378/0.058825/0.080787/0.06107/0.06245/0.06275/0.060489/0.049707/0.057916/0.081538/0.14656/0.133584/0.153175/0.104232/0.057005/0.051755/0.0732/0.131105/0.086065/0.058296/0.081623/0.09437/0.098791/0.08711/0.054528/0.060243/0.090501/0.093393/0.134462/0.054506/0.104859/0.055342/0.056518/0.117014/0.074974/0.06617/0.081956/0.079824/0.088239/0.061979/0.072933/0.080534/0.084655/0.079567/0.093696/0.059445/0.052213/0.052153;0.001673/0.136027/0.290509/0.343476/0.290987/0.347052/0.210653/0.165537/0.240717/0.0/0.0/0.357103/0.367583/0.036223/0.089476/0.279245/0.036835/0.072493/0.388812/0.119321/0.383887/0.144088/0.248903/0.367076/0.415109/0.325298/0.203433/0.580559/0.376113/0.004609/0.652556/0.023409/0.0/0.248195/0.0/0.363863/0.124102/0.341793/0.023476/0.347731/0.18666/0.004705/0.352426/0.431652/0.385188/0.0/0.0/0.294564/0.044198/0.227244/0.396213/0.00066/0.390189/0.312924/0.219335/0.118613/0.328826/0.247851/0.016361/0.006445/2.9e-05/0.2846/0.375176/0.441052/0.408319/0.378848/0.011322/0.435754/0.504203/0.418006/0.300942/0.003232/0.408386/0.42012/0.509912/0.27956/0.000143/0.342721/0.60153/0.283844/0.516988/0.583256/0.381028/9.6e-05/0.005374/0.394568/0.303591/1e-05/0.422252/0.294009/0.299613/0.294124/0.107923/0.347148/0.397648/0.361301/0.348076/0.011781/0.0/0.0;0.09831/0.090501/0.054506/0.051755/0.051518/0.049707/0.048803;0.652556/0.60153/0.583256/0.435754/0.144088/0.006445/0.0;-0.6474822743298478,0.0069879715232879225,0.23068830775153382,1.431663971846271,0.1342516092129053,-0.5279417075935483,-3.310843200518917,0.42789424851544916,-0.03532079585596887,1.9480404485474998,-2.4069464557555653,-2.614775740197765,-2.2131879454886816,-0.5772320038569592,1.4031773810963288,0.48586299557426466,-0.7284343117489969,0.6948953941715839,2.9200953515757275,-0.15761281949601347,0.900056942900339,-1.4615038361594623,-5.503993871197599e-05,0.7561514430344891,-0.06749395515220807,-0.04217855056994979,1.3067989922159295,-0.8291984518570353,0.5945425610861,0.842651274830664,0.7807005674659313,0.20517468981702924,1.8748431713906917,-2.094415874172559,2.1152541834421204,0.11134153574086403,1.4768763372213065,-2.3258939318580474,-0.681776084571525,-0.02391832417261547,-1.9957688417187116,-0.44024205473103384,1.1480895446953834,0.7724847362638428,-0.4267568055456459,0.4885382996407242,-0.42436331626188717,0.9892190223240934,-0.7327919062516425,0.4949514818972468,-0.365817621888491,-1.1448398967768432,1.2891557438444683,1.240959664696422,-0.030690374892937355,-0.4735327848720772,-1.140280645438514,2.2008766196496636,0.7618378990763365,0.25991636262083784,0.393750653253367,1.0266894872504007,0.386944375544071,-1.7573070437631415,-0.49947443046116746,-0.9925477202003397,0.5974744530284297,-0.3035841734218393,-2.929428270239497,-0.0026426390590573723,-1.4129752409544138,-0.561666932285144,-2.3164254858345825,-2.4822376482315853,-1.3406547357028513,0.981164643420434,0.5374974330969378,1.395187136452023,-0.6877630115493059,1.932050492313391,1.4144059305054522,-0.2083180165801315,1.193341019985606,-1.368546376980819,1.5076563463202937,-0.7828364962029323,-0.7552198313413633,-0.5130561935980525,-0.19030112342933775,-1.6232203054361787,1.602379680066642,0.6794490383925076,1.9427249296975746,0.6760524473926285,-1.2133248962054135,-0.7034765490077131,1.0951635522757575,-1.3186452071467358,0.06440396722550669,-0.14570897164993007,0.3294992978661266,-2.6345601847486453,-0.557728145300163,0.3572470485644214,1.2251257774568953,0.7186494158436935,0.12284488922823666,-0.5446857349850026,0.12316798190490855,-1.832193707128875,1.7271072163689394,-2.11969411388641,-1.4984224200744312,-0.633636021105286,0.29405070926471066,-0.6410266020195685,0.9375455396103529,0.5975559973847551,-0.21148858094640552,0.42249689375832605,1.3309813709916978,0.3333854426067281,0.31115926185524756,0.1847766600506833,0.7688874778110147,0.6248586403139748,-1.115173685305252,-0.597342746600392,1.9073578354780363,1.3912622921316666,0.7599489983871115,0.6133766938682089,-0.017103287973727066,0.9753133143747408,-0.8911259181763742,1.4857139440476275,-1.9091974021333087,0.7850891999166494,2.1495851854918433,0.9076090754892714,1.3398637754820744,-0.9661683422139278,0.3815258356841179,0.1844138945208731,0.3478044542147061,0.2244941882179564,0.39107576572891467,1.0708745324191695,0.05822833615033757,0.49403036407853057,-0.43528709525001996,-1.8602776085744637,-1.2347024838520622,-0.9647967083615165,0.6038922454074589,-0.010365293992710023,0.16998663377907697,0.5279648229899143;1.6129200755454733,1.5674311779466024,0.948221167868835,0.5094352505218451,0.3536034562136767,-0.22040874322680698,1.6622741227625366,-1.010559915915565,1.228395484519289,0.8176145142553797,-0.04777226905962112,-0.5863396007861534,-0.7256686418469303,-0.47903029485418247,-1.214985806950809,-0.7625340095445953,-1.7152568232462928,1.1126759667359827,2.27891237234259,0.49723158832273545,-0.9571008690893378,0.554270623583486,0.08406982316076862,-1.151731601633847,-0.5497198599669926,-1.4162323824401815,-0.7281350594014292,0.1372014872954804,-0.7051929602770346,-2.911502519039403,0.12522087195686293,0.7461321322619489,0.39521511796956044,-0.3729516330010463,-1.2371178919547623,0.7350255513174138,-1.4433201067776036,0.5629758407326482,-1.5954156656934182,-0.14027053015679486,0.5461440254052581,0.9765430232358449,0.2044156887013677,-0.6039130299401125,-0.503251765131796,0.18389343624239451,0.3754319824521989,2.155820121441151,-1.3693820804132704,-1.4364479228094256,-0.4936183557781647,0.14092100649578393,0.2722607401303635,-0.8641471700497183,-1.1939203598020356,-2.1000505628679393,2.220928359447662,1.1756994462290231,0.24078348196303273,0.642019974657997,0.9549746591982748,-0.899436550106452,-0.4051571844132069,0.48882859341795704,2.216355200392451,0.9992901741555736,0.9872272209598478,-0.33837770643869114,-0.4060916098800185,-0.37353427137839706,0.41789432278503846,1.5099108877363394,0.2535011025634512,-0.29632505944008036,-1.4068317087231905,-0.5221457363525871,-1.0938943492761837,0.44694052510067345,0.6380298326976793,0.9582558814939317,1.0706780755732412,1.2294774722343094,-1.998728335653956,-0.18371083484871165,-1.9571409672452493,0.22891114633389142,1.0408032429698753,1.1403495505737957,0.4421025057347121,0.718192671254211,-2.419764266509521,-0.9347711423787942,-0.7509568250719526,-0.725333874967602,-1.2269860621078643,0.462357025372487,-0.2378365103968981,-0.7063402122242796,-1.7029918180252124,-0.3652150551856287,-0.4154025538667492,-0.26342744380815014,-0.46808460803390106,0.6680789740606324,-1.7884433474749197,0.5266134345479598,0.3848420256809296,-0.5386122381958538,0.6282769498368024,-1.5036243138409597,-3.096945811775848,-0.1694806367572902,-2.4926461654690613,-0.8499729882562459,0.09297391721560133,-0.29918590487914665,-0.4806920789559077,2.1399002412259085,1.4449870749291878,-0.4054082063168377,-0.15008749933475957,0.85929028285007,0.8800992406195405,0.861956252246838,0.9053520747795788,-1.0014292747184195,0.17472319624395266,-0.08603344177617478,0.6448170624165986,-1.2015361213542133,0.42858946127459446,1.0755439839724947,-0.24882569439475988,0.06047868566281961,0.6488833305606119,0.6911596845216773,0.08966531974217112,0.6060117596145538,0.07179162414675844,-0.8221892642867094,-0.35896737749788904,-1.4438511647039147,0.4856465720995238,-1.6099496392244366,-0.5126150376088392,0.404485455470603,1.1106049555272048,0.01212106924620221,0.5664986650696668,-2.5572818103210135,0.7895422508694574,-0.1821252901743785,-0.41270196184256425,-0.4294107943249559,-0.969084335007399,-0.43679605329005455,-0.9039676486793023,-0.07602277987289023
3;72;38286.26146483421;2151;1484;0.049707;0.006445;0.057297/0.069323/0.087413/0.099516/0.094804/0.101599/0.064294/0.053087/0.063066/0.048803/0.04952/0.102286/0.147375/0.055179/0.067192/0.074563/0.068797/0.071663/0.077804/0.078405/0.067019/0.051518/0.081894/0.116761/0.088552/0.074803/0.077904/0.136727/0.083971/0.060678/0.09831/0.060543/0.049126/0.079897/0.05182/0.086652/0.067684/0.079528/0.053686/0.073662/0.077734/0.05834/0.104902/0.104357/0.085687/0.052008/0.049769/0.055292/0.060794/0.059828/0.105342/0.06729/0.080378/0.058825/0.06107/0.06245/0.06275/0.060489/0.049707/0.057916/0.081538/0.14656/0.133584/0.153175/0.104232/0.057005/0.051755/0.0732/0.131105/0.086065/0.058296/0.081623/0.09437/0.098791/0.08711/0.054528/0.060243/0.090501/0.093393/0.134462/0.054506/0.104859/0.055342/0.056518/0.117014/0.074974/0.06617/0.081956/0.079824/0.088239/0.061979/0.072933/0.080534/0.084655/0.079567/0.093696/0.059445/0.052213/0.052153/0.134032;0.001673/0.136027/0.290509/0.343476/0.290987/0.347052/0.210653/0.165537/0.240717/0.0/0.0/0.357103/0.367583/0.036223/0.089476/0.279245/0.036835/0.072493/0.388812/0.119321/0.383887/0.144088/0.248903/0.367076/0.415109/0.325298/0.203433/0.580559/0.376113/0.004609/0.652556/0.023409/0.0/0.248195/0.0/0.363863/0.124102/0.341793/0.023476/0.347731/0.18666/0.004705/0.352426/0.431652/0.385188/0.0/0.0/0.294564/0.044198/0.227244/0.396213/0.00066/0.390189/0.312924/0.118613/0.328826/0.247851/0.016361/0.006445/2.9e-05/0.2846/0.375176/0.441052/0.408319/0.378848/0.011322/0.435754/0.504203/0.418006/0.300942/0.003232/0.408386/0.42012/0.509912/0.27956/0.000143/0.342721/0.60153/0.283844/0.516988/0.583256/0.381028/9.6e-05/0.005374/0.394568/0.303591/1e-05/0.422252/0.294009/0.299613/0.294124/0.107923/0.347148/0.397648/0.361301/0.348076/0.011781/0.0/0.0/0.398432;0.09831/0.090501/0.054506/0.051755/0.051518/0.049707/0.048803;0.652556/0.60153/0.583256/0.435754/0.144088/0.006445/0.0;-0.6474822743298478,0.0069879715232879225,0.23068830775153382,1.431663971846271,0.1342516092129053,-0.5279417075935483,-3.310843200518917,0.42789424851544916,-0.03532079585596887,1.9480404485474998,-2.4069464557555653,-2.614775740197765,-2.2131879454886816,-0.5772320038569592,1.4031773810963288,0.48586299557426466,-0.7284343117489969,0.6948953941715839,2.9200953515757275,-0.15761281949601347,0.900056942900339,-1.4615038361594623,-5.503993871197599e-05,0.7561514430344891,-0.06749395515220807,-0.04217855056994979,1.3067989922159295,-0.8291984518570353,0.5945425610861,0.842651274830664,0.7807005674659313,0.20517468981702924,1.8748431713906917,-2.094415874172559,2.1152541834421204,0.11134153574086403,1.4768763372213065,-2.3258939318580474,-0.681776084571525,-0.02391832417261547,-1.9957688417187116,-0.44024205473103384,1.1480895446953834,0.7724847362638428,-0.4267568055456459,0.4885382996407242,-0.42436331626188717,0.9892190223240934,-0.7327919062516425,0.4949514818972468,-0.365817621888491,-1.1448398967768432,1.2891557438444683,1.240959664696422,-0.030690374892937355,-0.4735327848720772,-1.140280645438514,2.2008766196496636,0.7618378990763365,0.25991636262083784,0.393750653253367,1.0266894872504007,0.386944375544071,-1.7573070437631415,-0.49947443046116746,-0.9925477202003397,0.5974744530284297,-0.3035841734218393,-2.929428270239497,-0.0026426390590573723,-1.4129752409544138,-0.561666932285144,-2.3164254858345825,-2.4822376482315853,-1.3406547357028513,0.981164643420434,0.5374974330969378,1.395187136452023,-0.6877630115493059,1.932050492313391,1.4144059305054522,-0.2083180165801315,1.193341019985606,-1.368546376980819,1.5076563463202937,-0.7828364962029323,-0.7552198313413633,-0.5130561935980525,-0.19030112342933775,-1.6232203054361787,1.602379680066642,0.6794490383925076,1.9427249296975746,0.6760524473926285,-1.2133248962054135,-0.7034765490077131,1.0951635522757575,-1.3186452071467358,0.06440396722550669,-0.14570897164993007,0.3294992978661266,-2.6345601847486453,-0.557728145300163,0.3572470485644214,1.2251257774568953,0.7186494158436935,0.12284488922823666,-0.5446857349850026,0.12316798190490855,-1.832193707128875,1.7271072163689394,-2.11969411388641,-1.4984224200744312,-0.633636021105286,0.29405070926471066,-0.6410266020195685,0.9375455396103529,0.5975559973847551,-0.21148858094640552,0.42249689375832605,1.3309813709916978,0.3333854426067281,0.31115926185524756,0.1847766600506833,0.7688874778110147,0.6248586403139748,-1.115173685305252,-0.597342746600392,1.9073578354780363,1.3912622921316666,0.7599489983871115,0.6133766938682089,-0.017103287973727066,0.9753133143747408,-0.8911259181763742,1.4857139440476275,-1.9091974021333087,0.7850891999166494,2.1495851854918433,0.9076090754892714,1.3398637754820744,-0.9661683422139278,0.3815258356841179,0.1844138945208731,0.3478044542147061,0.2244941882179564,0.39107576572891467,1.0708745324191695,0.05822833615033757,0.49403036407853057,-0.43528709525001996,-1.8602776085744637,-1.2347024838520622,-0.9647967083615165,0.6038922454074589,-0.010365293992710023,0.16998663377907697,0.5279648229899143;1.6129200755454733,1.5674311779466024,0.948221167868835,0.5094352505218451,0.3536034562136767,-0.22040874322680698,1.6622741227625366,-1.010559915915565,1.228395484519289,0.8176145142553797,-0.04777226905962112,-0.5863396007861534,-0.7256686418469303,-0.47903029485418247,-1.214985806950809,-0.7625340095445953,-1.7152568232462928,1.1126759667359827,2.27891237234259,0.49723158832273545,-0.9571008690893378,0.554270623583486,0.08406982316076862,-1.151731601633847,-0.5497198599669926,-1.4162323824401815,-0.7281350594014292,0.1372014872954804,-0.7051929602770346,-2.911502519039403,0.12522087195686293,0.7461321322619489,0.39521511796956044,-0.3729516330010463,-1.2371178919547623,0.7350255513174138,-1.4433201067776036,0.5629758407326482,-1.5954156656934182,-0.14027053015679486,0.5461440254052581,0.9765430232358449,0.2044156887013677,-0.6039130299401125,-0.503251765131796,0.18389343624239451,0.3754319824521989,2.155820121441151,-1.3693820804132704,-1.4364479228094256,-0.4936183557781647,0.14092100649578393,0.2722607401303635,-0.8641471700497183,-1.1939203598020356,-2.1000505628679393,2.220928359447662,1.1756994462290231,0.24078348196303273,0.642019974657997,0.9549746591982748,-0.899436550106452,-0.4051571844132069,0.48882859341795704,2.216355200392451,0.9992901741555736,0.9872272209598478,-0.33837770643869114,-0.4060916098800185,-0.37353427137839706,0.41789432278503846,1.5099108877363394,0.2535011025634512,-0.29632505944008036,-1.4068317087231905,-0.5221457363525871,-1.0938943492761837,0.44694052510067345,0.6380298326976793,0.9582558814939317,1.0706780755732412,1.2294774722343094,-1.998728335653956,-0.18371083484871165,-1.9571409672452493,0.22891114633389142,1.0408032429698753,1.1403495505737957,0.4421025057347121,0.718192671254211,-2.419764266509521,-0.9347711423787942,-0.7509568250719526,-0.725333874967602,-1.2269860621078643,0.462357025372487,-0.2378365103968981,-0.7063402122242796,-1.7029918180252124,-0.3652150551856287,-0.4154025538667492,-0.26342744380815014,-0.46808460803390106,0.6680789740606324,-1.7884433474749197,0.5266134345479598,0.3848420256809296,-0.5386122381958538,0.6282769498368024,-1.5036243138409597,-3.096945811775848,-0.1694806367572902,-2.4926461654690613,-0.8499729882562459,0.09297391721560133,-0.29918590487914665,-0.4806920789559077,2.1399002412259085,1.4449870749291878,-0.4054082063168377,-0.15008749933475957,0.85929028285007,0.8800992406195405,0.861956252246838,0.9053520747795788,-1.0014292747184195,0.17472319624395266,-0.08603344177617478,0.6448170624165986,-1.2015361213542133,0.42858946127459446,1.0755439839724947,-0.24882569439475988,0.06047868566281961,0.6488833305606119,0.6911596845216773,0.08966531974217112,0.6060117596145538,0.07179162414675844,-0.8221892642867094,-0.35896737749788904,-1.4438511647039147,0.4856465720995238,-1.6099496392244366,-0.5126150376088392,0.404485455470603,1.1106049555272048,0.01212106924620221,0.5664986650696668,-2.5572818103210135,0.7895422508694574,-0.1821252901743785,-0.41270196184256425,-0.4294107943249559,-0.969084335007399,-0.43679605329005455,-0.9039676486793023,-0.07602277987289023
3;73;38825.7681825161;2151;1484;0.049707;0.006445;0.057297/0.069323/0.087413/0.099516/0.094804/0.101599/0.064294/0.053087/0.063066/0.048803/0.04952/0.102286/0.147375/0.055179/0.067192/0.074563/0.071663/0.077804/0.067019/0.051518/0.116761/0.088552/0.074803/0.077904/0.136727/0.083971/0.060678/0.09831/0.060543/0.049126/0.079897/0.05182/0.086652/0.067684/0.079528/0.053686/0.073662/0.077734/0.05834/0.104902/0.104357/0.085687/0.052008/0.049769/0.055292/0.060794/0.059828/0.105342/0.06729/0.080378/0.058825/0.06107/0.06245/0.06275/0.060489/0.049707/0.057916/0.081538/0.14656/0.133584/0.153175/0.104232/0.057005/0.051755/0.0732/0.131105/0.086065/0.058296/0.081623/0.09437/0.098791/0.08711/0.054528/0.060243/0.090501/0.093393/0.134462/0.054506/0.104859/0.055342/0.056518/0.117014/0.074974/0.06617/0.081956/0.079824/0.088239/0.061979/0.072933/0.080534/0.084655/0.079567/0.093696/0.059445/0.052213/0.052153/0.134032/0.091298/0.05097/0.051158;0.001673/0.136027/0.290509/0.343476/0.290987/0.347052/0.210653/0.165537/0.240717/0.0/0.0/0.357103/0.367583/0.036223/0.089476/0.279245/0.072493/0.388812/0.383887/0.144088/0.367076/0.415109/0.325298/0.203433/0.580559/0.376113/0.004609/0.652556/0.023409/0.0/0.248195/0.0/0.363863/0.124102/0.341793/0.023476/0.347731/0.18666/0.004705/0.352426/0.431652/0.385188/0.0/0.0/0.294564/0.044198/0.227244/0.396213/0.00066/0.390189/0.312924/0.118613/0.328826/0.247851/0.016361/0.006445/2.9e-05/0.2846/0.375176/0.441052/0.408319/0.378848/0.011322/0.435754/0.504203/0.418006/0.300942/0.003232/0.408386/0.42012/0.509912/0.27956/0.000143/0.342721/0.60153/0.283844/0.516988/0.583256/0.381028/9.6e-05/0.005374/0.394568/0.303591/1e-05/0.422252/0.294009/0.299613/0.294124/0.107923/0.347148/0.397648/0.361301/0.348076/0.011781/0.0/0.0/0.398432/0.395668/0.226153/0.212795;0.09831/0.090501/0.054506/0.051755/0.05097/0.049707/0.048803;0.652556/0.60153/0.583256/0.435754/0.226153/0.006445/0.0;-0.6474822743298478,0.0069879715232879225,0.23068830775153382,1.431663971846271,0.1342516092129053,-0.5279417075935483,-3.310843200518917,0.42789424851544916,-0.03532079585596887,1.9480404485474998,-2.4069464557555653,-2.614775740197765,-2.2131879454886816,-0.5772320038569592,1.4031773810963288,0.48586299557426466,-0.7284343117489969,0.6948953941715839,2.9200953515757275,-0.15761281949601347,0.900056942900339,-1.4615038361594623,-5.503993871197599e-05,0.7561514430344891,-0.06749395515220807,-0.04217855056994979,1.3067989922159295,-0.8291984518570353,0.5945425610861,0.842651274830664,0.7807005674659313,0.20517468981702924,1.8748431713906917,-2.094415874172559,2.1152541834421204,0.11134153574086403,1.4768763372213065,-2.3258939318580474,-0.681776084571525,-0.02391832417261547,-1.9957688417187116,-0.44024205473103384,1.1480895446953834,0.7724847362638428,-0.4267568055456459,0.4885382996407242,-0.42436331626188717,0.9892190223240934,-0.7327919062516425,0.4949514818972468,-0.365817621888491,-1.1448398967768432,1.2891557438444683,1.240959664696422,-0.030690374892937355,-0.4735327848720772,-1.140280645438514,2.2008766196496636,0.7618378990763365,0.25991636262083784,0.393750653253367,1.0266894872504007,0.386944375544071,-1.7573070437631415,-0.49947443046116746,-0.9925477202003397,0.5974744530284297,-0.3035841734218393,-2.929428270239497,-0.0026426390590573723,-1.4129752409544138,-0.561666932285144,-2.3164254858345825,-2.4822376482315853,-1.3406547357028513,0.981164643420434,0.5374974330969378,1.395187136452023,-0.6877630115493059,1.932050492313391,1.4144059305054522,-0.2083180165801315,1.193341019985606,-1.368546376980819,1.5076563463202937,-0.7828364962029323,-0.7552198313413633,-0.5130561935980525,-0.19030112342933775,-1.6232203054361787,1.602379680066642,0.6794490383925076,1.9427249296975746,0.6760524473926285,-1.2133248962054135,-0.7034765490077131,1.0951635522757575,-1.3186452071467358,0.06440396722550669,-0.14570897164993007,0.3294992978661266,-2.6345601847486453,-0.557728145300163,0.3572470485644214,1.2251257774568953,0.7186494158436935,0.12284488922823666,-0.5446857349850026,0.12316798190490855,-1.832193707128875,1.7271072163689394,-2.11969411388641,-1.4984224200744312,-0.633636021105286,0.29405070926471066,-0.6410266020195685,0.9375455396103529,0.5975559973847551,-0.21148858094640552,0.42249689375832605,1.3309813709916978,0.3333854426067281,0.31115926185524756,0.1847766600506833,0.7688874778110147,0.6248586403139748,-1.115173685305252,-0.597342746600392,1.9073578354780363,1.3912622921316666,0.7599489983871115,0.6133766938682089,-0.017103287973727066,0.9753133143747408,-0.8911259181763742,1.4857139440476275,-1.9091974021333087,0.7850891999166494,2.1495851854918433,0.9076090754892714,1.3398637754820744,-0.9661683422139278,0.3815258356841179,0.1844138945208731,0.3478044542147061,0.2244941882179564,0.39107576572891467,1.0708745324191695,0.05822833615033757,0.49403036407853057,-0.43528709525001996,-1.8602776085744637,-1.2347024838520622,-0.9647967083615165,0.6038922454074589,-0.010365293992710023,0.16998663377907697,0.5279648229899143;1.6129200755454733,1.5674311779466024,0.948221167868835,0.5094352505218451,0.3536034562136767,-0.22040874322680698,1.6622741227625366,-1.010559915915565,1.228395484519289,0.8176145142553797,-0.04777226905962112,-0.5863396007861534,-0.7256686418469303,-0.47903029485418247,-1.214985806950809,-0.7625340095445953,-1.7152568232462928,1.1126759667359827,2.27891237234259,0.49723158832273545,-0.9571008690893378,0.554270623583486,0.08406982316076862,-1.151731601633847,-0.5497198599669926,-1.4162323824401815,-0.7281350594014292,0.1372014872954804,-0.7051929602770346,-2.911502519039403,0.12522087195686293,0.7461321322619489,0.39521511796956044,-0.3729516330010463,-1.2371178919547623,0.7350255513174138,-1.4433201067776036,0.5629758407326482,-1.5954156656934182,-0.14027053015679486,0.5461440254052581,0.9765430232358449,0.2044156887013677,-0.6039130299401125,-0.503251765131796,0.18389343624239451,0.3754319824521989,2.155820121441151,-1.3693820804132704,-1.4364479228094256,-0.4936183557781647,0.14092100649578393,0.2722607401303635,-0.8641471700497183,-1.1939203598020356,-2.1000505628679393,2.220928359447662,1.1756994462290231,0.24078348196303273,0.642019974657997,0.9549746591982748,-0.899436550106452,-0.4051571844132069,0.48882859341795704,2.216355200392451,0.9992901741555736,0.9872272209598478,-0.33837770643869114,-0.4060916098800185,-0.37353427137839706,0.41789432278503846,1.5099108877363394,0.2535011025634512,-0.29632505944008036,-1.4068317087231905,-0.5221457363525871,-1.0938943492761837,0.44694052510067345,0.6380298326976793,0.9582558814939317,1.0706780755732412,1.2294774722343094,-1.998728335653956,-0.18371083484871165,-1.9571409672452493,0.22891114633389142,1.0408032429698753,1.1403495505737957,0.4421025057347121,0.718192671254211,-2.419764266509521,-0.9347711423787942,-0.7509568250719526,-0.725333874967602,-1.2269860621078643,0.462357025372487,-0.2378365103968981,-0.7063402122242796,-1.7029918180252124,-0.3652150551856287,-0.4154025538667492,-0.26342744380815014,-0.46808460803390106,0.6680789740606324,-1.7884433474749197,0.5266134345479598,0.3848420256809296,-0.5386122381958538,0.6282769498368024,-1.5036243138409597,-3.096945811775848,-0.1694806367572902,-2.4926461654690613,-0.8499729882562459,0.09297391721560133,-0.29918590487914665,-0.4806920789559077,2.1399002412259085,1.4449870749291878,-0.4054082063168377,-0.15008749933475957,0.85929028285007,0.8800992406195405,0.861956252246838,0.9053520747795788,-1.0014292747184195,0.17472319624395266,-0.08603344177617478,0.6448170624165986,-1.2015361213542133,0.42858946127459446,1.0755439839724947,-0.24882569439475988,0.06047868566281961,0.6488833305606119,0.6911596845216773,0.08966531974217112,0.6060117596145538,0.07179162414675844,-0.8221892642867094,-0.35896737749788904,-1.4438511647039147,0.4856465720995238,-1.6099496392244366,-0.5126150376088392,0.404485455470603,1.1106049555272048,0.01212106924620221,0.5664986650696668,-2.5572818103210135,0.7895422508694574,-0.1821252901743785,-0.41270196184256425,-0.4294107943249559,-0.969084335007399,-0.43679605329005455,-0.9039676486793023,-0.07602277987289023
3;74;39361.65915155411;2151;1484;0.049707;0.006445;0.057297/0.069323/0.087413/0.099516/0.094804/0.101599/0.064294/0.053087/0.063066/0.048803/0.04952/0.102286/0.147375/0.055179/0.067192/0.074563/0.071663/0.077804/0.067019/0.051518/0.116761/0.088552/0.074803/0.077904/0.136727/0.083971/0.060678/0.09831/0.060543/0.049126/0.079897/0.05182/0.086652/0.067684/0.079528/0.053686/0.073662/0.077734/0.05834/0.104902/0.104357/0.085687/0.052008/0.049769/0.055292/0.060794/0.059828/0.105342/0.06729/0.080378/0.058825/0.06107/0.06245/0.06275/0.060489/0.049707/0.057916/0.081538/0.14656/0.133584/0.153175/0.104232/0.057005/0.051755/0.0732/0.131105/0.086065/0.058296/0.081623/0.09437/0.098791/0.08711/0.054528/0.060243/0.090501/0.093393/0.134462/0.054506/0.104859/0.055342/0.056518/0.117014/0.074974/0.06617/0.081956/0.079824/0.088239/0.061979/0.080534/0.084655/0.079567/0.093696/0.059445/0.052213/0.052153/0.134032/0.091298/0.05097/0.051158/0.066018;0.001673/0.136027/0.290509/0.343476/0.290987/0.347052/0.210653/0.165537/0.240717/0.0/0.0/0.357103/0.367583/0.036223/0.089476/0.279245/0.072493/0.388812/0.383887/0.144088/0.367076/0.415109/0.325298/0.203433/0.580559/0.376113/0.004609/0.652556/0.023409/0.0/0.248195/0.0/0.363863/0.124102/0.341793/0.023476/0.347731/0.18666/0.004705/0.352426/0.431652/0.385188/0.0/0.0/0.294564/0.044198/0.227244/0.396213/0.00066/0.390189/0.312924/0.118613/0.328826/0.247851/0.016361/0.006445/2.9e-05/0.2846/0.375176/0.441052/0.408319/0.378848/0.011322/0.435754/0.504203/0.418006/0.300942/0.003232/0.408386/0.42012/0.509912/0.27956/0.000143/0.342721/0.60153/0.283844/0.516988/0.583256/0.381028/9.6e-05/0.005374/0.394568/0.303591/1e-05/0.422252/0.294009/0.299613/0.294124/0.347148/0.397648/0.361301/0.348076/0.011781/0.0/0.0/0.398432/0.395668/0.226153/0.212795/0.247057;0.09831/0.090501/0.054506/0.051755/0.05097/0.049707/0.048803;0.652556/0.60153/0.583256/0.435754/0.226153/0.006445/0.0;-0.6474822743298478,0.0069879715232879225,0.23068830775153382,1.431663971846271,0.1342516092129053,-0.5279417075935483,-3.310843200518917,0.42789424851544916,-0.03532079585596887,1.9480404485474998,-2.4069464557555653,-2.614775740197765,-2.2131879454886816,-0.5772320038569592,1.4031773810963288,0.48586299557426466,-0.7284343117489969,0.6948953941715839,2.9200953515757275,-0.15761281949601347,0.900056942900339,-1.4615038361594623,-5.503993871197599e-05,0.7561514430344891,-0.06749395515220807,-0.04217855056994979,1.3067989922159295,-0.8291984518570353,0.5945425610861,0.842651274830664,0.7807005674659313,0.20517468981702924,1.8748431713906917,-2.094415874172559,2.1152541834421204,0.11134153574086403,1.4768763372213065,-2.3258939318580474,-0.681776084571525,-0.02391832417261547,-1.9957688417187116,-0.44024205473103384,1.1480895446953834,0.7724847362638428,-0.4267568055456459,0.4885382996407242,-0.42436331626188717,0.9892190223240934,-0.7327919062516425,0.4949514818972468,-0.365817621888491,-1.1448398967768432,1.2891557438444683,1.240959664696422,-0.030690374892937355,-0.4735327848720772,-1.140280645438514,2.2008766196496636,0.7618378990763365,0.25991636262083784,0.393750653253367,1.0266894872504007,0.386944375544071,-1.7573070437631415,-0.49947443046116746,-0.9925477202003397,0.5974744530284297,-0.3035841734218393,-2.929428270239497,-0.0026426390590573723,-1.4129752409544138,-0.561666932285144,-2.3164254858345825,-2.4822376482315853,-1.3406547357028513,0.981164643420434,0.5374974330969378,1.395187136452023,-0.6877630115493059,1.932050492313391,1.4144059305054522,-0.2083180165801315,1.193341019985606,-1.368546376980819,1.5076563463202937,-0.7828364962029323,-0.7552198313413633,-0.5130561935980525,-0.19030112342933775,-1.6232203054361787,1.602379680066642,0.6794490383925076,1.9427249296975746,0.6760524473926285,-1.2133248962054135,-0.7034765490077131,1.0951635522757575,-1.3186452071467358,0.06440396722550669,-0.14570897164993007,0.3294992978661266,-2.6345601847486453,-0.557728145300163,0.3572470485644214,1.2251257774568953,0.7186494158436935,0.12284488922823666,-0.5446857349850026,0.12316798190490855,-1.832193707128875,1.7271072163689394,-2.11969411388641,-1.4984224200744312,-0.633636021105286,0.29405070926471066,-0.6410266020195685,0.9375455396103529,0.5975559973847551,-0.21148858094640552,0.42249689375832605,1.3309813709916978,0.3333854426067281,0.31115926185524756,0.1847766600506833,0.7688874778110147,0.6248586403139748,-1.115173685305252,-0.597342746600392,1.9073578354780363,1.3912622921316666,0.7599489983871115,0.6133766938682089,-0.017103287973727066,0.9753133143747408,-0.8911259181763742,1.4857139440476275,-1.9091974021333087,0.7850891999166494,2.1495851854918433,0.9076090754892714,1.3398637754820744,-0.9661683422139278,0.3815258356841179,0.1844138945208731,0.3478044542147061,0.2244941882179564,0.39107576572891467,1.0708745324191695,0.05822833615033757,0.49403036407853057,-0.43528709525001996,-1.8602776085744637,-1.2347024838520622,-0.9647967083615165,0.6038922454074589,-0.010365293992710023,0.16998663377907697,0.5279648229899143;1.6129200755454733,1.5674311779466024,0.948221167868835,0.5094352505218451,0.3536034562136767,-0.22040874322680698,1.6622741227625366,-1.010559915915565,1.228395484519289,0.8176145142553797,-0.04777226905962112,-0.5863396007861534,-0.7256686418469303,-0.47903029485418247,-1.214985806950809,-0.7625340095445953,-1.7152568232462928,1.1126759667359827,2.27891237234259,0.49723158832273545,-0.9571008690893378,0.554270623583486,0.08406982316076862,-1.151731601633847,-0.5497198599669926,-1.4162323824401815,-0.7281350594014292,0.1372014872954804,-0.7051929602770346,-2.911502519039403,0.12522087195686293,0.7461321322619489,0.39521511796956044,-0.3729516330010463,-1.2371178919547623,0.7350255513174138,-1.4433201067776036,0.5629758407326482,-1.5954156656934182,-0.14027053015679486,0.5461440254052581,0.9765430232358449,0.2044156887013677,-0.6039130299401125,-0.503251765131796,0.18389343624239451,0.3754319824521989,2.155820121441151,-1.3693820804132704,-1.4364479228094256,-0.4936183557781647,0.14092100649578393,0.2722607401303635,-0.8641471700497183,-1.1939203598020356,-2.1000505628679393,2.220928359447662,1.1756994462290231,0.24078348196303273,0.642019974657997,0.9549746591982748,-0.899436550106452,-0.4051571844132069,0.48882859341795704,2.216355200392451,0.9992901741555736,0.9872272209598478,-0.33837770643869114,-0.4060916098800185,-0.37353427137839706,0.41789432278503846,1.5099108877363394,0.2535011025634512,-0.29632505944008036,-1.4068317087231905,-0.5221457363525871,-1.0938943492761837,0.44694052510067345,0.6380298326976793,0.9582558814939317,1.0706780755732412,1.2294774722343094,-1.998728335653956,-0.18371083484871165,-1.9571409672452493,0.22891114633389142,1.0408032429698753,1.1403495505737957,0.4421025057347121,0.718192671254211,-2.419764266509521,-0.9347711423787942,-0.7509568250719526,-0.725333874967602,-1.2269860621078643,0.462357025372487,-0.2378365103968981,-0.7063402122242796,-1.7029918180252124,-0.3652150551856287,-0.4154025538667492,-0.26342744380815014,-0.46808460803390106,0.6680789740606324,-1.7884433474749197,0.5266134345479598,0.3848420256809296,-0.5386122381958538,0.6282769498368024,-1.5036243138409597,-3.096945811775848,-0.1694806367572902,-2.4926461654690613,-0.8499729882562459,0.09297391721560133,-0.29918590487914665,-0.4806920789559077,2.1399002412259085,1.4449870749291878,-0.4054082063168377,-0.15008749933475957,0.85929028285007,0.8800992406195405,0.861956252246838,0.9053520747795788,-1.0014292747184195,0.17472319624395266,-0.08603344177617478,0.6448170624165986,-1.2015361213542133,0.42858946127459446,1.0755439839724947,-0.24882569439475988,0.06047868566281961,0.6488833305606119,0.6911596845216773,0.08966531974217112,0.6060117596145538,0.07179162414675844,-0.8221892642867094,-0.35896737749788904,-1.4438511647039147,0.4856465720995238,-1.6099496392244366,-0.5126150376088392,0.404485455470603,1.1106049555272048,0.01212106924620221,0.5664986650696668,-2.5572818103210135,0.7895422508694574,-0.1821252901743785,-0.41270196184256425,-0.4294107943249559,-0.969084335007399,-0.43679605329005455,-0.9039676486793023,-0.07602277987289023
3;75;39899.843306303024;2151;1484;0.049707;0.006445;0.057297/0.069323/0.087413/0.099516/0.094804/0.101599/0.064294/0.053087/0.063066/0.048803/0.04952/0.102286/0.147375/0.055179/0.067192/0.074563/0.077804/0.067019/0.051518/0.116761/0.088552/0.074803/0.077904/0.136727/0.083971/0.060678/0.09831/0.060543/0.049126/0.079897/0.05182/0.086652/0.067684/0.079528/0.053686/0.073662/0.077734/0.05834/0.104902/0.104357/0.085687/0.052008/0.049769/0.055292/0.060794/0.059828/0.105342/0.080378/0.058825/0.06107/0.06245/0.06275/0.060489/0.049707/0.057916/0.081538/0.14656/0.133584/0.153175/0.104232/0.057005/0.051755/0.0732/0.131105/0.086065/0.058296/0.081623/0.09437/0.098791/0.054528/0.060243/0.090501/0.093393/0.134462/0.054506/0.104859/0.055342/0.056518/0.117014/0.074974/0.06617/0.081956/0.079824/0.088239/0.061979/0.080534/0.084655/0.079567/0.093696/0.059445/0.052213/0.052153/0.134032/0.091298/0.05097/0.051158/0.066018/0.060583/0.082967/0.053388;0.001673/0.136027/0.290509/0.343476/0.290987/0.347052/0.210653/0.165537/0.240717/0.0/0.0/0.357103/0.367583/0.036223/0.089476/0.279245/0.388812/0.383887/0.144088/0.367076/0.415109/0.325298/0.203433/0.580559/0.376113/0.004609/0.652556/0.023409/0.0/0.248195/0.0/0.363863/0.124102/0.341793/0.023476/0.347731/0.18666/0.004705/0.352426/0.431652/0.385188/0.0/0.0/0.294564/0.044198/0.227244/0.396213/0.390189/0.312924/0.118613/0.328826/0.247851/0.016361/0.006445/2.9e-05/0.2846/0.375176/0.441052/0.408319/0.378848/0.011322/0.435754/0.504203/0.418006/0.300942/0.003232/0.408386/0.42012/0.509912/0.000143/0.342721/0.60153/0.283844/0.516988/0.583256/0.381028/9.6e-05/0.005374/0.394568/0.303591/1e-05/0.422252/0.294009/0.299613/0.294124/0.347148/0.397648/0.361301/0.348076/0.011781/0.0/0.0/0.398432/0.395668/0.226153/0.212795/0.247057/0.268907/0.506995/0.005766;0.09831/0.090501/0.054506/0.051755/0.05097/0.049707/0.048803;0.652556/0.60153/0.583256/0.435754/0.226153/0.006445/0.0;-0.6474822743298478,0.0069879715232879225,0.23068830775153382,1.431663971846271,0.1342516092129053,-0.5279417075935483,-3.310843200518917,0.42789424851544916,-0.03532079585596887,1.9480404485474998,-2.4069464557555653,-2.614775740197765,-2.2131879454886816,-0.5772320038569592,1.4031773810963288,0.48586299557426466,-0.7284343117489969,0.6948953941715839,2.9200953515757275,-0.15761281949601347,0.900056942900339,-1.4615038361594623,-5.503993871197599e-05,0.7561514430344891,-0.06749395515220807,-0.04217855056994979,1.3067989922159295,-0.8291984518570353,0.5945425610861,0.842651274830664,0.7807005674659313,0.20517468981702924,1.8748431713906917,-2.094415874172559,2.1152541834421204,0.11134153574086403,1.4768763372213065,-2.3258939318580474,-0.681776084571525,-0.02391832417261547,-1.9957688417187116,-0.44024205473103384,1.1480895446953834,0.7724847362638428,-0.4267568055456459,0.4885382996407242,-0.42436331626188717,0.9892190223240934,-0.7327919062516425,0.4949514818972468,-0.365817621888491,-1.1448398967768432,1.2891557438444683,1.240959664696422,-0.030690374892937355,-0.4735327848720772,-1.140280645438514,2.2008766196496636,0.7618378990763365,0.25991636262083784,0.393750653253367,1.0266894872504007,0.386944375544071,-1.7573070437631415,-0.49947443046116746,-0.9925477202003397,0.5974744530284297,-0.3035841734218393,-2.929428270239497,-0.0026426390590573723,-1.4129752409544138,-0.561666932285144,-2.3164254858345825,-2.4822376482315853,-1.3406547357028513,0.981164643420434,0.5374974330969378,1.395187136452023,-0.6877630115493059,1.932050492313391,1.4144059305054522,-0.2083180165801315,1.193341019985606,-1.368546376980819,1.5076563463202937,-0.7828364962029323,-0.7552198313413633,-0.5130561935980525,-0.19030112342933775,-1.6232203054361787,1.602379680066642,0.6794490383925076,1.9427249296975746,0.6760524473926285,-1.2133248962054135,-0.7034765490077131,1.0951635522757575,-1.3186452071467358,0.06440396722550669,-0.14570897164993007,0.3294992978661266,-2.6345601847486453,-0.557728145300163,0.3572470485644214,1.2251257774568953,0.7186494158436935,0.12284488922823666,-0.5446857349850026,0.12316798190490855,-1.832193707128875,1.7271072163689394,-2.11969411388641,-1.4984224200744312,-0.633636021105286,0.29405070926471066,-0.6410266020195685,0.9375455396103529,0.5975559973847551,-0.21148858094640552,0.42249689375832605,1.3309813709916978,0.3333854426067281,0.31115926185524756,0.1847766600506833,0.7688874778110147,0.6248586403139748,-1.115173685305252,-0.597342746600392,1.9073578354780363,1.3912622921316666,0.7599489983871115,0.6133766938682089,-0.017103287973727066,0.9753133143747408,-0.8911259181763742,1.4857139440476275,-1.9091974021333087,0.7850891999166494,2.1495851854918433,0.9076090754892714,1.3398637754820744,-0.9661683422139278,0.3815258356841179,0.1844138945208731,0.3478044542147061,0.2244941882179564,0.39107576572891467,1.0708745324191695,0.05822833615033757,0.49403036407853057,-0.43528709525001996,-1.8602776085744637,-1.2347024838520622,-0.9647967083615165,0.6038922454074589,-0.010365293992710023,0.16998663377907697,0.5279648229899143;1.6129200755454733,1.5674311779466024,0.948221167868835,0.5094352505218451,0.3536034562136767,-0.22040874322680698,1.6622741227625366,-1.010559915915565,1.228395484519289,0.8176145142553797,-0.04777226905962112,-0.5863396007861534,-0.7256686418469303,-0.47903029485418247,-1.214985806950809,-0.7625340095445953,-1.7152568232462928,1.1126759667359827,2.27891237234259,0.49723158832273545,-0.9571008690893378,0.554270623583486,0.08406982316076862,-1.151731601633847,-0.5497198599669926,-1.4162323824401815,-0.7281350594014292,0.1372014872954804,-0.7051929602770346,-2.911502519039403,0.12522087195686293,0.7461321322619489,0.39521511796956044,-0.3729516330010463,-1.2371178919547623,0.7350255513174138,-1.4433201067776036,0.5629758407326482,-1.5954156656934182,-0.14027053015679486,0.5461440254052581,0.9765430232358449,0.2044156887013677,-0.6039130299401125,-0.503251765131796,0.18389343624239451,0.3754319824521989,2.155820121441151,-1.3693820804132704,-1.4364479228094256,-0.4936183557781647,0.14092100649578393,0.2722607401303635,-0.8641471700497183,-1.1939203598020356,-2.1000505628679393,2.220928359447662,1.1756994462290231,0.24078348196303273,0.642019974657997,0.9549746591982748,-0.899436550106452,-0.4051571844132069,0.48882859341795704,2.216355200392451,0.9992901741555736,0.9872272209598478,-0.33837770643869114,-0.4060916098800185,-0.37353427137839706,0.41789432278503846,1.5099108877363394,0.2535011025634512,-0.29632505944008036,-1.4068317087231905,-0.5221457363525871,-1.0938943492761837,0.44694052510067345,0.6380298326976793,0.9582558814939317,1.0706780755732412,1.2294774722343094,-1.998728335653956,-0.18371083484871165,-1.9571409672452493,0.22891114633389142,1.0408032429698753,1.1403495505737957,0.4421025057347121,0.718192671254211,-2.419764266509521,-0.9347711423787942,-0.7509568250719526,-0.725333874967602,-1.2269860621078643,0.462357025372487,-0.2378365103968981,-0.7063402122242796,-1.7029918180252124,-0.3652150551856287,-0.4154025538667492,-0.26342744380815014,-0.46808460803390106,0.6680789740606324,-1.7884433474749197,0.5266134345479598,0.3848420256809296,-0.5386122381958538,0.6282769498368024,-1.5036243138409597,-3.096945811775848,-0.1694806367572902,-2.4926461654690613,-0.8499729882562459,0.09297391721560133,-0.29918590487914665,-0.4806920789559077,2.1399002412259085,1.4449870749291878,-0.4054082063168377,-0.15008749933475957,0.85929028285007,0.8800992406195405,0.861956252246838,0.9053520747795788,-1.0014292747184195,0.17472319624395266,-0.08603344177617478,0.6448170624165986,-1.2015361213542133,0.42858946127459446,1.0755439839724947,-0.24882569439475988,0.06047868566281961,0.6488833305606119,0.6911596845216773,0.08966531974217112,0.6060117596145538,0.07179162414675844,-0.8221892642867094,-0.35896737749788904,-1.4438511647039147,0.4856465720995238,-1.6099496392244366,-0.5126150376088392,0.404485455470603,1.1106049555272048,0.01212106924620221,0.5664986650696668,-2.5572818103210135,0.7895422508694574,-0.1821252901743785,-0.41270196184256425,-0.4294107943249559,-0.969084335007399,-0.43679605329005455,-0.9039676486793023,-0.07602277987289023
3;76;40436.07859683037;2151;1484;0.049707;0.006445;0.057297/0.069323/0.087413/0.101599/0.064294/0.053087/0.063066/0.048803/0.04952/0.102286/0.147375/0.055179/0.067192/0.074563/0.077804/0.067019/0.051518/0.116761/0.088552/0.074803/0.077904/0.136727/0.083971/0.060678/0.09831/0.060543/0.049126/0.079897/0.05182/0.086652/0.067684/0.079528/0.053686/0.073662/0.077734/0.05834/0.104902/0.104357/0.085687/0.052008/0.049769/0.055292/0.060794/0.059828/0.105342/0.080378/0.058825/0.06107/0.06245/0.06275/0.060489/0.049707/0.057916/0.081538/0.14656/0.133584/0.153175/0.104232/0.057005/0.051755/0.0732/0.131105/0.086065/0.058296/0.081623/0.09437/0.098791/0.054528/0.060243/0.090501/0.134462/0.054506/0.104859/0.055342/0.056518/0.117014/0.074974/0.06617/0.081956/0.079824/0.088239/0.061979/0.080534/0.084655/0.079567/0.093696/0.059445/0.052213/0.052153/0.134032/0.091298/0.05097/0.051158/0.066018/0.060583/0.082967/0.053388/0.08997/0.078207/0.0762;0.001673/0.136027/0.290509/0.347052/0.210653/0.165537/0.240717/0.0/0.0/0.357103/0.367583/0.036223/0.089476/0.279245/0.388812/0.383887/0.144088/0.367076/0.415109/0.325298/0.203433/0.580559/0.376113/0.004609/0.652556/0.023409/0.0/0.248195/0.0/0.363863/0.124102/0.341793/0.023476/0.347731/0.18666/0.004705/0.352426/0.431652/0.385188/0.0/0.0/0.294564/0.044198/0.227244/0.396213/0.390189/0.312924/0.118613/0.328826/0.247851/0.016361/0.006445/2.9e-05/0.2846/0.375176/0.441052/0.408319/0.378848/0.011322/0.435754/0.504203/0.418006/0.300942/0.003232/0.408386/0.42012/0.509912/0.000143/0.342721/0.60153/0.516988/0.583256/0.381028/9.6e-05/0.005374/0.394568/0.303591/1e-05/0.422252/0.294009/0.299613/0.294124/0.347148/0.397648/0.361301/0.348076/0.011781/0.0/0.0/0.398432/0.395668/0.226153/0.212795/0.247057/0.268907/0.506995/0.005766/0.013091/0.254535/2.9e-05;0.09831/0.090501/0.054506/0.051755/0.05097/0.049707/0.048803;0.652556/0.60153/0.583256/0.435754/0.226153/0.006445/0.0;-0.6474822743298478,0.0069879715232879225,0.23068830775153382,1.431663971846271,0.1342516092129053,-0.5279417075935483,-3.310843200518917,0.42789424851544916,-0.03532079585596887,1.9480404485474998,-2.4069464557555653,-2.614775740197765,-2.2131879454886816,-0.5772320038569592,1.4031773810963288,0.48586299557426466,-0.7284343117489969,0.6948953941715839,2.9200953515757275,-0.15761281949601347,0.900056942900339,-1.4615038361594623,-5.503993871197599e-05,0.7561514430344891,-0.06749395515220807,-0.04217855056994979,1.3067989922159295,-0.8291984518570353,0.5945425610861,0.842651274830664,0.7807005674659313,0.20517468981702924,1.8748431713906917,-2.094415874172559,2.1152541834421204,0.11134153574086403,1.4768763372213065,-2.3258939318580474,-0.681776084571525,-0.02391832417261547,-1.9957688417187116,-0.44024205473103384,1.1480895446953834,0.7724847362638428,-0.4267568055456459,0.4885382996407242,-0.42436331626188717,0.9892190223240934,-0.7327919062516425,0.4949514818972468,-0.365817621888491,-1.1448398967768432,1.2891557438444683,1.240959664696422,-0.030690374892937355,-0.4735327848720772,-1.140280645438514,2.2008766196496636,0.7618378990763365,0.25991636262083784,0.393750653253367,1.0266894872504007,0.386944375544071,-1.7573070437631415,-0.49947443046116746,-0.9925477202003397,0.5974744530284297,-0.3035841734218393,-2.929428270239497,-0.0026426390590573723,-1.4129752409544138,-0.561666932285144,-2.3164254858345825,-2.4822376482315853,-1.3406547357028513,0.981164643420434,0.5374974330969378,1.395187136452023,-0.6877630115493059,1.932050492313391,1.4144059305054522,-0.2083180165801315,1.193341019985606,-1.368546376980819,1.5076563463202937,-0.7828364962029323,-0.7552198313413633,-0.5130561935980525,-0.19030112342933775,-1.6232203054361787,1.602379680066642,0.6794490383925076,1.9427249296975746,0.6760524473926285,-1.2133248962054135,-0.7034765490077131,1.0951635522757575,-1.3186452071467358,0.06440396722550669,-0.14570897164993007,0.3294992978661266,-2.6345601847486453,-0.557728145300163,0.3572470485644214,1.2251257774568953,0.7186494158436935,0.12284488922823666,-0.5446857349850026,0.12316798190490855,-1.832193707128875,1.7271072163689394,-2.11969411388641,-1.4984224200744312,-0.633636021105286,0.29405070926471066,-0.6410266020195685,0.9375455396103529,0.5975559973847551,-0.21148858094640552,0.42249689375832605,1.3309813709916978,0.3333854426067281,0.31115926185524756,0.1847766600506833,0.7688874778110147,0.6248586403139748,-1.115173685305252,-0.597342746600392,1.9073578354780363,1.3912622921316666,0.7599489983871115,0.6133766938682089,-0.017103287973727066,0.9753133143747408,-0.8911259181763742,1.4857139440476275,-1.9091974021333087,0.7850891999166494,2.1495851854918433,0.9076090754892714,1.3398637754820744,-0.9661683422139278,0.3815258356841179,0.1844138945208731,0.3478044542147061,0.2244941882179564,0.39107576572891467,1.0708745324191695,0.05822833615033757,0.49403036407853057,-0.43528709525001996,-1.8602776085744637,-1.2347024838520622,-0.9647967083615165,0.6038922454074589,-0.010365293992710023,0.16998663377907697,0.5279648229899143;1.6129200755454733,1.5674311779466024,0.948221167868835,0.5094352505218451,0.3536034562136767,-0.22040874322680698,1.6622741227625366,-1.010559915915565,1.228395484519289,0.8176145142553797,-0.04777226905962112,-0.5863396007861534,-0.7256686418469303,-0.47903029485418247,-1.214985806950809,-0.7625340095445953,-1.7152568232462928,1.1126759667359827,2.27891237234259,0.49723158832273545,-0.9571008690893378,0.554270623583486,0.08406982316076862,-1.151731601633847,-0.5497198599669926,-1.4162323824401815,-0.7281350594014292,0.1372014872954804,-0.7051929602770346,-2.911502519039403,0.12522087195686293,0.7461321322619489,0.39521511796956044,-0.3729516330010463,-1.2371178919547623,0.7350255513174138,-1.4433201067776036,0.5629758407326482,-1.5954156656934182,-0.14027053015679486,0.5461440254052581,0.9765430232358449,0.2044156887013677,-0.6039130299401125,-0.503251765131796,0.18389343624239451,0.3754319824521989,2.155820121441151,-1.3693820804132704,-1.4364479228094256,-0.4936183557781647,0.14092100649578393,0.2722607401303635,-0.8641471700497183,-1.1939203598020356,-2.1000505628679393,2.220928359447662,1.1756994462290231,0.24078348196303273,0.642019974657997,0.9549746591982748,-0.899436550106452,-0.4051571844132069,0.48882859341795704,2.216355200392451,0.9992901741555736,0.9872272209598478,-0.33837770643869114,-0.4060916098800185,-0.37353427137839706,0.41789432278503846,1.5099108877363394,0.2535011025634512,-0.29632505944008036,-1.4068317087231905,-0.5221457363525871,-1.0938943492761837,0.44694052510067345,0.6380298326976793,0.9582558814939317,1.0706780755732412,1.2294774722343094,-1.998728335653956,-0.18371083484871165,-1.9571409672452493,0.22891114633389142,1.0408032429698753,1.1403495505737957,0.4421025057347121,0.718192671254211,-2.419764266509521,-0.9347711423787942,-0.7509568250719526,-0.725333874967602,-1.2269860621078643,0.462357025372487,-0.2378365103968981,-0.7063402122242796,-1.7029918180252124,-0.3652150551856287,-0.4154025538667492,-0.26342744380815014,-0.46808460803390106,0.6680789740606324,-1.7884433474749197,0.5266134345479598,0.3848420256809296,-0.5386122381958538,0.6282769498368024,-1.5036243138409597,-3.096945811775848,-0.1694806367572902,-2.4926461654690613,-0.8499729882562459,0.09297391721560133,-0.29918590487914665,-0.4806920789559077,2.1399002412259085,1.4449870749291878,-0.4054082063168377,-0.15008749933475957,0.85929028285007,0.8800992406195405,0.861956252246838,0.9053520747795788,-1.0014292747184195,0.17472319624395266,-0.08603344177617478,0.6448170624165986,-1.2015361213542133,0.42858946127459446,1.0755439839724947,-0.24882569439475988,0.06047868566281961,0.6488833305606119,0.6911596845216773,0.08966531974217112,0.6060117596145538,0.07179162414675844,-0.8221892642867094,-0.35896737749788904,-1.4438511647039147,0.4856465720995238,-1.6099496392244366,-0.5126150376088392,0.404485455470603,1.1106049555272048,0.01212106924620221,0.5664986650696668,-2.5572818103210135,0.7895422508694574,-0.1821252901743785,-0.41270196184256425,-0.4294107943249559,-0.969084335007399,-0.43679605329005455,-0.9039676486793023,-0.07602277987289023
3;77;40969.9957010746;3877;1484;0.049707;0.006445;0.057297/0.069323/0.087413/0.064294/0.053087/0.063066/0.048803/0.04952/0.102286/0.055179/0.067192/0.074563/0.077804/0.067019/0.051518/0.116761/0.088552/0.074803/0.077904/0.136727/0.083971/0.060678/0.09831/0.060543/0.049126/0.079897/0.05182/0.086652/0.067684/0.079528/0.053686/0.073662/0.077734/0.05834/0.104357/0.085687/0.052008/0.049769/0.055292/0.060794/0.059828/0.105342/0.080378/0.058825/0.06107/0.06245/0.06275/0.060489/0.049707/0.057916/0.081538/0.14656/0.133584/0.153175/0.104232/0.057005/0.051755/0.0732/0.131105/0.086065/0.058296/0.081623/0.09437/0.098791/0.054528/0.060243/0.090501/0.134462/0.054506/0.104859/0.055342/0.056518/0.117014/0.074974/0.06617/0.081956/0.079824/0.088239/0.061979/0.080534/0.084655/0.079567/0.093696/0.059445/0.052213/0.052153/0.134032/0.091298/0.05097/0.051158/0.066018/0.060583/0.082967/0.053388/0.078207/0.0762/0.138015/0.075432/0.084309/0.052768;0.001673/0.136027/0.290509/0.210653/0.165537/0.240717/0.0/0.0/0.357103/0.036223/0.089476/0.279245/0.388812/0.383887/0.144088/0.367076/0.415109/0.325298/0.203433/0.580559/0.376113/0.004609/0.652556/0.023409/0.0/0.248195/0.0/0.363863/0.124102/0.341793/0.023476/0.347731/0.18666/0.004705/0.431652/0.385188/0.0/0.0/0.294564/0.044198/0.227244/0.396213/0.390189/0.312924/0.118613/0.328826/0.247851/0.016361/0.006445/2.9e-05/0.2846/0.375176/0.441052/0.408319/0.378848/0.011322/0.435754/0.504203/0.418006/0.300942/0.003232/0.408386/0.42012/0.509912/0.000143/0.342721/0.60153/0.516988/0.583256/0.381028/9.6e-05/0.005374/0.394568/0.303591/1e-05/0.422252/0.294009/0.299613/0.294124/0.347148/0.397648/0.361301/0.348076/0.011781/0.0/0.0/0.398432/0.395668/0.226153/0.212795/0.247057/0.268907/0.506995/0.005766/0.254535/2.9e-05/0.371016/0.870447/0.403529/1e-05;0.075432/0.054506/0.051755/0.05097/0.049707/0.048803;0.870447/0.583256/0.435754/0.226153/0.006445/0.0;3.962348258312918,0.8339885646398719,-1.007793362480925,-0.2184625022447242,1.5379335089084878,-1.2219682106178884,2.086643429391695,0.3990205524591274,0.7373856257481506,1.0031905822232812,-0.9170014086173379,-0.33301527269660747,-0.06658958552078464,-0.7441993918064447,-1.7580419581499847,-1.0709039252833055,-0.13633235006261368,1.0671874518563818,1.416036010040315,-0.6764373579911961,-0.2528779273230124,1.3864902327515567,0.7124389429934609,-0.9134811966593819,0.3126317086033736,-1.9008880944614903,-2.1061867267013232,1.5131046708525724,-2.3973883765155226,-2.3075623322269703,-1.0309901352510602,-1.3807585547892005,-0.7927658302926817,1.8324112437069218,-2.0212897106163914,0.331815038322927,-0.736575562543405,1.6872952076183398,0.03438295917628417,0.5946222219955912,0.11178981004178723,0.692489770862007,-0.09038918989431771,-0.606886238434369,-0.46209764504059364,-0.42221745297613755,0.5063538220682972,1.5681129390097743,0.013499993124852089,0.34068565460125017,-0.8915367697414908,0.1786107731238437,-1.2846452336563858,0.5293864074800793,-2.5468149827751407,-0.7824093689987637,0.8329464259317579,1.7082185787293795,-2.476167995979677,1.041681924654354,0.08063287253346466,-2.0299094422822788,-0.939714893149719,-0.18914089737186826,0.9099712287743175,2.1049416198062456,0.5903387781059164,0.18602790852412465,0.0854971117344111,0.12282087252184085,1.7418879508129845,3.3859857531984097,1.6983552639033075,-0.10154510393714372,-3.3244806189269824,0.7687531498359867,-1.6848216935513642,1.143928385066737,0.3263817179705776,-0.9152986357626633,0.5772500589811952,2.931823907634211,-1.7857715708612139,-1.1335627355323095,-2.2465359582079905,-1.2191013640188155,1.5003515610029745,2.584722186912842,0.3017153957988893,-0.8587770921200077,-0.7945476213599855,0.39132328602899025,-0.5205334053213101,-2.159059439545565,-2.2765947275779777,1.2067226317256237,-0.5804265724323426,-0.33935830296672576,-1.7946001234243,0.0030900835754571615,-0.026472235899217628,-0.2821399339197717,-0.6410193333275724,1.3417567746953152,-0.9309624072823499,-1.6260781611314261,-0.6820815803750979,-1.7174767748909223,0.06401366616456539,-1.1495324016863508,-0.9163725745183509,0.9392985001092633,-3.9513778266017074,-2.8201124160381625,0.23506350229761397,1.1387226370327865,-3.1016708053935154,3.298505927969922,0.7766160888724718,0.10264872521571566,-0.20715516305068077,-1.273809416597154,-0.6002019478551751,1.4031579019546652,1.9029536816220445,-1.6360852959255465,-0.376977191392729,-0.5109650585774372,0.17302844324286124,-2.2171353285480344,0.7725678136485881,-0.33906538130969455,0.39022272738644076,1.4188424724732354,0.127492568140596,-0.5553945032705838,-1.945879927611846,-0.27144054610888757,0.5726981221854851,-1.30328968050792,-0.23133929678812926,-1.2075304087812415,-0.4070849449662902,0.6211555251563001,0.9006091058868869,0.371954948120803,2.9572989873489886,0.2463547675475711,0.36937298007688835,-1.4189899371993233,-0.007316571290008678,-0.015807857067996922,0.1535014596130742,-0.08618296526915417,-2.404695951179009,-1.9490406263211573,-0.8489746980400449,-1.625848979449617;1.6129200755454733,1.5674311779466024,0.948221167868835,0.5094352505218451,0.3536034562136767,-0.22040874322680698,1.6622741227625366,-1.010559915915565,1.228395484519289,0.8176145142553797,-0.04777226905962112,-0.5863396007861534,-0.7256686418469303,-0.47903029485418247,-1.214985806950809,-0.7625340095445953,-1.7152568232462928,1.1126759667359827,2.27891237234259,0.49723158832273545,-0.9571008690893378,0.554270623583486,0.08406982316076862,-1.151731601633847,-0.5497198599669926,-1.4162323824401815,-0.7281350594014292,0.1372014872954804,-0.7051929602770346,-2.911502519039403,0.12522087195686293,0.7461321322619489,0.39521511796956044,-0.3729516330010463,-1.2371178919547623,0.7350255513174138,-1.4433201067776036,0.5629758407326482,-1.5954156656934182,-0.14027053015679486,0.5461440254052581,0.9765430232358449,0.2044156887013677,-0.6039130299401125,-0.503251765131796,0.18389343624239451,0.3754319824521989,2.155820121441151,-1.3693820804132704,-1.4364479228094256,-0.4936183557781647,0.14092100649578393,0.2722607401303635,-0.8641471700497183,-1.1939203598020356,-2.1000505628679393,2.220928359447662,1.1756994462290231,0.24078348196303273,0.642019974657997,0.9549746591982748,-0.899436550106452,-0.4051571844132069,0.48882859341795704,2.216355200392451,0.9992901741555736,0.9872272209598478,-0.33837770643869114,-0.4060916098800185,-0.37353427137839706,0.41789432278503846,1.5099108877363394,0.2535011025634512,-0.29632505944008036,-1.4068317087231905,-0.5221457363525871,-1.0938943492761837,0.44694052510067345,0.6380298326976793,0.9582558814939317,1.0706780755732412,1.2294774722343094,-1.998728335653956,-0.18371083484871165,-1.9571409672452493,0.22891114633389142,1.0408032429698753,1.1403495505737957,0.4421025057347121,0.718192671254211,-2.419764266509521,-0.9347711423787942,-0.7509568250719526,-0.725333874967602,-1.2269860621078643,0.462357025372487,-0.2378365103968981,-0.7063402122242796,-1.7029918180252124,-0.3652150551856287,-0.4154025538667492,-0.26342744380815014,-0.46808460803390106,0.6680789740606324,-1.7884433474749197,0.5266134345479598,0.3848420256809296,-0.5386122381958538,0.6282769498368024,-1.5036243138409597,-3.096945811775848,-0.1694806367572902,-2.4926461654690613,-0.8499729882562459,0.09297391721560133,-0.29918590487914665,-0.4806920789559077,2.1399002412259085,1.4449870749291878,-0.4054082063168377,-0.15008749933475957,0.85929028285007,0.8800992406195405,0.861956252246838,0.9053520747795788,-1.0014292747184195,0.17472319624395266,-0.08603344177617478,0.6448170624165986,-1.2015361213542133,0.42858946127459446,1.0755439839724947,-0.24882569439475988,0.06047868566281961,0.6488833305606119,0.6911596845216773,0.08966531974217112,0.6060117596145538,0.07179162414675844,-0.8221892642867094,-0.35896737749788904,-1.4438511647039147,0.4856465720995238,-1.6099496392244366,-0.5126150376088392,0.404485455470603,1.1106049555272048,0.01212106924620221,0.5664986650696668,-2.5572818103210135,0.7895422508694574,-0.1821252901743785,-0.41270196184256425,-0.4294107943249559,-0.969084335007399,-0.43679605329005455,-0.9039676486793023,-0.07602277987289023
3;78;41512.2262096405;3877;1484;0.049707;0.006445;0.057297/0.069323/0.064294/0.053087/0.063066/0.048803/0.04952/0.102286/0.055179/0.067192/0.074563/0.077804/0.067019/0.051518/0.116761/0.088552/0.074803/0.077904/0.136727/0.083971/0.060678/0.09831/0.060543/0.049126/0.079897/0.05182/0.086652/0.067684/0.079528/0.053686/0.073662/0.077734/0.05834/0.104357/0.085687/0.052008/0.049769/0.055292/0.060794/0.059828/0.105342/0.080378/0.058825/0.06107/0.06245/0.06275/0.060489/0.049707/0.057916/0.081538/0.14656/0.133584/0.153175/0.104232/0.057005/0.051755/0.0732/0.131105/0.086065/0.058296/0.081623/0.09437/0.098791/0.054528/0.060243/0.090501/0.134462/0.054506/0.104859/0.055342/0.056518/0.117014/0.074974/0.06617/0.081956/0.079824/0.088239/0.061979/0.080534/0.084655/0.079567/0.093696/0.059445/0.052213/0.052153/0.134032/0.091298/0.05097/0.051158/0.066018/0.060583/0.082967/0.053388/0.078207/0.138015/0.075432/0.084309/0.052768/0.077479/0.099806;0.001673/0.136027/0.210653/0.165537/0.240717/0.0/0.0/0.357103/0.036223/0.089476/0.279245/0.388812/0.383887/0.144088/0.367076/0.415109/0.325298/0.203433/0.580559/0.376113/0.004609/0.652556/0.023409/0.0/0.248195/0.0/0.363863/0.124102/0.341793/0.023476/0.347731/0.18666/0.004705/0.431652/0.385188/0.0/0.0/0.294564/0.044198/0.227244/0.396213/0.390189/0.312924/0.118613/0.328826/0.247851/0.016361/0.006445/2.9e-05/0.2846/0.375176/0.441052/0.408319/0.378848/0.011322/0.435754/0.504203/0.418006/0.300942/0.003232/0.408386/0.42012/0.509912/0.000143/0.342721/0.60153/0.516988/0.583256/0.381028/9.6e-05/0.005374/0.394568/0.303591/1e-05/0.422252/0.294009/0.299613/0.294124/0.347148/0.397648/0.361301/0.348076/0.011781/0.0/0.0/0.398432/0.395668/0.226153/0.212795/0.247057/0.268907/0.506995/0.005766/0.254535/0.371016/0.870447/0.403529/1e-05/0.36525/0.368941;0.075432/0.054506/0.051755/0.05097/0.049707/0.048803;0.870447/0.583256/0.435754/0.226153/0.006445/0.0;3.962348258312918,0.8339885646398719,-1.007793362480925,-0.2184625022447242,1.5379335089084878,-1.2219682106178884,2.086643429391695,0.3990205524591274,0.7373856257481506,1.0031905822232812,-0.9170014086173379,-0.33301527269660747,-0.06658958552078464,-0.7441993918064447,-1.7580419581499847,-1.0709039252833055,-0.13633235006261368,1.0671874518563818,1.416036010040315,-0.6764373579911961,-0.2528779273230124,1.3864902327515567,0.7124389429934609,-0.9134811966593819,0.3126317086033736,-1.9008880944614903,-2.1061867267013232,1.5131046708525724,-2.3973883765155226,-2.3075623322269703,-1.0309901352510602,-1.3807585547892005,-0.7927658302926817,1.8324112437069218,-2.0212897106163914,0.331815038322927,-0.736575562543405,1.6872952076183398,0.03438295917628417,0.5946222219955912,0.11178981004178723,0.692489770862007,-0.09038918989431771,-0.606886238434369,-0.46209764504059364,-0.42221745297613755,0.5063538220682972,1.5681129390097743,0.013499993124852089,0.34068565460125017,-0.8915367697414908,0.1786107731238437,-1.2846452336563858,0.5293864074800793,-2.5468149827751407,-0.7824093689987637,0.8329464259317579,1.7082185787293795,-2.476167995979677,1.041681924654354,0.08063287253346466,-2.0299094422822788,-0.939714893149719,-0.18914089737186826,0.9099712287743175,2.1049416198062456,0.5903387781059164,0.18602790852412465,0.0854971117344111,0.12282087252184085,1.7418879508129845,3.3859857531984097,1.6983552639033075,-0.10154510393714372,-3.3244806189269824,0.7687531498359867,-1.6848216935513642,1.143928385066737,0.3263817179705776,-0.9152986357626633,0.5772500589811952,2.931823907634211,-1.7857715708612139,-1.1335627355323095,-2.2465359582079905,-1.2191013640188155,1.5003515610029745,2.584722186912842,0.3017153957988893,-0.8587770921200077,-0.7945476213599855,0.39132328602899025,-0.5205334053213101,-2.159059439545565,-2.2765947275779777,1.2067226317256237,-0.5804265724323426,-0.33935830296672576,-1.7946001234243,0.0030900835754571615,-0.026472235899217628,-0.2821399339197717,-0.6410193333275724,1.3417567746953152,-0.9309624072823499,-1.6260781611314261,-0.6820815803750979,-1.7174767748909223,0.06401366616456539,-1.1495324016863508,-0.9163725745183509,0.9392985001092633,-3.9513778266017074,-2.8201124160381625,0.23506350229761397,1.1387226370327865,-3.1016708053935154,3.298505927969922,0.7766160888724718,0.10264872521571566,-0.20715516305068077,-1.273809416597154,-0.6002019478551751,1.4031579019546652,1.9029536816220445,-1.6360852959255465,-0.376977191392729,-0.5109650585774372,0.17302844324286124,-2.2171353285480344,0.7725678136485881,-0.33906538130969455,0.39022272738644076,1.4188424724732354,0.127492568140596,-0.5553945032705838,-1.945879927611846,-0.27144054610888757,0.5726981221854851,-1.30328968050792,-0.23133929678812926,-1.2075304087812415,-0.4070849449662902,0.6211555251563001,0.9006091058868869,0.371954948120803,2.9572989873489886,0.2463547675475711,0.36937298007688835,-1.4189899371993233,-0.007316571290008678,-0.015807857067996922,0.1535014596130742,-0.08618296526915417,-2.404695951179009,-1.9490406263211573,-0.8489746980400449,-1.625848979449617;1.6129200755454733,1.5674311779466024,0.948221167868835,0.5094352505218451,0.3536034562136767,-0.22040874322680698,1.6622741227625366,-1.010559915915565,1.228395484519289,0.8176145142553797,-0.04777226905962112,-0.5863396007861534,-0.7256686418469303,-0.47903029485418247,-1.214985806950809,-0.7625340095445953,-1.7152568232462928,1.1126759667359827,2.27891237234259,0.49723158832273545,-0.9571008690893378,0.554270623583486,0.08406982316076862,-1.151731601633847,-0.5497198599669926,-1.4162323824401815,-0.7281350594014292,0.1372014872954804,-0.7051929602770346,-2.911502519039403,0.12522087195686293,0.7461321322619489,0.39521511796956044,-0.3729516330010463,-1.2371178919547623,0.7350255513174138,-1.4433201067776036,0.5629758407326482,-1.5954156656934182,-0.14027053015679486,0.5461440254052581,0.9765430232358449,0.2044156887013677,-0.6039130299401125,-0.503251765131796,0.18389343624239451,0.3754319824521989,2.155820121441151,-1.3693820804132704,-1.4364479228094256,-0.4936183557781647,0.14092100649578393,0.2722607401303635,-0.8641471700497183,-1.1939203598020356,-2.1000505628679393,2.220928359447662,1.1756994462290231,0.24078348196303273,0.642019974657997,0.9549746591982748,-0.899436550106452,-0.4051571844132069,0.48882859341795704,2.216355200392451,0.9992901741555736,0.9872272209598478,-0.33837770643869114,-0.4060916098800185,-0.37353427137839706,0.41789432278503846,1.5099108877363394,0.2535011025634512,-0.29632505944008036,-1.4068317087231905,-0.5221457363525871,-1.0938943492761837,0.44694052510067345,0.6380298326976793,0.9582558814939317,1.0706780755732412,1.2294774722343094,-1.998728335653956,-0.18371083484871165,-1.9571409672452493,0.22891114633389142,1.0408032429698753,1.1403495505737957,0.4421025057347121,0.718192671254211,-2.419764266509521,-0.9347711423787942,-0.7509568250719526,-0.725333874967602,-1.2269860621078643,0.462357025372487,-0.2378365103968981,-0.7063402122242796,-1.7029918180252124,-0.3652150551856287,-0.4154025538667492,-0.26342744380815014,-0.46808460803390106,0.6680789740606324,-1.7884433474749197,0.5266134345479598,0.3848420256809296,-0.5386122381958538,0.6282769498368024,-1.5036243138409597,-3.096945811775848,-0.1694806367572902,-2.4926461654690613,-0.8499729882562459,0.09297391721560133,-0.29918590487914665,-0.4806920789559077,2.1399002412259085,1.4449870749291878,-0.4054082063168377,-0.15008749933475957,0.85929028285007,0.8800992406195405,0.861956252246838,0.9053520747795788,-1.0014292747184195,0.17472319624395266,-0.08603344177617478,0.6448170624165986,-1.2015361213542133,0.42858946127459446,1.0755439839724947,-0.24882569439475988,0.06047868566281961,0.6488833305606119,0.6911596845216773,0.08966531974217112,0.6060117596145538,0.07179162414675844,-0.8221892642867094,-0.35896737749788904,-1.4438511647039147,0.4856465720995238,-1.6099496392244366,-0.5126150376088392,0.404485455470603,1.1106049555272048,0.01212106924620221,0.5664986650696668,-2.5572818103210135,0.7895422508694574,-0.1821252901743785,-0.41270196184256425,-0.4294107943249559,-0.969084335007399,-0.43679605329005455,-0.9039676486793023,-0.07602277987289023
3;79;42055.61444115639;3877;1484;0.049707;0.006445;0.057297/0.069323/0.064294/0.053087/0.063066/0.048803/0.04952/0.102286/0.055179/0.074563/0.077804/0.067019/0.051518/0.116761/0.088552/0.074803/0.077904/0.136727/0.083971/0.060678/0.09831/0.060543/0.049126/0.079897/0.05182/0.086652/0.067684/0.079528/0.053686/0.073662/0.077734/0.05834/0.104357/0.085687/0.052008/0.049769/0.055292/0.060794/0.059828/0.105342/0.080378/0.058825/0.06107/0.06245/0.06275/0.060489/0.049707/0.057916/0.081538/0.14656/0.133584/0.153175/0.104232/0.057005/0.051755/0.0732/0.131105/0.086065/0.058296/0.081623/0.09437/0.098791/0.054528/0.060243/0.090501/0.134462/0.054506/0.104859/0.055342/0.056518/0.117014/0.074974/0.081956/0.079824/0.088239/0.061979/0.080534/0.084655/0.079567/0.093696/0.059445/0.052213/0.052153/0.134032/0.091298/0.05097/0.051158/0.066018/0.060583/0.082967/0.053388/0.078207/0.138015/0.075432/0.084309/0.052768/0.077479/0.099806/0.051033/0.056304;0.001673/0.136027/0.210653/0.165537/0.240717/0.0/0.0/0.357103/0.036223/0.279245/0.388812/0.383887/0.144088/0.367076/0.415109/0.325298/0.203433/0.580559/0.376113/0.004609/0.652556/0.023409/0.0/0.248195/0.0/0.363863/0.124102/0.341793/0.023476/0.347731/0.18666/0.004705/0.431652/0.385188/0.0/0.0/0.294564/0.044198/0.227244/0.396213/0.390189/0.312924/0.118613/0.328826/0.247851/0.016361/0.006445/2.9e-05/0.2846/0.375176/0.441052/0.408319/0.378848/0.011322/0.435754/0.504203/0.418006/0.300942/0.003232/0.408386/0.42012/0.509912/0.000143/0.342721/0.60153/0.516988/0.583256/0.381028/9.6e-05/0.005374/0.394568/0.303591/0.422252/0.294009/0.299613/0.294124/0.347148/0.397648/0.361301/0.348076/0.011781/0.0/0.0/0.398432/0.395668/0.226153/0.212795/0.247057/0.268907/0.506995/0.005766/0.254535/0.371016/0.870447/0.403529/1e-05/0.36525/0.368941/0.036185/0.345551;0.075432/0.054506/0.051755/0.05097/0.049707/0.048803;0.870447/0.583256/0.435754/0.226153/0.006445/0.0;3.962348258312918,0.8339885646398719,-1.007793362480925,-0.2184625022447242,1.5379335089084878,-1.2219682106178884,2.086643429391695,0.3990205524591274,0.7373856257481506,1.0031905822232812,-0.9170014086173379,-0.33301527269660747,-0.06658958552078464,-0.7441993918064447,-1.7580419581499847,-1.0709039252833055,-0.13633235006261368,1.0671874518563818,1.416036010040315,-0.6764373579911961,-0.2528779273230124,1.3864902327515567,0.7124389429934609,-0.9134811966593819,0.3126317086033736,-1.9008880944614903,-2.1061867267013232,1.5131046708525724,-2.3973883765155226,-2.3075623322269703,-1.0309901352510602,-1.3807585547892005,-0.7927658302926817,1.8324112437069218,-2.0212897106163914,0.331815038322927,-0.736575562543405,1.6872952076183398,0.03438295917628417,0.5946222219955912,0.11178981004178723,0.692489770862007,-0.09038918989431771,-0.606886238434369,-0.46209764504059364,-0.42221745297613755,0.5063538220682972,1.5681129390097743,0.013499993124852089,0.34068565460125017,-0.8915367697414908,0.1786107731238437,-1.2846452336563858,0.5293864074800793,-2.5468149827751407,-0.7824093689987637,0.8329464259317579,1.7082185787293795,-2.476167995979677,1.041681924654354,0.08063287253346466,-2.0299094422822788,-0.939714893149719,-0.18914089737186826,0.9099712287743175,2.1049416198062456,0.5903387781059164,0.18602790852412465,0.0854971117344111,0.12282087252184085,1.7418879508129845,3.3859857531984097,1.6983552639033075,-0.10154510393714372,-3.3244806189269824,0.7687531498359867,-1.6848216935513642,1.143928385066737,0.3263817179705776,-0.9152986357626633,0.5772500589811952,2.931823907634211,-1.7857715708612139,-1.1335627355323095,-2.2465359582079905,-1.2191013640188155,1.5003515610029745,2.584722186912842,0.3017153957988893,-0.8587770921200077,-0.7945476213599855,0.39132328602899025,-0.5205334053213101,-2.159059439545565,-2.2765947275779777,1.2067226317256237,-0.5804265724323426,-0.33935830296672576,-1.7946001234243,0.0030900835754571615,-0.026472235899217628,-0.2821399339197717,-0.6410193333275724,1.3417567746953152,-0.9309624072823499,-1.6260781611314261,-0.6820815803750979,-1.7174767748909223,0.06401366616456539,-1.1495324016863508,-0.9163725745183509,0.9392985001092633,-3.9513778266017074,-2.8201124160381625,0.23506350229761397,1.1387226370327865,-3.1016708053935154,3.298505927969922,0.7766160888724718,0.10264872521571566,-0.20715516305068077,-1.273809416597154,-0.6002019478551751,1.4031579019546652,1.9029536816220445,-1.6360852959255465,-0.376977191392729,-0.5109650585774372,0.17302844324286124,-2.2171353285480344,0.7725678136485881,-0.33906538130969455,0.39022272738644076,1.4188424724732354,0.127492568140596,-0.5553945032705838,-1.945879927611846,-0.27144054610888757,0.5726981221854851,-1.30328968050792,-0.23133929678812926,-1.2075304087812415,-0.4070849449662902,0.6211555251563001,0.9006091058868869,0.371954948120803,2.9572989873489886,0.2463547675475711,0.36937298007688835,-1.4189899371993233,-0.007316571290008678,-0.015807857067996922,0.1535014596130742,-0.08618296526915417,-2.404695951179009,-1.9490406263211573,-0.8489746980400449,-1.625848979449617;1.6129200755454733,1.5674311779466024,0.948221167868835,0.5094352505218451,0.3536034562136767,-0.22040874322680698,1.6622741227625366,-1.010559915915565,1.228395484519289,0.8176145142553797,-0.04777226905962112,-0.5863396007861534,-0.7256686418469303,-0.47903029485418247,-1.214985806950809,-0.7625340095445953,-1.7152568232462928,1.1126759667359827,2.27891237234259,0.49723158832273545,-0.9571008690893378,0.554270623583486,0.08406982316076862,-1.151731601633847,-0.5497198599669926,-1.4162323824401815,-0.7281350594014292,0.1372014872954804,-0.7051929602770346,-2.911502519039403,0.12522087195686293,0.7461321322619489,0.39521511796956044,-0.3729516330010463,-1.2371178919547623,0.7350255513174138,-1.4433201067776036,0.5629758407326482,-1.5954156656934182,-0.14027053015679486,0.5461440254052581,0.9765430232358449,0.2044156887013677,-0.6039130299401125,-0.503251765131796,0.18389343624239451,0.3754319824521989,2.155820121441151,-1.3693820804132704,-1.4364479228094256,-0.4936183557781647,0.14092100649578393,0.2722607401303635,-0.8641471700497183,-1.1939203598020356,-2.1000505628679393,2.220928359447662,1.1756994462290231,0.24078348196303273,0.642019974657997,0.9549746591982748,-0.899436550106452,-0.4051571844132069,0.48882859341795704,2.216355200392451,0.9992901741555736,0.9872272209598478,-0.33837770643869114,-0.4060916098800185,-0.37353427137839706,0.41789432278503846,1.5099108877363394,0.2535011025634512,-0.29632505944008036,-1.4068317087231905,-0.5221457363525871,-1.0938943492761837,0.44694052510067345,0.6380298326976793,0.9582558814939317,1.0706780755732412,1.2294774722343094,-1.998728335653956,-0.18371083484871165,-1.9571409672452493,0.22891114633389142,1.0408032429698753,1.1403495505737957,0.4421025057347121,0.718192671254211,-2.419764266509521,-0.9347711423787942,-0.7509568250719526,-0.725333874967602,-1.2269860621078643,0.462357025372487,-0.2378365103968981,-0.7063402122242796,-1.7029918180252124,-0.3652150551856287,-0.4154025538667492,-0.26342744380815014,-0.46808460803390106,0.6680789740606324,-1.7884433474749197,0.5266134345479598,0.3848420256809296,-0.5386122381958538,0.6282769498368024,-1.5036243138409597,-3.096945811775848,-0.1694806367572902,-2.4926461654690613,-0.8499729882562459,0.09297391721560133,-0.29918590487914665,-0.4806920789559077,2.1399002412259085,1.4449870749291878,-0.4054082063168377,-0.15008749933475957,0.85929028285007,0.8800992406195405,0.861956252246838,0.9053520747795788,-1.0014292747184195,0.17472319624395266,-0.08603344177617478,0.6448170624165986,-1.2015361213542133,0.42858946127459446,1.0755439839724947,-0.24882569439475988,0.06047868566281961,0.6488833305606119,0.6911596845216773,0.08966531974217112,0.6060117596145538,0.07179162414675844,-0.8221892642867094,-0.35896737749788904,-1.4438511647039147,0.4856465720995238,-1.6099496392244366,-0.5126150376088392,0.404485455470603,1.1106049555272048,0.01212106924620221,0.5664986650696668,-2.5572818103210135,0.7895422508694574,-0.1821252901743785,-0.41270196184256425,-0.4294107943249559,-0.969084335007399,-0.43679605329005455,-0.9039676486793023,-0.07602277987289023
3;80;42604.32414937019;3877;1484;0.049707;0.006445;0.057297/0.069323/0.064294/0.053087/0.063066/0.048803/0.04952/0.102286/0.055179/0.074563/0.077804/0.067019/0.051518/0.116761/0.088552/0.074803/0.077904/0.136727/0.083971/0.060678/0.09831/0.060543/0.049126/0.05182/0.086652/0.079528/0.053686/0.073662/0.077734/0.05834/0.104357/0.085687/0.052008/0.049769/0.055292/0.060794/0.059828/0.105342/0.080378/0.058825/0.06107/0.06245/0.06275/0.060489/0.049707/0.057916/0.081538/0.14656/0.133584/0.153175/0.104232/0.057005/0.051755/0.0732/0.131105/0.086065/0.058296/0.081623/0.09437/0.098791/0.054528/0.060243/0.090501/0.134462/0.054506/0.104859/0.055342/0.056518/0.117014/0.074974/0.081956/0.079824/0.088239/0.061979/0.080534/0.084655/0.079567/0.093696/0.059445/0.052213/0.052153/0.134032/0.091298/0.05097/0.051158/0.066018/0.060583/0.082967/0.053388/0.138015/0.075432/0.084309/0.052768/0.077479/0.099806/0.051033/0.056304/0.093074/0.054902/0.077062;0.001673/0.136027/0.210653/0.165537/0.240717/0.0/0.0/0.357103/0.036223/0.279245/0.388812/0.383887/0.144088/0.367076/0.415109/0.325298/0.203433/0.580559/0.376113/0.004609/0.652556/0.023409/0.0/0.0/0.363863/0.341793/0.023476/0.347731/0.18666/0.004705/0.431652/0.385188/0.0/0.0/0.294564/0.044198/0.227244/0.396213/0.390189/0.312924/0.118613/0.328826/0.247851/0.016361/0.006445/2.9e-05/0.2846/0.375176/0.441052/0.408319/0.378848/0.011322/0.435754/0.504203/0.418006/0.300942/0.003232/0.408386/0.42012/0.509912/0.000143/0.342721/0.60153/0.516988/0.583256/0.381028/9.6e-05/0.005374/0.394568/0.303591/0.422252/0.294009/0.299613/0.294124/0.347148/0.397648/0.361301/0.348076/0.011781/0.0/0.0/0.398432/0.395668/0.226153/0.212795/0.247057/0.268907/0.506995/0.005766/0.371016/0.870447/0.403529/1e-05/0.36525/0.368941/0.036185/0.345551/0.340215/6.7e-05/0.289075;0.075432/0.054506/0.051755/0.05097/0.049707/0.048803;0.870447/0.583256/0.435754/0.226153/0.006445/0.0;3.962348258312918,0.8339885646398719,-1.007793362480925,-0.2184625022447242,1.5379335089084878,-1.2219682106178884,2.086643429391695,0.3990205524591274,0.7373856257481506,1.0031905822232812,-0.9170014086173379,-0.33301527269660747,-0.06658958552078464,-0.7441993918064447,-1.7580419581499847,-1.0709039252833055,-0.13633235006261368,1.0671874518563818,1.416036010040315,-0.6764373579911961,-0.2528779273230124,1.3864902327515567,0.7124389429934609,-0.9134811966593819,0.3126317086033736,-1.9008880944614903,-2.1061867267013232,1.5131046708525724,-2.3973883765155226,-2.3075623322269703,-1.0309901352510602,-1.3807585547892005,-0.7927658302926817,1.8324112437069218,-2.0212897106163914,0.331815038322927,-0.736575562543405,1.6872952076183398,0.03438295917628417,0.5946222219955912,0.11178981004178723,0.692489770862007,-0.09038918989431771,-0.606886238434369,-0.46209764504059364,-0.42221745297613755,0.5063538220682972,1.5681129390097743,0.013499993124852089,0.34068565460125017,-0.8915367697414908,0.1786107731238437,-1.2846452336563858,0.5293864074800793,-2.5468149827751407,-0.7824093689987637,0.8329464259317579,1.7082185787293795,-2.476167995979677,1.041681924654354,0.08063287253346466,-2.0299094422822788,-0.939714893149719,-0.18914089737186826,0.9099712287743175,2.1049416198062456,0.5903387781059164,0.18602790852412465,0.0854971117344111,0.12282087252184085,1.7418879508129845,3.3859857531984097,1.6983552639033075,-0.10154510393714372,-3.3244806189269824,0.7687531498359867,-1.6848216935513642,1.143928385066737,0.3263817179705776,-0.9152986357626633,0.5772500589811952,2.931823907634211,-1.7857715708612139,-1.1335627355323095,-2.2465359582079905,-1.2191013640188155,1.5003515610029745,2.584722186912842,0.3017153957988893,-0.8587770921200077,-0.7945476213599855,0.39132328602899025,-0.5205334053213101,-2.159059439545565,-2.2765947275779777,1.2067226317256237,-0.5804265724323426,-0.33935830296672576,-1.7946001234243,0.0030900835754571615,-0.026472235899217628,-0.2821399339197717,-0.6410193333275724,1.3417567746953152,-0.9309624072823499,-1.6260781611314261,-0.6820815803750979,-1.7174767748909223,0.06401366616456539,-1.1495324016863508,-0.9163725745183509,0.9392985001092633,-3.9513778266017074,-2.8201124160381625,0.23506350229761397,1.1387226370327865,-3.1016708053935154,3.298505927969922,0.7766160888724718,0.10264872521571566,-0.20715516305068077,-1.273809416597154,-0.6002019478551751,1.4031579019546652,1.9029536816220445,-1.6360852959255465,-0.376977191392729,-0.5109650585774372,0.17302844324286124,-2.2171353285480344,0.7725678136485881,-0.33906538130969455,0.39022272738644076,1.4188424724732354,0.127492568140596,-0.5553945032705838,-1.945879927611846,-0.27144054610888757,0.5726981221854851,-1.30328968050792,-0.23133929678812926,-1.2075304087812415,-0.4070849449662902,0.6211555251563001,0.9006091058868869,0.371954948120803,2.9572989873489886,0.2463547675475711,0.36937298007688835,-1.4189899371993233,-0.007316571290008678,-0.015807857067996922,0.1535014596130742,-0.08618296526915417,-2.404695951179009,-1.9490406263211573,-0.8489746980400449,-1.625848979449617;1.6129200755454733,1.5674311779466024,0.948221167868835,0.5094352505218451,0.3536034562136767,-0.22040874322680698,1.6622741227625366,-1.010559915915565,1.228395484519289,0.8176145142553797,-0.04777226905962112,-0.5863396007861534,-0.7256686418469303,-0.47903029485418247,-1.214985806950809,-0.7625340095445953,-1.7152568232462928,1.1126759667359827,2.27891237234259,0.49723158832273545,-0.9571008690893378,0.554270623583486,0.08406982316076862,-1.151731601633847,-0.5497198599669926,-1.4162323824401815,-0.7281350594014292,0.1372014872954804,-0.7051929602770346,-2.911502519039403,0.12522087195686293,0.7461321322619489,0.39521511796956044,-0.3729516330010463,-1.2371178919547623,0.7350255513174138,-1.4433201067776036,0.5629758407326482,-1.5954156656934182,-0.14027053015679486,0.5461440254052581,0.9765430232358449,0.2044156887013677,-0.6039130299401125,-0.503251765131796,0.18389343624239451,0.3754319824521989,2.155820121441151,-1.3693820804132704,-1.4364479228094256,-0.4936183557781647,0.14092100649578393,0.2722607401303635,-0.8641471700497183,-1.1939203598020356,-2.1000505628679393,2.220928359447662,1.1756994462290231,0.24078348196303273,0.642019974657997,0.9549746591982748,-0.899436550106452,-0.4051571844132069,0.48882859341795704,2.216355200392451,0.9992901741555736,0.9872272209598478,-0.33837770643869114,-0.4060916098800185,-0.37353427137839706,0.41789432278503846,1.5099108877363394,0.2535011025634512,-0.29632505944008036,-1.4068317087231905,-0.5221457363525871,-1.0938943492761837,0.44694052510067345,0.6380298326976793,0.9582558814939317,1.0706780755732412,1.2294774722343094,-1.998728335653956,-0.18371083484871165,-1.9571409672452493,0.22891114633389142,1.0408032429698753,1.1403495505737957,0.4421025057347121,0.718192671254211,-2.419764266509521,-0.9347711423787942,-0.7509568250719526,-0.725333874967602,-1.2269860621078643,0.462357025372487,-0.2378365103968981,-0.7063402122242796,-1.7029918180252124,-0.3652150551856287,-0.4154025538667492,-0.26342744380815014,-0.46808460803390106,0.6680789740606324,-1.7884433474749197,0.5266134345479598,0.3848420256809296,-0.5386122381958538,0.6282769498368024,-1.5036243138409597,-3.096945811775848,-0.1694806367572902,-2.4926461654690613,-0.8499729882562459,0.09297391721560133,-0.29918590487914665,-0.4806920789559077,2.1399002412259085,1.4449870749291878,-0.4054082063168377,-0.15008749933475957,0.85929028285007,0.8800992406195405,0.861956252246838,0.9053520747795788,-1.0014292747184195,0.17472319624395266,-0.08603344177617478,0.6448170624165986,-1.2015361213542133,0.42858946127459446,1.0755439839724947,-0.24882569439475988,0.06047868566281961,0.6488833305606119,0.6911596845216773,0.08966531974217112,0.6060117596145538,0.07179162414675844,-0.8221892642867094,-0.35896737749788904,-1.4438511647039147,0.4856465720995238,-1.6099496392244366,-0.5126150376088392,0.404485455470603,1.1106049555272048,0.01212106924620221,0.5664986650696668,-2.5572818103210135,0.7895422508694574,-0.1821252901743785,-0.41270196184256425,-0.4294107943249559,-0.969084335007399,-0.43679605329005455,-0.9039676486793023,-0.07602277987289023
3;81;43147.254558324814;3877;1484;0.049707;0.006445;0.057297/0.069323/0.064294/0.053087/0.063066/0.048803/0.04952/0.102286/0.055179/0.074563/0.077804/0.067019/0.051518/0.116761/0.088552/0.074803/0.136727/0.083971/0.060678/0.09831/0.060543/0.049126/0.05182/0.086652/0.079528/0.053686/0.073662/0.077734/0.05834/0.104357/0.085687/0.052008/0.049769/0.055292/0.060794/0.059828/0.105342/0.080378/0.058825/0.06107/0.06245/0.06275/0.060489/0.049707/0.057916/0.14656/0.133584/0.153175/0.104232/0.057005/0.051755/0.0732/0.131105/0.086065/0.058296/0.081623/0.09437/0.098791/0.054528/0.060243/0.090501/0.134462/0.054506/0.104859/0.055342/0.056518/0.117014/0.074974/0.081956/0.079824/0.061979/0.080534/0.084655/0.079567/0.093696/0.059445/0.052213/0.052153/0.134032/0.091298/0.05097/0.051158/0.066018/0.060583/0.082967/0.053388/0.138015/0.075432/0.084309/0.052768/0.077479/0.099806/0.051033/0.056304/0.093074/0.054902/0.077062/0.050478/0.088052/0.078437;0.001673/0.136027/0.210653/0.165537/0.240717/0.0/0.0/0.357103/0.036223/0.279245/0.388812/0.383887/0.144088/0.367076/0.415109/0.325298/0.580559/0.376113/0.004609/0.652556/0.023409/0.0/0.0/0.363863/0.341793/0.023476/0.347731/0.18666/0.004705/0.431652/0.385188/0.0/0.0/0.294564/0.044198/0.227244/0.396213/0.390189/0.312924/0.118613/0.328826/0.247851/0.016361/0.006445/2.9e-05/0.375176/0.441052/0.408319/0.378848/0.011322/0.435754/0.504203/0.418006/0.300942/0.003232/0.408386/0.42012/0.509912/0.000143/0.342721/0.60153/0.516988/0.583256/0.381028/9.6e-05/0.005374/0.394568/0.303591/0.422252/0.294009/0.294124/0.347148/0.397648/0.361301/0.348076/0.011781/0.0/0.0/0.398432/0.395668/0.226153/0.212795/0.247057/0.268907/0.506995/0.005766/0.371016/0.870447/0.403529/1e-05/0.36525/0.368941/0.036185/0.345551/0.340215/6.7e-05/0.289075/0.03868/0.338723/0.364399;0.075432/0.054506/0.051755/0.05097/0.050478/0.049707/0.048803;0.870447/0.583256/0.435754/0.226153/0.03868/0.006445/0.0;3.962348258312918,0.8339885646398719,-1.007793362480925,-0.2184625022447242,1.5379335089084878,-1.2219682106178884,2.086643429391695,0.3990205524591274,0.7373856257481506,1.0031905822232812,-0.9170014086173379,-0.33301527269660747,-0.06658958552078464,-0.7441993918064447,-1.7580419581499847,-1.0709039252833055,-0.13633235006261368,1.0671874518563818,1.416036010040315,-0.6764373579911961,-0.2528779273230124,1.3864902327515567,0.7124389429934609,-0.9134811966593819,0.3126317086033736,-1.9008880944614903,-2.1061867267013232,1.5131046708525724,-2.3973883765155226,-2.3075623322269703,-1.0309901352510602,-1.3807585547892005,-0.7927658302926817,1.8324112437069218,-2.0212897106163914,0.331815038322927,-0.736575562543405,1.6872952076183398,0.03438295917628417,0.5946222219955912,0.11178981004178723,0.692489770862007,-0.09038918989431771,-0.606886238434369,-0.46209764504059364,-0.42221745297613755,0.5063538220682972,1.5681129390097743,0.013499993124852089,0.34068565460125017,-0.8915367697414908,0.1786107731238437,-1.2846452336563858,0.5293864074800793,-2.5468149827751407,-0.7824093689987637,0.8329464259317579,1.7082185787293795,-2.476167995979677,1.041681924654354,0.08063287253346466,-2.0299094422822788,-0.939714893149719,-0.18914089737186826,0.9099712287743175,2.1049416198062456,0.5903387781059164,0.18602790852412465,0.0854971117344111,0.12282087252184085,1.7418879508129845,3.3859857531984097,1.6983552639033075,-0.10154510393714372,-3.3244806189269824,0.7687531498359867,-1.6848216935513642,1.143928385066737,0.3263817179705776,-0.9152986357626633,0.5772500589811952,2.931823907634211,-1.7857715708612139,-1.1335627355323095,-2.2465359582079905,-1.2191013640188155,1.5003515610029745,2.584722186912842,0.3017153957988893,-0.8587770921200077,-0.7945476213599855,0.39132328602899025,-0.5205334053213101,-2.159059439545565,-2.2765947275779777,1.2067226317256237,-0.5804265724323426,-0.33935830296672576,-1.7946001234243,0.0030900835754571615,-0.026472235899217628,-0.2821399339197717,-0.6410193333275724,1.3417567746953152,-0.9309624072823499,-1.6260781611314261,-0.6820815803750979,-1.7174767748909223,0.06401366616456539,-1.1495324016863508,-0.9163725745183509,0.9392985001092633,-3.9513778266017074,-2.8201124160381625,0.23506350229761397,1.1387226370327865,-3.1016708053935154,3.298505927969922,0.7766160888724718,0.10264872521571566,-0.20715516305068077,-1.273809416597154,-0.6002019478551751,1.4031579019546652,1.9029536816220445,-1.6360852959255465,-0.376977191392729,-0.5109650585774372,0.17302844324286124,-2.2171353285480344,0.7725678136485881,-0.33906538130969455,0.39022272738644076,1.4188424724732354,0.127492568140596,-0.5553945032705838,-1.945879927611846,-0.27144054610888757,0.5726981221854851,-1.30328968050792,-0.23133929678812926,-1.2075304087812415,-0.4070849449662902,0.6211555251563001,0.9006091058868869,0.371954948120803,2.9572989873489886,0.2463547675475711,0.36937298007688835,-1.4189899371993233,-0.007316571290008678,-0.015807857067996922,0.1535014596130742,-0.08618296526915417,-2.404695951179009,-1.9490406263211573,-0.8489746980400449,-1.625848979449617;1.6129200755454733,1.5674311779466024,0.948221167868835,0.5094352505218451,0.3536034562136767,-0.22040874322680698,1.6622741227625366,-1.010559915915565,1.228395484519289,0.8176145142553797,-0.04777226905962112,-0.5863396007861534,-0.7256686418469303,-0.47903029485418247,-1.214985806950809,-0.7625340095445953,-1.7152568232462928,1.1126759667359827,2.27891237234259,0.49723158832273545,-0.9571008690893378,0.554270623583486,0.08406982316076862,-1.151731601633847,-0.5497198599669926,-1.4162323824401815,-0.7281350594014292,0.1372014872954804,-0.7051929602770346,-2.911502519039403,0.12522087195686293,0.7461321322619489,0.39521511796956044,-0.3729516330010463,-1.2371178919547623,0.7350255513174138,-1.4433201067776036,0.5629758407326482,-1.5954156656934182,-0.14027053015679486,0.5461440254052581,0.9765430232358449,0.2044156887013677,-0.6039130299401125,-0.503251765131796,0.18389343624239451,0.3754319824521989,2.155820121441151,-1.3693820804132704,-1.4364479228094256,-0.4936183557781647,0.14092100649578393,0.2722607401303635,-0.8641471700497183,-1.1939203598020356,-2.1000505628679393,2.220928359447662,1.1756994462290231,0.24078348196303273,0.642019974657997,0.9549746591982748,-0.899436550106452,-0.4051571844132069,0.48882859341795704,2.216355200392451,0.9992901741555736,0.9872272209598478,-0.33837770643869114,-0.4060916098800185,-0.37353427137839706,0.41789432278503846,1.5099108877363394,0.2535011025634512,-0.29632505944008036,-1.4068317087231905,-0.5221457363525871,-1.0938943492761837,0.44694052510067345,0.6380298326976793,0.9582558814939317,1.0706780755732412,1.2294774722343094,-1.998728335653956,-0.18371083484871165,-1.9571409672452493,0.22891114633389142,1.0408032429698753,1.1403495505737957,0.4421025057347121,0.718192671254211,-2.419764266509521,-0.9347711423787942,-0.7509568250719526,-0.725333874967602,-1.2269860621078643,0.462357025372487,-0.2378365103968981,-0.7063402122242796,-1.7029918180252124,-0.3652150551856287,-0.4154025538667492,-0.26342744380815014,-0.46808460803390106,0.6680789740606324,-1.7884433474749197,0.5266134345479598,0.3848420256809296,-0.5386122381958538,0.6282769498368024,-1.5036243138409597,-3.096945811775848,-0.1694806367572902,-2.4926461654690613,-0.8499729882562459,0.09297391721560133,-0.29918590487914665,-0.4806920789559077,2.1399002412259085,1.4449870749291878,-0.4054082063168377,-0.15008749933475957,0.85929028285007,0.8800992406195405,0.861956252246838,0.9053520747795788,-1.0014292747184195,0.17472319624395266,-0.08603344177617478,0.6448170624165986,-1.2015361213542133,0.42858946127459446,1.0755439839724947,-0.24882569439475988,0.06047868566281961,0.6488833305606119,0.6911596845216773,0.08966531974217112,0.6060117596145538,0.07179162414675844,-0.8221892642867094,-0.35896737749788904,-1.4438511647039147,0.4856465720995238,-1.6099496392244366,-0.5126150376088392,0.404485455470603,1.1106049555272048,0.01212106924620221,0.5664986650696668,-2.5572818103210135,0.7895422508694574,-0.1821252901743785,-0.41270196184256425,-0.4294107943249559,-0.969084335007399,-0.43679605329005455,-0.9039676486793023,-0.07602277987289023
3;82;43688.39661049843;3877;1484;0.049707;0.006445;0.057297/0.069323/0.064294/0.053087/0.063066/0.048803/0.04952/0.102286/0.055179/0.074563/0.077804/0.067019/0.051518/0.116761/0.088552/0.074803/0.136727/0.083971/0.060678/0.09831/0.060543/0.049126/0.05182/0.086652/0.079528/0.053686/0.073662/0.05834/0.104357/0.085687/0.052008/0.049769/0.055292/0.060794/0.059828/0.105342/0.080378/0.058825/0.06107/0.06245/0.06275/0.060489/0.049707/0.057916/0.14656/0.133584/0.153175/0.104232/0.057005/0.051755/0.0732/0.131105/0.086065/0.058296/0.081623/0.09437/0.098791/0.054528/0.060243/0.090501/0.134462/0.054506/0.104859/0.055342/0.056518/0.117014/0.074974/0.081956/0.079824/0.061979/0.080534/0.084655/0.079567/0.093696/0.059445/0.052213/0.052153/0.134032/0.091298/0.05097/0.051158/0.066018/0.060583/0.082967/0.053388/0.138015/0.075432/0.084309/0.052768/0.077479/0.099806/0.051033/0.056304/0.093074/0.054902/0.077062/0.050478/0.088052/0.078437/0.068483;0.001673/0.136027/0.210653/0.165537/0.240717/0.0/0.0/0.357103/0.036223/0.279245/0.388812/0.383887/0.144088/0.367076/0.415109/0.325298/0.580559/0.376113/0.004609/0.652556/0.023409/0.0/0.0/0.363863/0.341793/0.023476/0.347731/0.004705/0.431652/0.385188/0.0/0.0/0.294564/0.044198/0.227244/0.396213/0.390189/0.312924/0.118613/0.328826/0.247851/0.016361/0.006445/2.9e-05/0.375176/0.441052/0.408319/0.378848/0.011322/0.435754/0.504203/0.418006/0.300942/0.003232/0.408386/0.42012/0.509912/0.000143/0.342721/0.60153/0.516988/0.583256/0.381028/9.6e-05/0.005374/0.394568/0.303591/0.422252/0.294009/0.294124/0.347148/0.397648/0.361301/0.348076/0.011781/0.0/0.0/0.398432/0.395668/0.226153/0.212795/0.247057/0.268907/0.506995/0.005766/0.371016/0.870447/0.403529/1e-05/0.36525/0.368941/0.036185/0.345551/0.340215/6.7e-05/0.289075/0.03868/0.338723/0.364399/0.280928;0.075432/0.054506/0.051755/0.05097/0.050478/0.049707/0.048803;0.870447/0.583256/0.435754/0.226153/0.03868/0.006445/0.0;3.962348258312918,0.8339885646398719,-1.007793362480925,-0.2184625022447242,1.5379335089084878,-1.2219682106178884,2.086643429391695,0.3990205524591274,0.7373856257481506,1.0031905822232812,-0.9170014086173379,-0.33301527269660747,-0.06658958552078464,-0.7441993918064447,-1.7580419581499847,-1.0709039252833055,-0.13633235006261368,1.0671874518563818,1.416036010040315,-0.6764373579911961,-0.2528779273230124,1.3864902327515567,0.7124389429934609,-0.9134811966593819,0.3126317086033736,-1.9008880944614903,-2.1061867267013232,1.5131046708525724,-2.3973883765155226,-2.3075623322269703,-1.0309901352510602,-1.3807585547892005,-0.7927658302926817,1.8324112437069218,-2.0212897106163914,0.331815038322927,-0.736575562543405,1.6872952076183398,0.03438295917628417,0.5946222219955912,0.11178981004178723,0.692489770862007,-0.09038918989431771,-0.606886238434369,-0.46209764504059364,-0.42221745297613755,0.5063538220682972,1.5681129390097743,0.013499993124852089,0.34068565460125017,-0.8915367697414908,0.1786107731238437,-1.2846452336563858,0.5293864074800793,-2.5468149827751407,-0.7824093689987637,0.8329464259317579,1.7082185787293795,-2.476167995979677,1.041681924654354,0.08063287253346466,-2.0299094422822788,-0.939714893149719,-0.18914089737186826,0.9099712287743175,2.1049416198062456,0.5903387781059164,0.18602790852412465,0.0854971117344111,0.12282087252184085,1.7418879508129845,3.3859857531984097,1.6983552639033075,-0.10154510393714372,-3.3244806189269824,0.7687531498359867,-1.6848216935513642,1.143928385066737,0.3263817179705776,-0.9152986357626633,0.5772500589811952,2.931823907634211,-1.7857715708612139,-1.1335627355323095,-2.2465359582079905,-1.2191013640188155,1.5003515610029745,2.584722186912842,0.3017153957988893,-0.8587770921200077,-0.7945476213599855,0.39132328602899025,-0.5205334053213101,-2.159059439545565,-2.2765947275779777,1.2067226317256237,-0.5804265724323426,-0.33935830296672576,-1.7946001234243,0.0030900835754571615,-0.026472235899217628,-0.2821399339197717,-0.6410193333275724,1.3417567746953152,-0.9309624072823499,-1.6260781611314261,-0.6820815803750979,-1.7174767748909223,0.06401366616456539,-1.1495324016863508,-0.9163725745183509,0.9392985001092633,-3.9513778266017074,-2.8201124160381625,0.23506350229761397,1.1387226370327865,-3.1016708053935154,3.298505927969922,0.7766160888724718,0.10264872521571566,-0.20715516305068077,-1.273809416597154,-0.6002019478551751,1.4031579019546652,1.9029536816220445,-1.6360852959255465,-0.376977191392729,-0.5109650585774372,0.17302844324286124,-2.2171353285480344,0.7725678136485881,-0.33906538130969455,0.39022272738644076,1.4188424724732354,0.127492568140596,-0.5553945032705838,-1.945879927611846,-0.27144054610888757,0.5726981221854851,-1.30328968050792,-0.23133929678812926,-1.2075304087812415,-0.4070849449662902,0.6211555251563001,0.9006091058868869,0.371954948120803,2.9572989873489886,0.2463547675475711,0.36937298007688835,-1.4189899371993233,-0.007316571290008678,-0.015807857067996922,0.1535014596130742,-0.08618296526915417,-2.404695951179009,-1.9490406263211573,-0.8489746980400449,-1.625848979449617;1.6129200755454733,1.5674311779466024,0.948221167868835,0.5094352505218451,0.3536034562136767,-0.22040874322680698,1.6622741227625366,-1.010559915915565,1.228395484519289,0.8176145142553797,-0.04777226905962112,-0.5863396007861534,-0.7256686418469303,-0.47903029485418247,-1.214985806950809,-0.7625340095445953,-1.7152568232462928,1.1126759667359827,2.27891237234259,0.49723158832273545,-0.9571008690893378,0.554270623583486,0.08406982316076862,-1.151731601633847,-0.5497198599669926,-1.4162323824401815,-0.7281350594014292,0.1372014872954804,-0.7051929602770346,-2.911502519039403,0.12522087195686293,0.7461321322619489,0.39521511796956044,-0.3729516330010463,-1.2371178919547623,0.7350255513174138,-1.4433201067776036,0.5629758407326482,-1.5954156656934182,-0.14027053015679486,0.5461440254052581,0.9765430232358449,0.2044156887013677,-0.6039130299401125,-0.503251765131796,0.18389343624239451,0.3754319824521989,2.155820121441151,-1.3693820804132704,-1.4364479228094256,-0.4936183557781647,0.14092100649578393,0.2722607401303635,-0.8641471700497183,-1.1939203598020356,-2.1000505628679393,2.220928359447662,1.1756994462290231,0.24078348196303273,0.642019974657997,0.9549746591982748,-0.899436550106452,-0.4051571844132069,0.48882859341795704,2.216355200392451,0.9992901741555736,0.9872272209598478,-0.33837770643869114,-0.4060916098800185,-0.37353427137839706,0.41789432278503846,1.5099108877363394,0.2535011025634512,-0.29632505944008036,-1.4068317087231905,-0.5221457363525871,-1.0938943492761837,0.44694052510067345,0.6380298326976793,0.9582558814939317,1.0706780755732412,1.2294774722343094,-1.998728335653956,-0.18371083484871165,-1.9571409672452493,0.22891114633389142,1.0408032429698753,1.1403495505737957,0.4421025057347121,0.718192671254211,-2.419764266509521,-0.9347711423787942,-0.7509568250719526,-0.725333874967602,-1.2269860621078643,0.462357025372487,-0.2378365103968981,-0.7063402122242796,-1.7029918180252124,-0.3652150551856287,-0.4154025538667492,-0.26342744380815014,-0.46808460803390106,0.6680789740606324,-1.7884433474749197,0.5266134345479598,0.3848420256809296,-0.5386122381958538,0.6282769498368024,-1.5036243138409597,-3.096945811775848,-0.1694806367572902,-2.4926461654690613,-0.8499729882562459,0.09297391721560133,-0.29918590487914665,-0.4806920789559077,2.1399002412259085,1.4449870749291878,-0.4054082063168377,-0.15008749933475957,0.85929028285007,0.8800992406195405,0.861956252246838,0.9053520747795788,-1.0014292747184195,0.17472319624395266,-0.08603344177617478,0.6448170624165986,-1.2015361213542133,0.42858946127459446,1.0755439839724947,-0.24882569439475988,0.06047868566281961,0.6488833305606119,0.6911596845216773,0.08966531974217112,0.6060117596145538,0.07179162414675844,-0.8221892642867094,-0.35896737749788904,-1.4438511647039147,0.4856465720995238,-1.6099496392244366,-0.5126150376088392,0.404485455470603,1.1106049555272048,0.01212106924620221,0.5664986650696668,-2.5572818103210135,0.7895422508694574,-0.1821252901743785,-0.41270196184256425,-0.4294107943249559,-0.969084335007399,-0.43679605329005455,-0.9039676486793023,-0.07602277987289023
3;83;44227.2854115963;3877;1484;0.049707;0.006445;0.057297/0.064294/0.053087/0.063066/0.048803/0.04952/0.102286/0.055179/0.074563/0.077804/0.067019/0.051518/0.116761/0.088552/0.074803/0.136727/0.083971/0.060678/0.09831/0.060543/0.049126/0.05182/0.086652/0.079528/0.053686/0.073662/0.05834/0.104357/0.085687/0.052008/0.049769/0.055292/0.060794/0.059828/0.105342/0.080378/0.058825/0.06107/0.06245/0.06275/0.060489/0.049707/0.057916/0.14656/0.133584/0.153175/0.104232/0.057005/0.051755/0.0732/0.131105/0.086065/0.058296/0.081623/0.09437/0.098791/0.054528/0.060243/0.090501/0.134462/0.054506/0.104859/0.055342/0.056518/0.117014/0.074974/0.081956/0.079824/0.061979/0.080534/0.084655/0.079567/0.059445/0.052213/0.052153/0.134032/0.091298/0.05097/0.051158/0.066018/0.060583/0.082967/0.053388/0.138015/0.075432/0.084309/0.052768/0.077479/0.099806/0.051033/0.056304/0.093074/0.054902/0.077062/0.050478/0.078437/0.068483/0.060286/0.113741/0.12735;0.001673/0.210653/0.165537/0.240717/0.0/0.0/0.357103/0.036223/0.279245/0.388812/0.383887/0.144088/0.367076/0.415109/0.325298/0.580559/0.376113/0.004609/0.652556/0.023409/0.0/0.0/0.363863/0.341793/0.023476/0.347731/0.004705/0.431652/0.385188/0.0/0.0/0.294564/0.044198/0.227244/0.396213/0.390189/0.312924/0.118613/0.328826/0.247851/0.016361/0.006445/2.9e-05/0.375176/0.441052/0.408319/0.378848/0.011322/0.435754/0.504203/0.418006/0.300942/0.003232/0.408386/0.42012/0.509912/0.000143/0.342721/0.60153/0.516988/0.583256/0.381028/9.6e-05/0.005374/0.394568/0.303591/0.422252/0.294009/0.294124/0.347148/0.397648/0.361301/0.011781/0.0/0.0/0.398432/0.395668/0.226153/0.212795/0.247057/0.268907/0.506995/0.005766/0.371016/0.870447/0.403529/1e-05/0.36525/0.368941/0.036185/0.345551/0.340215/6.7e-05/0.289075/0.03868/0.364399/0.280928/0.37312/0.4177/0.709778;0.075432/0.054506/0.051755/0.05097/0.050478/0.049707/0.048803;0.870447/0.583256/0.435754/0.226153/0.03868/0.006445/0.0;3.962348258312918,0.8339885646398719,-1.007793362480925,-0.2184625022447242,1.5379335089084878,-1.2219682106178884,2.086643429391695,0.3990205524591274,0.7373856257481506,1.0031905822232812,-0.9170014086173379,-0.33301527269660747,-0.06658958552078464,-0.7441993918064447,-1.7580419581499847,-1.0709039252833055,-0.13633235006261368,1.0671874518563818,1.416036010040315,-0.6764373579911961,-0.2528779273230124,1.3864902327515567,0.7124389429934609,-0.9134811966593819,0.3126317086033736,-1.9008880944614903,-2.1061867267013232,1.5131046708525724,-2.3973883765155226,-2.3075623322269703,-1.0309901352510602,-1.3807585547892005,-0.7927658302926817,1.8324112437069218,-2.0212897106163914,0.331815038322927,-0.736575562543405,1.6872952076183398,0.03438295917628417,0.5946222219955912,0.11178981004178723,0.692489770862007,-0.09038918989431771,-0.606886238434369,-0.46209764504059364,-0.42221745297613755,0.5063538220682972,1.5681129390097743,0.013499993124852089,0.34068565460125017,-0.8915367697414908,0.1786107731238437,-1.2846452336563858,0.5293864074800793,-2.5468149827751407,-0.7824093689987637,0.8329464259317579,1.7082185787293795,-2.476167995979677,1.041681924654354,0.08063287253346466,-2.0299094422822788,-0.939714893149719,-0.18914089737186826,0.9099712287743175,2.1049416198062456,0.5903387781059164,0.18602790852412465,0.0854971117344111,0.12282087252184085,1.7418879508129845,3.3859857531984097,1.6983552639033075,-0.10154510393714372,-3.3244806189269824,0.7687531498359867,-1.6848216935513642,1.143928385066737,0.3263817179705776,-0.9152986357626633,0.5772500589811952,2.931823907634211,-1.7857715708612139,-1.1335627355323095,-2.2465359582079905,-1.2191013640188155,1.5003515610029745,2.584722186912842,0.3017153957988893,-0.8587770921200077,-0.7945476213599855,0.39132328602899025,-0.5205334053213101,-2.159059439545565,-2.2765947275779777,1.2067226317256237,-0.5804265724323426,-0.33935830296672576,-1.7946001234243,0.0030900835754571615,-0.026472235899217628,-0.2821399339197717,-0.6410193333275724,1.3417567746953152,-0.9309624072823499,-1.6260781611314261,-0.6820815803750979,-1.7174767748909223,0.06401366616456539,-1.1495324016863508,-0.9163725745183509,0.9392985001092633,-3.9513778266017074,-2.8201124160381625,0.23506350229761397,1.1387226370327865,-3.1016708053935154,3.298505927969922,0.7766160888724718,0.10264872521571566,-0.20715516305068077,-1.273809416597154,-0.6002019478551751,1.4031579019546652,1.9029536816220445,-1.6360852959255465,-0.376977191392729,-0.5109650585774372,0.17302844324286124,-2.2171353285480344,0.7725678136485881,-0.33906538130969455,0.39022272738644076,1.4188424724732354,0.127492568140596,-0.5553945032705838,-1.945879927611846,-0.27144054610888757,0.5726981221854851,-1.30328968050792,-0.23133929678812926,-1.2075304087812415,-0.4070849449662902,0.6211555251563001,0.9006091058868869,0.371954948120803,2.9572989873489886,0.2463547675475711,0.36937298007688835,-1.4189899371993233,-0.007316571290008678,-0.015807857067996922,0.1535014596130742,-0.08618296526915417,-2.404695951179009,-1.9490406263211573,-0.8489746980400449,-1.625848979449617;1.6129200755454733,1.5674311779466024,0.948221167868835,0.5094352505218451,0.3536034562136767,-0.22040874322680698,1.6622741227625366,-1.010559915915565,1.228395484519289,0.8176145142553797,-0.04777226905962112,-0.5863396007861534,-0.7256686418469303,-0.47903029485418247,-1.214985806950809,-0.7625340095445953,-1.7152568232462928,1.1126759667359827,2.27891237234259,0.49723158832273545,-0.9571008690893378,0.554270623583486,0.08406982316076862,-1.151731601633847,-0.5497198599669926,-1.4162323824401815,-0.7281350594014292,0.1372014872954804,-0.7051929602770346,-2.911502519039403,0.12522087195686293,0.7461321322619489,0.39521511796956044,-0.3729516330010463,-1.2371178919547623,0.7350255513174138,-1.4433201067776036,0.5629758407326482,-1.5954156656934182,-0.14027053015679486,0.5461440254052581,0.9765430232358449,0.2044156887013677,-0.6039130299401125,-0.503251765131796,0.18389343624239451,0.3754319824521989,2.155820121441151,-1.3693820804132704,-1.4364479228094256,-0.4936183557781647,0.14092100649578393,0.2722607401303635,-0.8641471700497183,-1.1939203598020356,-2.1000505628679393,2.220928359447662,1.1756994462290231,0.24078348196303273,0.642019974657997,0.9549746591982748,-0.899436550106452,-0.4051571844132069,0.48882859341795704,2.216355200392451,0.9992901741555736,0.9872272209598478,-0.33837770643869114,-0.4060916098800185,-0.37353427137839706,0.41789432278503846,1.5099108877363394,0.2535011025634512,-0.29632505944008036,-1.4068317087231905,-0.5221457363525871,-1.0938943492761837,0.44694052510067345,0.6380298326976793,0.9582558814939317,1.0706780755732412,1.2294774722343094,-1.998728335653956,-0.18371083484871165,-1.9571409672452493,0.22891114633389142,1.0408032429698753,1.1403495505737957,0.4421025057347121,0.718192671254211,-2.419764266509521,-0.9347711423787942,-0.7509568250719526,-0.725333874967602,-1.2269860621078643,0.462357025372487,-0.2378365103968981,-0.7063402122242796,-1.7029918180252124,-0.3652150551856287,-0.4154025538667492,-0.26342744380815014,-0.46808460803390106,0.6680789740606324,-1.7884433474749197,0.5266134345479598,0.3848420256809296,-0.5386122381958538,0.6282769498368024,-1.5036243138409597,-3.096945811775848,-0.1694806367572902,-2.4926461654690613,-0.8499729882562459,0.09297391721560133,-0.29918590487914665,-0.4806920789559077,2.1399002412259085,1.4449870749291878,-0.4054082063168377,-0.15008749933475957,0.85929028285007,0.8800992406195405,0.861956252246838,0.9053520747795788,-1.0014292747184195,0.17472319624395266,-0.08603344177617478,0.6448170624165986,-1.2015361213542133,0.42858946127459446,1.0755439839724947,-0.24882569439475988,0.06047868566281961,0.6488833305606119,0.6911596845216773,0.08966531974217112,0.6060117596145538,0.07179162414675844,-0.8221892642867094,-0.35896737749788904,-1.4438511647039147,0.4856465720995238,-1.6099496392244366,-0.5126150376088392,0.404485455470603,1.1106049555272048,0.01212106924620221,0.5664986650696668,-2.5572818103210135,0.7895422508694574,-0.1821252901743785,-0.41270196184256425,-0.4294107943249559,-0.969084335007399,-0.43679605329005455,-0.9039676486793023,-0.07602277987289023
3;84;44765.44718837738;3877;1484;0.049707;0.006445;0.057297/0.064294/0.053087/0.063066/0.048803/0.04952/0.102286/0.055179/0.074563/0.077804/0.067019/0.051518/0.116761/0.088552/0.074803/0.136727/0.083971/0.060678/0.09831/0.060543/0.049126/0.05182/0.086652/0.079528/0.053686/0.073662/0.05834/0.104357/0.085687/0.052008/0.049769/0.055292/0.060794/0.059828/0.105342/0.080378/0.058825/0.06107/0.06245/0.06275/0.060489/0.049707/0.057916/0.14656/0.133584/0.153175/0.104232/0.057005/0.051755/0.0732/0.131105/0.086065/0.058296/0.081623/0.09437/0.098791/0.054528/0.060243/0.090501/0.134462/0.054506/0.104859/0.055342/0.056518/0.117014/0.074974/0.081956/0.079824/0.061979/0.080534/0.084655/0.079567/0.059445/0.052213/0.052153/0.134032/0.091298/0.05097/0.051158/0.066018/0.060583/0.082967/0.053388/0.138015/0.075432/0.084309/0.052768/0.077479/0.099806/0.051033/0.056304/0.054902/0.077062/0.050478/0.078437/0.068483/0.060286/0.113741/0.12735/0.058661;0.001673/0.210653/0.165537/0.240717/0.0/0.0/0.357103/0.036223/0.279245/0.388812/0.383887/0.144088/0.367076/0.415109/0.325298/0.580559/0.376113/0.004609/0.652556/0.023409/0.0/0.0/0.363863/0.341793/0.023476/0.347731/0.004705/0.431652/0.385188/0.0/0.0/0.294564/0.044198/0.227244/0.396213/0.390189/0.312924/0.118613/0.328826/0.247851/0.016361/0.006445/2.9e-05/0.375176/0.441052/0.408319/0.378848/0.011322/0.435754/0.504203/0.418006/0.300942/0.003232/0.408386/0.42012/0.509912/0.000143/0.342721/0.60153/0.516988/0.583256/0.381028/9.6e-05/0.005374/0.394568/0.303591/0.422252/0.294009/0.294124/0.347148/0.397648/0.361301/0.011781/0.0/0.0/0.398432/0.395668/0.226153/0.212795/0.247057/0.268907/0.506995/0.005766/0.371016/0.870447/0.403529/1e-05/0.36525/0.368941/0.036185/0.345551/6.7e-05/0.289075/0.03868/0.364399/0.280928/0.37312/0.4177/0.709778/0.103246;0.075432/0.054506/0.051755/0.05097/0.050478/0.049707/0.048803;0.870447/0.583256/0.435754/0.226153/0.03868/0.006445/0.0;3.962348258312918,0.8339885646398719,-1.007793362480925,-0.2184625022447242,1.5379335089084878,-1.2219682106178884,2.086643429391695,0.3990205524591274,0.7373856257481506,1.0031905822232812,-0.9170014086173379,-0.33301527269660747,-0.06658958552078464,-0.7441993918064447,-1.7580419581499847,-1.0709039252833055,-0.13633235006261368,1.0671874518563818,1.416036010040315,-0.6764373579911961,-0.2528779273230124,1.3864902327515567,0.7124389429934609,-0.9134811966593819,0.3126317086033736,-1.9008880944614903,-2.1061867267013232,1.5131046708525724,-2.3973883765155226,-2.3075623322269703,-1.0309901352510602,-1.3807585547892005,-0.7927658302926817,1.8324112437069218,-2.0212897106163914,0.331815038322927,-0.736575562543405,1.6872952076183398,0.03438295917628417,0.5946222219955912,0.11178981004178723,0.692489770862007,-0.09038918989431771,-0.606886238434369,-0.46209764504059364,-0.42221745297613755,0.5063538220682972,1.5681129390097743,0.013499993124852089,0.34068565460125017,-0.8915367697414908,0.1786107731238437,-1.2846452336563858,0.5293864074800793,-2.5468149827751407,-0.7824093689987637,0.8329464259317579,1.7082185787293795,-2.476167995979677,1.041681924654354,0.08063287253346466,-2.0299094422822788,-0.939714893149719,-0.18914089737186826,0.9099712287743175,2.1049416198062456,0.5903387781059164,0.18602790852412465,0.0854971117344111,0.12282087252184085,1.7418879508129845,3.3859857531984097,1.6983552639033075,-0.10154510393714372,-3.3244806189269824,0.7687531498359867,-1.6848216935513642,1.143928385066737,0.3263817179705776,-0.9152986357626633,0.5772500589811952,2.931823907634211,-1.7857715708612139,-1.1335627355323095,-2.2465359582079905,-1.2191013640188155,1.5003515610029745,2.584722186912842,0.3017153957988893,-0.8587770921200077,-0.7945476213599855,0.39132328602899025,-0.5205334053213101,-2.159059439545565,-2.2765947275779777,1.2067226317256237,-0.5804265724323426,-0.33935830296672576,-1.7946001234243,0.0030900835754571615,-0.026472235899217628,-0.2821399339197717,-0.6410193333275724,1.3417567746953152,-0.9309624072823499,-1.6260781611314261,-0.6820815803750979,-1.7174767748909223,0.06401366616456539,-1.1495324016863508,-0.9163725745183509,0.9392985001092633,-3.9513778266017074,-2.8201124160381625,0.23506350229761397,1.1387226370327865,-3.1016708053935154,3.298505927969922,0.7766160888724718,0.10264872521571566,-0.20715516305068077,-1.273809416597154,-0.6002019478551751,1.4031579019546652,1.9029536816220445,-1.6360852959255465,-0.376977191392729,-0.5109650585774372,0.17302844324286124,-2.2171353285480344,0.7725678136485881,-0.33906538130969455,0.39022272738644076,1.4188424724732354,0.127492568140596,-0.5553945032705838,-1.945879927611846,-0.27144054610888757,0.5726981221854851,-1.30328968050792,-0.23133929678812926,-1.2075304087812415,-0.4070849449662902,0.6211555251563001,0.9006091058868869,0.371954948120803,2.9572989873489886,0.2463547675475711,0.36937298007688835,-1.4189899371993233,-0.007316571290008678,-0.015807857067996922,0.1535014596130742,-0.08618296526915417,-2.404695951179009,-1.9490406263211573,-0.8489746980400449,-1.625848979449617;1.6129200755454733,1.5674311779466024,0.948221167868835,0.5094352505218451,0.3536034562136767,-0.22040874322680698,1.6622741227625366,-1.010559915915565,1.228395484519289,0.8176145142553797,-0.04777226905962112,-0.5863396007861534,-0.7256686418469303,-0.47903029485418247,-1.214985806950809,-0.7625340095445953,-1.7152568232462928,1.1126759667359827,2.27891237234259,0.49723158832273545,-0.9571008690893378,0.554270623583486,0.08406982316076862,-1.151731601633847,-0.5497198599669926,-1.4162323824401815,-0.7281350594014292,0.1372014872954804,-0.7051929602770346,-2.911502519039403,0.12522087195686293,0.7461321322619489,0.39521511796956044,-0.3729516330010463,-1.2371178919547623,0.7350255513174138,-1.4433201067776036,0.5629758407326482,-1.5954156656934182,-0.14027053015679486,0.5461440254052581,0.9765430232358449,0.2044156887013677,-0.6039130299401125,-0.503251765131796,0.18389343624239451,0.3754319824521989,2.155820121441151,-1.3693820804132704,-1.4364479228094256,-0.4936183557781647,0.14092100649578393,0.2722607401303635,-0.8641471700497183,-1.1939203598020356,-2.1000505628679393,2.220928359447662,1.1756994462290231,0.24078348196303273,0.642019974657997,0.9549746591982748,-0.899436550106452,-0.4051571844132069,0.48882859341795704,2.216355200392451,0.9992901741555736,0.9872272209598478,-0.33837770643869114,-0.4060916098800185,-0.37353427137839706,0.41789432278503846,1.5099108877363394,0.2535011025634512,-0.29632505944008036,-1.4068317087231905,-0.5221457363525871,-1.0938943492761837,0.44694052510067345,0.6380298326976793,0.9582558814939317,1.0706780755732412,1.2294774722343094,-1.998728335653956,-0.18371083484871165,-1.9571409672452493,0.22891114633389142,1.0408032429698753,1.1403495505737957,0.4421025057347121,0.718192671254211,-2.419764266509521,-0.9347711423787942,-0.7509568250719526,-0.725333874967602,-1.2269860621078643,0.462357025372487,-0.2378365103968981,-0.7063402122242796,-1.7029918180252124,-0.3652150551856287,-0.4154025538667492,-0.26342744380815014,-0.46808460803390106,0.6680789740606324,-1.7884433474749197,0.5266134345479598,0.3848420256809296,-0.5386122381958538,0.6282769498368024,-1.5036243138409597,-3.096945811775848,-0.1694806367572902,-2.4926461654690613,-0.8499729882562459,0.09297391721560133,-0.29918590487914665,-0.4806920789559077,2.1399002412259085,1.4449870749291878,-0.4054082063168377,-0.15008749933475957,0.85929028285007,0.8800992406195405,0.861956252246838,0.9053520747795788,-1.0014292747184195,0.17472319624395266,-0.08603344177617478,0.6448170624165986,-1.2015361213542133,0.42858946127459446,1.0755439839724947,-0.24882569439475988,0.06047868566281961,0.6488833305606119,0.6911596845216773,0.08966531974217112,0.6060117596145538,0.07179162414675844,-0.8221892642867094,-0.35896737749788904,-1.4438511647039147,0.4856465720995238,-1.6099496392244366,-0.5126150376088392,0.404485455470603,1.1106049555272048,0.01212106924620221,0.5664986650696668,-2.5572818103210135,0.7895422508694574,-0.1821252901743785,-0.41270196184256425,-0.4294107943249559,-0.969084335007399,-0.43679605329005455,-0.9039676486793023,-0.07602277987289023
3;85;45296.0490193367;3877;1484;0.049707;0.006445;0.057297/0.064294/0.053087/0.063066/0.048803/0.04952/0.055179/0.074563/0.077804/0.067019/0.051518/0.116761/0.088552/0.074803/0.136727/0.083971/0.09831/0.060543/0.049126/0.05182/0.086652/0.079528/0.053686/0.073662/0.05834/0.104357/0.085687/0.052008/0.049769/0.055292/0.060794/0.059828/0.105342/0.080378/0.058825/0.06107/0.06245/0.06275/0.060489/0.049707/0.057916/0.14656/0.133584/0.153175/0.104232/0.057005/0.051755/0.0732/0.131105/0.086065/0.058296/0.081623/0.09437/0.098791/0.054528/0.060243/0.090501/0.134462/0.054506/0.104859/0.055342/0.056518/0.117014/0.074974/0.081956/0.079824/0.061979/0.080534/0.084655/0.079567/0.059445/0.052213/0.052153/0.134032/0.091298/0.05097/0.051158/0.066018/0.060583/0.082967/0.053388/0.138015/0.075432/0.084309/0.052768/0.077479/0.099806/0.051033/0.056304/0.054902/0.077062/0.050478/0.078437/0.068483/0.060286/0.113741/0.12735/0.058661/0.051716/0.060164;0.001673/0.210653/0.165537/0.240717/0.0/0.0/0.036223/0.279245/0.388812/0.383887/0.144088/0.367076/0.415109/0.325298/0.580559/0.376113/0.652556/0.023409/0.0/0.0/0.363863/0.341793/0.023476/0.347731/0.004705/0.431652/0.385188/0.0/0.0/0.294564/0.044198/0.227244/0.396213/0.390189/0.312924/0.118613/0.328826/0.247851/0.016361/0.006445/2.9e-05/0.375176/0.441052/0.408319/0.378848/0.011322/0.435754/0.504203/0.418006/0.300942/0.003232/0.408386/0.42012/0.509912/0.000143/0.342721/0.60153/0.516988/0.583256/0.381028/9.6e-05/0.005374/0.394568/0.303591/0.422252/0.294009/0.294124/0.347148/0.397648/0.361301/0.011781/0.0/0.0/0.398432/0.395668/0.226153/0.212795/0.247057/0.268907/0.506995/0.005766/0.371016/0.870447/0.403529/1e-05/0.36525/0.368941/0.036185/0.345551/6.7e-05/0.289075/0.03868/0.364399/0.280928/0.37312/0.4177/0.709778/0.103246/0.007813/0.0107;0.075432/0.054506/0.051755/0.05097/0.050478/0.049707/0.048803;0.870447/0.583256/0.435754/0.226153/0.03868/0.006445/0.0;3.962348258312918,0.8339885646398719,-1.007793362480925,-0.2184625022447242,1.5379335089084878,-1.2219682106178884,2.086643429391695,0.3990205524591274,0.7373856257481506,1.0031905822232812,-0.9170014086173379,-0.33301527269660747,-0.06658958552078464,-0.7441993918064447,-1.7580419581499847,-1.0709039252833055,-0.13633235006261368,1.0671874518563818,1.416036010040315,-0.6764373579911961,-0.2528779273230124,1.3864902327515567,0.7124389429934609,-0.9134811966593819,0.3126317086033736,-1.9008880944614903,-2.1061867267013232,1.5131046708525724,-2.3973883765155226,-2.3075623322269703,-1.0309901352510602,-1.3807585547892005,-0.7927658302926817,1.8324112437069218,-2.0212897106163914,0.331815038322927,-0.736575562543405,1.6872952076183398,0.03438295917628417,0.5946222219955912,0.11178981004178723,0.692489770862007,-0.09038918989431771,-0.606886238434369,-0.46209764504059364,-0.42221745297613755,0.5063538220682972,1.5681129390097743,0.013499993124852089,0.34068565460125017,-0.8915367697414908,0.1786107731238437,-1.2846452336563858,0.5293864074800793,-2.5468149827751407,-0.7824093689987637,0.8329464259317579,1.7082185787293795,-2.476167995979677,1.041681924654354,0.08063287253346466,-2.0299094422822788,-0.939714893149719,-0.18914089737186826,0.9099712287743175,2.1049416198062456,0.5903387781059164,0.18602790852412465,0.0854971117344111,0.12282087252184085,1.7418879508129845,3.3859857531984097,1.6983552639033075,-0.10154510393714372,-3.3244806189269824,0.7687531498359867,-1.6848216935513642,1.143928385066737,0.3263817179705776,-0.9152986357626633,0.5772500589811952,2.931823907634211,-1.7857715708612139,-1.1335627355323095,-2.2465359582079905,-1.2191013640188155,1.5003515610029745,2.584722186912842,0.3017153957988893,-0.8587770921200077,-0.7945476213599855,0.39132328602899025,-0.5205334053213101,-2.159059439545565,-2.2765947275779777,1.2067226317256237,-0.5804265724323426,-0.33935830296672576,-1.7946001234243,0.0030900835754571615,-0.026472235899217628,-0.2821399339197717,-0.6410193333275724,1.3417567746953152,-0.9309624072823499,-1.6260781611314261,-0.6820815803750979,-1.7174767748909223,0.06401366616456539,-1.1495324016863508,-0.9163725745183509,0.9392985001092633,-3.9513778266017074,-2.8201124160381625,0.23506350229761397,1.1387226370327865,-3.1016708053935154,3.298505927969922,0.7766160888724718,0.10264872521571566,-0.20715516305068077,-1.273809416597154,-0.6002019478551751,1.4031579019546652,1.9029536816220445,-1.6360852959255465,-0.376977191392729,-0.5109650585774372,0.17302844324286124,-2.2171353285480344,0.7725678136485881,-0.33906538130969455,0.39022272738644076,1.4188424724732354,0.127492568140596,-0.5553945032705838,-1.945879927611846,-0.27144054610888757,0.5726981221854851,-1.30328968050792,-0.23133929678812926,-1.2075304087812415,-0.4070849449662902,0.6211555251563001,0.9006091058868869,0.371954948120803,2.9572989873489886,0.2463547675475711,0.36937298007688835,-1.4189899371993233,-0.007316571290008678,-0.015807857067996922,0.1535014596130742,-0.08618296526915417,-2.404695951179009,-1.9490406263211573,-0.8489746980400449,-1.625848979449617;1.6129200755454733,1.5674311779466024,0.948221167868835,0.5094352505218451,0.3536034562136767,-0.22040874322680698,1.6622741227625366,-1.010559915915565,1.228395484519289,0.8176145142553797,-0.04777226905962112,-0.5863396007861534,-0.7256686418469303,-0.47903029485418247,-1.214985806950809,-0.7625340095445953,-1.7152568232462928,1.1126759667359827,2.27891237234259,0.49723158832273545,-0.9571008690893378,0.554270623583486,0.08406982316076862,-1.151731601633847,-0.5497198599669926,-1.4162323824401815,-0.7281350594014292,0.1372014872954804,-0.7051929602770346,-2.911502519039403,0.12522087195686293,0.7461321322619489,0.39521511796956044,-0.3729516330010463,-1.2371178919547623,0.7350255513174138,-1.4433201067776036,0.5629758407326482,-1.5954156656934182,-0.14027053015679486,0.5461440254052581,0.9765430232358449,0.2044156887013677,-0.6039130299401125,-0.503251765131796,0.18389343624239451,0.3754319824521989,2.155820121441151,-1.3693820804132704,-1.4364479228094256,-0.4936183557781647,0.14092100649578393,0.2722607401303635,-0.8641471700497183,-1.1939203598020356,-2.1000505628679393,2.220928359447662,1.1756994462290231,0.24078348196303273,0.642019974657997,0.9549746591982748,-0.899436550106452,-0.4051571844132069,0.48882859341795704,2.216355200392451,0.9992901741555736,0.9872272209598478,-0.33837770643869114,-0.4060916098800185,-0.37353427137839706,0.41789432278503846,1.5099108877363394,0.2535011025634512,-0.29632505944008036,-1.4068317087231905,-0.5221457363525871,-1.0938943492761837,0.44694052510067345,0.6380298326976793,0.9582558814939317,1.0706780755732412,1.2294774722343094,-1.998728335653956,-0.18371083484871165,-1.9571409672452493,0.22891114633389142,1.0408032429698753,1.1403495505737957,0.4421025057347121,0.718192671254211,-2.419764266509521,-0.9347711423787942,-0.7509568250719526,-0.725333874967602,-1.2269860621078643,0.462357025372487,-0.2378365103968981,-0.7063402122242796,-1.7029918180252124,-0.3652150551856287,-0.4154025538667492,-0.26342744380815014,-0.46808460803390106,0.6680789740606324,-1.7884433474749197,0.5266134345479598,0.3848420256809296,-0.5386122381958538,0.6282769498368024,-1.5036243138409597,-3.096945811775848,-0.1694806367572902,-2.4926461654690613,-0.8499729882562459,0.09297391721560133,-0.29918590487914665,-0.4806920789559077,2.1399002412259085,1.4449870749291878,-0.4054082063168377,-0.15008749933475957,0.85929028285007,0.8800992406195405,0.861956252246838,0.9053520747795788,-1.0014292747184195,0.17472319624395266,-0.08603344177617478,0.6448170624165986,-1.2015361213542133,0.42858946127459446,1.0755439839724947,-0.24882569439475988,0.06047868566281961,0.6488833305606119,0.6911596845216773,0.08966531974217112,0.6060117596145538,0.07179162414675844,-0.8221892642867094,-0.35896737749788904,-1.4438511647039147,0.4856465720995238,-1.6099496392244366,-0.5126150376088392,0.404485455470603,1.1106049555272048,0.01212106924620221,0.5664986650696668,-2.5572818103210135,0.7895422508694574,-0.1821252901743785,-0.41270196184256425,-0.4294107943249559,-0.969084335007399,-0.43679605329005455,-0.9039676486793023,-0.07602277987289023
3;86;45825.46798682213;3877;1484;0.049707;0.006445;0.057297/0.064294/0.053087/0.063066/0.048803/0.04952/0.055179/0.074563/0.077804/0.067019/0.051518/0.116761/0.088552/0.074803/0.136727/0.083971/0.09831/0.060543/0.049126/0.05182/0.086652/0.079528/0.053686/0.073662/0.05834/0.104357/0.085687/0.052008/0.049769/0.055292/0.060794/0.059828/0.105342/0.080378/0.058825/0.06107/0.06245/0.06275/0.060489/0.049707/0.057916/0.14656/0.133584/0.153175/0.104232/0.057005/0.051755/0.0732/0.131105/0.086065/0.058296/0.081623/0.09437/0.098791/0.054528/0.060243/0.090501/0.134462/0.054506/0.104859/0.055342/0.056518/0.117014/0.074974/0.081956/0.079824/0.061979/0.080534/0.084655/0.079567/0.059445/0.052153/0.134032/0.091298/0.05097/0.051158/0.066018/0.060583/0.082967/0.053388/0.138015/0.075432/0.084309/0.052768/0.077479/0.099806/0.051033/0.056304/0.054902/0.077062/0.050478/0.078437/0.068483/0.060286/0.113741/0.12735/0.058661/0.051716/0.060164/0.050985;0.001673/0.210653/0.165537/0.240717/0.0/0.0/0.036223/0.279245/0.388812/0.383887/0.144088/0.367076/0.415109/0.325298/0.580559/0.376113/0.652556/0.023409/0.0/0.0/0.363863/0.341793/0.023476/0.347731/0.004705/0.431652/0.385188/0.0/0.0/0.294564/0.044198/0.227244/0.396213/0.390189/0.312924/0.118613/0.328826/0.247851/0.016361/0.006445/2.9e-05/0.375176/0.441052/0.408319/0.378848/0.011322/0.435754/0.504203/0.418006/0.300942/0.003232/0.408386/0.42012/0.509912/0.000143/0.342721/0.60153/0.516988/0.583256/0.381028/9.6e-05/0.005374/0.394568/0.303591/0.422252/0.294009/0.294124/0.347148/0.397648/0.361301/0.011781/0.0/0.398432/0.395668/0.226153/0.212795/0.247057/0.268907/0.506995/0.005766/0.371016/0.870447/0.403529/1e-05/0.36525/0.368941/0.036185/0.345551/6.7e-05/0.289075/0.03868/0.364399/0.280928/0.37312/0.4177/0.709778/0.103246/0.007813/0.0107/0.0;0.075432/0.054506/0.051755/0.05097/0.050478/0.049707/0.048803;0.870447/0.583256/0.435754/0.226153/0.03868/0.006445/0.0;3.962348258312918,0.8339885646398719,-1.007793362480925,-0.2184625022447242,1.5379335089084878,-1.2219682106178884,2.086643429391695,0.3990205524591274,0.7373856257481506,1.0031905822232812,-0.9170014086173379,-0.33301527269660747,-0.06658958552078464,-0.7441993918064447,-1.7580419581499847,-1.0709039252833055,-0.13633235006261368,1.0671874518563818,1.416036010040315,-0.6764373579911961,-0.2528779273230124,1.3864902327515567,0.7124389429934609,-0.9134811966593819,0.3126317086033736,-1.9008880944614903,-2.1061867267013232,1.5131046708525724,-2.3973883765155226,-2.3075623322269703,-1.0309901352510602,-1.3807585547892005,-0.7927658302926817,1.8324112437069218,-2.0212897106163914,0.331815038322927,-0.736575562543405,1.6872952076183398,0.03438295917628417,0.5946222219955912,0.11178981004178723,0.692489770862007,-0.09038918989431771,-0.606886238434369,-0.46209764504059364,-0.42221745297613755,0.5063538220682972,1.5681129390097743,0.013499993124852089,0.34068565460125017,-0.8915367697414908,0.1786107731238437,-1.2846452336563858,0.5293864074800793,-2.5468149827751407,-0.7824093689987637,0.8329464259317579,1.7082185787293795,-2.476167995979677,1.041681924654354,0.08063287253346466,-2.0299094422822788,-0.939714893149719,-0.18914089737186826,0.9099712287743175,2.1049416198062456,0.5903387781059164,0.18602790852412465,0.0854971117344111,0.12282087252184085,1.7418879508129845,3.3859857531984097,1.6983552639033075,-0.10154510393714372,-3.3244806189269824,0.7687531498359867,-1.6848216935513642,1.143928385066737,0.3263817179705776,-0.9152986357626633,0.5772500589811952,2.931823907634211,-1.7857715708612139,-1.1335627355323095,-2.2465359582079905,-1.2191013640188155,1.5003515610029745,2.584722186912842,0.3017153957988893,-0.8587770921200077,-0.7945476213599855,0.39132328602899025,-0.5205334053213101,-2.159059439545565,-2.2765947275779777,1.2067226317256237,-0.5804265724323426,-0.33935830296672576,-1.7946001234243,0.0030900835754571615,-0.026472235899217628,-0.2821399339197717,-0.6410193333275724,1.3417567746953152,-0.9309624072823499,-1.6260781611314261,-0.6820815803750979,-1.7174767748909223,0.06401366616456539,-1.1495324016863508,-0.9163725745183509,0.9392985001092633,-3.9513778266017074,-2.8201124160381625,0.23506350229761397,1.1387226370327865,-3.1016708053935154,3.298505927969922,0.7766160888724718,0.10264872521571566,-0.20715516305068077,-1.273809416597154,-0.6002019478551751,1.4031579019546652,1.9029536816220445,-1.6360852959255465,-0.376977191392729,-0.5109650585774372,0.17302844324286124,-2.2171353285480344,0.7725678136485881,-0.33906538130969455,0.39022272738644076,1.4188424724732354,0.127492568140596,-0.5553945032705838,-1.945879927611846,-0.27144054610888757,0.5726981221854851,-1.30328968050792,-0.23133929678812926,-1.2075304087812415,-0.4070849449662902,0.6211555251563001,0.9006091058868869,0.371954948120803,2.9572989873489886,0.2463547675475711,0.36937298007688835,-1.4189899371993233,-0.007316571290008678,-0.015807857067996922,0.1535014596130742,-0.08618296526915417,-2.404695951179009,-1.9490406263211573,-0.8489746980400449,-1.625848979449617;1.6129200755454733,1.5674311779466024,0.948221167868835,0.5094352505218451,0.3536034562136767,-0.22040874322680698,1.6622741227625366,-1.010559915915565,1.228395484519289,0.8176145142553797,-0.04777226905962112,-0.5863396007861534,-0.7256686418469303,-0.47903029485418247,-1.214985806950809,-0.7625340095445953,-1.7152568232462928,1.1126759667359827,2.27891237234259,0.49723158832273545,-0.9571008690893378,0.554270623583486,0.08406982316076862,-1.151731601633847,-0.5497198599669926,-1.4162323824401815,-0.7281350594014292,0.1372014872954804,-0.7051929602770346,-2.911502519039403,0.12522087195686293,0.7461321322619489,0.39521511796956044,-0.3729516330010463,-1.2371178919547623,0.7350255513174138,-1.4433201067776036,0.5629758407326482,-1.5954156656934182,-0.14027053015679486,0.5461440254052581,0.9765430232358449,0.2044156887013677,-0.6039130299401125,-0.503251765131796,0.18389343624239451,0.3754319824521989,2.155820121441151,-1.3693820804132704,-1.4364479228094256,-0.4936183557781647,0.14092100649578393,0.2722607401303635,-0.8641471700497183,-1.1939203598020356,-2.1000505628679393,2.220928359447662,1.1756994462290231,0.24078348196303273,0.642019974657997,0.9549746591982748,-0.899436550106452,-0.4051571844132069,0.48882859341795704,2.216355200392451,0.9992901741555736,0.9872272209598478,-0.33837770643869114,-0.4060916098800185,-0.37353427137839706,0.41789432278503846,1.5099108877363394,0.2535011025634512,-0.29632505944008036,-1.4068317087231905,-0.5221457363525871,-1.0938943492761837,0.44694052510067345,0.6380298326976793,0.9582558814939317,1.0706780755732412,1.2294774722343094,-1.998728335653956,-0.18371083484871165,-1.9571409672452493,0.22891114633389142,1.0408032429698753,1.1403495505737957,0.4421025057347121,0.718192671254211,-2.419764266509521,-0.9347711423787942,-0.7509568250719526,-0.725333874967602,-1.2269860621078643,0.462357025372487,-0.2378365103968981,-0.7063402122242796,-1.7029918180252124,-0.3652150551856287,-0.4154025538667492,-0.26342744380815014,-0.46808460803390106,0.6680789740606324,-1.7884433474749197,0.5266134345479598,0.3848420256809296,-0.5386122381958538,0.6282769498368024,-1.5036243138409597,-3.096945811775848,-0.1694806367572902,-2.4926461654690613,-0.8499729882562459,0.09297391721560133,-0.29918590487914665,-0.4806920789559077,2.1399002412259085,1.4449870749291878,-0.4054082063168377,-0.15008749933475957,0.85929028285007,0.8800992406195405,0.861956252246838,0.9053520747795788,-1.0014292747184195,0.17472319624395266,-0.08603344177617478,0.6448170624165986,-1.2015361213542133,0.42858946127459446,1.0755439839724947,-0.24882569439475988,0.06047868566281961,0.6488833305606119,0.6911596845216773,0.08966531974217112,0.6060117596145538,0.07179162414675844,-0.8221892642867094,-0.35896737749788904,-1.4438511647039147,0.4856465720995238,-1.6099496392244366,-0.5126150376088392,0.404485455470603,1.1106049555272048,0.01212106924620221,0.5664986650696668,-2.5572818103210135,0.7895422508694574,-0.1821252901743785,-0.41270196184256425,-0.4294107943249559,-0.969084335007399,-0.43679605329005455,-0.9039676486793023,-0.07602277987289023
3;87;46366.62472271919;3877;1484;0.049707;0.006445;0.057297/0.053087/0.063066/0.048803/0.04952/0.055179/0.074563/0.077804/0.067019/0.051518/0.088552/0.074803/0.136727/0.083971/0.09831/0.060543/0.049126/0.05182/0.086652/0.079528/0.053686/0.073662/0.05834/0.104357/0.085687/0.052008/0.049769/0.055292/0.060794/0.059828/0.105342/0.080378/0.058825/0.06107/0.06245/0.06275/0.060489/0.049707/0.057916/0.133584/0.153175/0.104232/0.057005/0.051755/0.0732/0.131105/0.058296/0.081623/0.09437/0.098791/0.054528/0.060243/0.090501/0.134462/0.054506/0.104859/0.055342/0.056518/0.117014/0.074974/0.081956/0.079824/0.061979/0.080534/0.084655/0.079567/0.059445/0.052153/0.134032/0.091298/0.05097/0.051158/0.066018/0.060583/0.082967/0.053388/0.075432/0.084309/0.052768/0.077479/0.099806/0.051033/0.056304/0.054902/0.077062/0.050478/0.078437/0.068483/0.060286/0.113741/0.12735/0.058661/0.051716/0.060164/0.050985/0.074307/0.06357/0.051746/0.076651/0.058613;0.001673/0.165537/0.240717/0.0/0.0/0.036223/0.279245/0.388812/0.383887/0.144088/0.415109/0.325298/0.580559/0.376113/0.652556/0.023409/0.0/0.0/0.363863/0.341793/0.023476/0.347731/0.004705/0.431652/0.385188/0.0/0.0/0.294564/0.044198/0.227244/0.396213/0.390189/0.312924/0.118613/0.328826/0.247851/0.016361/0.006445/2.9e-05/0.441052/0.408319/0.378848/0.011322/0.435754/0.504203/0.418006/0.003232/0.408386/0.42012/0.509912/0.000143/0.342721/0.60153/0.516988/0.583256/0.381028/9.6e-05/0.005374/0.394568/0.303591/0.422252/0.294009/0.294124/0.347148/0.397648/0.361301/0.011781/0.0/0.398432/0.395668/0.226153/0.212795/0.247057/0.268907/0.506995/0.005766/0.870447/0.403529/1e-05/0.36525/0.368941/0.036185/0.345551/6.7e-05/0.289075/0.03868/0.364399/0.280928/0.37312/0.4177/0.709778/0.103246/0.007813/0.0107/0.0/0.355678/0.027617/0.480296/0.431967/0.389558;0.075432/0.054506/0.051746/0.05097/0.050478/0.049707/0.048803;0.870447/0.583256/0.480296/0.226153/0.03868/0.006445/0.0;3.962348258312918,0.8339885646398719,-1.007793362480925,-0.2184625022447242,1.5379335089084878,-1.2219682106178884,2.086643429391695,0.3990205524591274,0.7373856257481506,1.0031905822232812,-0.9170014086173379,-0.33301527269660747,-0.06658958552078464,-0.7441993918064447,-1.7580419581499847,-1.0709039252833055,-0.13633235006261368,1.0671874518563818,1.416036010040315,-0.6764373579911961,-0.2528779273230124,1.3864902327515567,0.7124389429934609,-0.9134811966593819,0.3126317086033736,-1.9008880944614903,-2.1061867267013232,1.5131046708525724,-2.3973883765155226,-2.3075623322269703,-1.0309901352510602,-1.3807585547892005,-0.7927658302926817,1.8324112437069218,-2.0212897106163914,0.331815038322927,-0.736575562543405,1.6872952076183398,0.03438295917628417,0.5946222219955912,0.11178981004178723,0.692489770862007,-0.09038918989431771,-0.606886238434369,-0.46209764504059364,-0.42221745297613755,0.5063538220682972,1.5681129390097743,0.013499993124852089,0.34068565460125017,-0.8915367697414908,0.1786107731238437,-1.2846452336563858,0.5293864074800793,-2.5468149827751407,-0.7824093689987637,0.8329464259317579,1.7082185787293795,-2.476167995979677,1.041681924654354,0.08063287253346466,-2.0299094422822788,-0.939714893149719,-0.18914089737186826,0.9099712287743175,2.1049416198062456,0.5903387781059164,0.18602790852412465,0.0854971117344111,0.12282087252184085,1.7418879508129845,3.3859857531984097,1.6983552639033075,-0.10154510393714372,-3.3244806189269824,0.7687531498359867,-1.6848216935513642,1.143928385066737,0.3263817179705776,-0.9152986357626633,0.5772500589811952,2.931823907634211,-1.7857715708612139,-1.1335627355323095,-2.2465359582079905,-1.2191013640188155,1.5003515610029745,2.584722186912842,0.3017153957988893,-0.8587770921200077,-0.7945476213599855,0.39132328602899025,-0.5205334053213101,-2.159059439545565,-2.2765947275779777,1.2067226317256237,-0.5804265724323426,-0.33935830296672576,-1.7946001234243,0.0030900835754571615,-0.026472235899217628,-0.2821399339197717,-0.6410193333275724,1.3417567746953152,-0.9309624072823499,-1.6260781611314261,-0.6820815803750979,-1.7174767748909223,0.06401366616456539,-1.1495324016863508,-0.9163725745183509,0.9392985001092633,-3.9513778266017074,-2.8201124160381625,0.23506350229761397,1.1387226370327865,-3.1016708053935154,3.298505927969922,0.7766160888724718,0.10264872521571566,-0.20715516305068077,-1.273809416597154,-0.6002019478551751,1.4031579019546652,1.9029536816220445,-1.6360852959255465,-0.376977191392729,-0.5109650585774372,0.17302844324286124,-2.2171353285480344,0.7725678136485881,-0.33906538130969455,0.39022272738644076,1.4188424724732354,0.127492568140596,-0.5553945032705838,-1.945879927611846,-0.27144054610888757,0.5726981221854851,-1.30328968050792,-0.23133929678812926,-1.2075304087812415,-0.4070849449662902,0.6211555251563001,0.9006091058868869,0.371954948120803,2.9572989873489886,0.2463547675475711,0.36937298007688835,-1.4189899371993233,-0.007316571290008678,-0.015807857067996922,0.1535014596130742,-0.08618296526915417,-2.404695951179009,-1.9490406263211573,-0.8489746980400449,-1.625848979449617;1.6129200755454733,1.5674311779466024,0.948221167868835,0.5094352505218451,0.3536034562136767,-0.22040874322680698,1.6622741227625366,-1.010559915915565,1.228395484519289,0.8176145142553797,-0.04777226905962112,-0.5863396007861534,-0.7256686418469303,-0.47903029485418247,-1.214985806950809,-0.7625340095445953,-1.7152568232462928,1.1126759667359827,2.27891237234259,0.49723158832273545,-0.9571008690893378,0.554270623583486,0.08406982316076862,-1.151731601633847,-0.5497198599669926,-1.4162323824401815,-0.7281350594014292,0.1372014872954804,-0.7051929602770346,-2.911502519039403,0.12522087195686293,0.7461321322619489,0.39521511796956044,-0.3729516330010463,-1.2371178919547623,0.7350255513174138,-1.4433201067776036,0.5629758407326482,-1.5954156656934182,-0.14027053015679486,0.5461440254052581,0.9765430232358449,0.2044156887013677,-0.6039130299401125,-0.503251765131796,0.18389343624239451,0.3754319824521989,2.155820121441151,-1.3693820804132704,-1.4364479228094256,-0.4936183557781647,0.14092100649578393,0.2722607401303635,-0.8641471700497183,-1.1939203598020356,-2.1000505628679393,2.220928359447662,1.1756994462290231,0.24078348196303273,0.642019974657997,0.9549746591982748,-0.899436550106452,-0.4051571844132069,0.48882859341795704,2.216355200392451,0.9992901741555736,0.9872272209598478,-0.33837770643869114,-0.4060916098800185,-0.37353427137839706,0.41789432278503846,1.5099108877363394,0.2535011025634512,-0.29632505944008036,-1.4068317087231905,-0.5221457363525871,-1.0938943492761837,0.44694052510067345,0.6380298326976793,0.9582558814939317,1.0706780755732412,1.2294774722343094,-1.998728335653956,-0.18371083484871165,-1.9571409672452493,0.22891114633389142,1.0408032429698753,1.1403495505737957,0.4421025057347121,0.718192671254211,-2.419764266509521,-0.9347711423787942,-0.7509568250719526,-0.725333874967602,-1.2269860621078643,0.462357025372487,-0.2378365103968981,-0.7063402122242796,-1.7029918180252124,-0.3652150551856287,-0.4154025538667492,-0.26342744380815014,-0.46808460803390106,0.6680789740606324,-1.7884433474749197,0.5266134345479598,0.3848420256809296,-0.5386122381958538,0.6282769498368024,-1.5036243138409597,-3.096945811775848,-0.1694806367572902,-2.4926461654690613,-0.8499729882562459,0.09297391721560133,-0.29918590487914665,-0.4806920789559077,2.1399002412259085,1.4449870749291878,-0.4054082063168377,-0.15008749933475957,0.85929028285007,0.8800992406195405,0.861956252246838,0.9053520747795788,-1.0014292747184195,0.17472319624395266,-0.08603344177617478,0.6448170624165986,-1.2015361213542133,0.42858946127459446,1.0755439839724947,-0.24882569439475988,0.06047868566281961,0.6488833305606119,0.6911596845216773,0.08966531974217112,0.6060117596145538,0.07179162414675844,-0.8221892642867094,-0.35896737749788904,-1.4438511647039147,0.4856465720995238,-1.6099496392244366,-0.5126150376088392,0.404485455470603,1.1106049555272048,0.01212106924620221,0.5664986650696668,-2.5572818103210135,0.7895422508694574,-0.1821252901743785,-0.41270196184256425,-0.4294107943249559,-0.969084335007399,-0.43679605329005455,-0.9039676486793023,-0.07602277987289023
3;88;46911.165796756744;3877;1484;0.049707;0.006445;0.057297/0.053087/0.063066/0.048803/0.04952/0.055179/0.074563/0.077804/0.067019/0.051518/0.088552/0.074803/0.136727/0.083971/0.09831/0.060543/0.049126/0.05182/0.086652/0.079528/0.053686/0.073662/0.05834/0.104357/0.085687/0.052008/0.049769/0.055292/0.060794/0.059828/0.105342/0.080378/0.058825/0.06107/0.06245/0.06275/0.060489/0.049707/0.057916/0.133584/0.153175/0.104232/0.057005/0.051755/0.0732/0.131105/0.058296/0.081623/0.09437/0.098791/0.054528/0.060243/0.090501/0.134462/0.054506/0.104859/0.055342/0.056518/0.117014/0.074974/0.081956/0.079824/0.061979/0.080534/0.084655/0.079567/0.059445/0.052153/0.134032/0.091298/0.05097/0.051158/0.066018/0.060583/0.082967/0.053388/0.075432/0.084309/0.052768/0.077479/0.099806/0.051033/0.056304/0.054902/0.050478/0.078437/0.068483/0.060286/0.113741/0.12735/0.058661/0.051716/0.060164/0.050985/0.074307/0.051746/0.076651/0.058613/0.075266/0.146752;0.001673/0.165537/0.240717/0.0/0.0/0.036223/0.279245/0.388812/0.383887/0.144088/0.415109/0.325298/0.580559/0.376113/0.652556/0.023409/0.0/0.0/0.363863/0.341793/0.023476/0.347731/0.004705/0.431652/0.385188/0.0/0.0/0.294564/0.044198/0.227244/0.396213/0.390189/0.312924/0.118613/0.328826/0.247851/0.016361/0.006445/2.9e-05/0.441052/0.408319/0.378848/0.011322/0.435754/0.504203/0.418006/0.003232/0.408386/0.42012/0.509912/0.000143/0.342721/0.60153/0.516988/0.583256/0.381028/9.6e-05/0.005374/0.394568/0.303591/0.422252/0.294009/0.294124/0.347148/0.397648/0.361301/0.011781/0.0/0.398432/0.395668/0.226153/0.212795/0.247057/0.268907/0.506995/0.005766/0.870447/0.403529/1e-05/0.36525/0.368941/0.036185/0.345551/6.7e-05/0.03868/0.364399/0.280928/0.37312/0.4177/0.709778/0.103246/0.007813/0.0107/0.0/0.355678/0.480296/0.431967/0.389558/0.355104/0.407841;0.075432/0.054506/0.051746/0.05097/0.050478/0.049707/0.048803;0.870447/0.583256/0.480296/0.226153/0.03868/0.006445/0.0;3.962348258312918,0.8339885646398719,-1.007793362480925,-0.2184625022447242,1.5379335089084878,-1.2219682106178884,2.086643429391695,0.3990205524591274,0.7373856257481506,1.0031905822232812,-0.9170014086173379,-0.33301527269660747,-0.06658958552078464,-0.7441993918064447,-1.7580419581499847,-1.0709039252833055,-0.13633235006261368,1.0671874518563818,1.416036010040315,-0.6764373579911961,-0.2528779273230124,1.3864902327515567,0.7124389429934609,-0.9134811966593819,0.3126317086033736,-1.9008880944614903,-2.1061867267013232,1.5131046708525724,-2.3973883765155226,-2.3075623322269703,-1.0309901352510602,-1.3807585547892005,-0.7927658302926817,1.8324112437069218,-2.0212897106163914,0.331815038322927,-0.736575562543405,1.6872952076183398,0.03438295917628417,0.5946222219955912,0.11178981004178723,0.692489770862007,-0.09038918989431771,-0.606886238434369,-0.46209764504059364,-0.42221745297613755,0.5063538220682972,1.5681129390097743,0.013499993124852089,0.34068565460125017,-0.8915367697414908,0.1786107731238437,-1.2846452336563858,0.5293864074800793,-2.5468149827751407,-0.7824093689987637,0.8329464259317579,1.7082185787293795,-2.476167995979677,1.041681924654354,0.08063287253346466,-2.0299094422822788,-0.939714893149719,-0.18914089737186826,0.9099712287743175,2.1049416198062456,0.5903387781059164,0.18602790852412465,0.0854971117344111,0.12282087252184085,1.7418879508129845,3.3859857531984097,1.6983552639033075,-0.10154510393714372,-3.3244806189269824,0.7687531498359867,-1.6848216935513642,1.143928385066737,0.3263817179705776,-0.9152986357626633,0.5772500589811952,2.931823907634211,-1.7857715708612139,-1.1335627355323095,-2.2465359582079905,-1.2191013640188155,1.5003515610029745,2.584722186912842,0.3017153957988893,-0.8587770921200077,-0.7945476213599855,0.39132328602899025,-0.5205334053213101,-2.159059439545565,-2.2765947275779777,1.2067226317256237,-0.5804265724323426,-0.33935830296672576,-1.7946001234243,0.0030900835754571615,-0.026472235899217628,-0.2821399339197717,-0.6410193333275724,1.3417567746953152,-0.9309624072823499,-1.6260781611314261,-0.6820815803750979,-1.7174767748909223,0.06401366616456539,-1.1495324016863508,-0.9163725745183509,0.9392985001092633,-3.9513778266017074,-2.8201124160381625,0.23506350229761397,1.1387226370327865,-3.1016708053935154,3.298505927969922,0.7766160888724718,0.10264872521571566,-0.20715516305068077,-1.273809416597154,-0.6002019478551751,1.4031579019546652,1.9029536816220445,-1.6360852959255465,-0.376977191392729,-0.5109650585774372,0.17302844324286124,-2.2171353285480344,0.7725678136485881,-0.33906538130969455,0.39022272738644076,1.4188424724732354,0.127492568140596,-0.5553945032705838,-1.945879927611846,-0.27144054610888757,0.5726981221854851,-1.30328968050792,-0.23133929678812926,-1.2075304087812415,-0.4070849449662902,0.6211555251563001,0.9006091058868869,0.371954948120803,2.9572989873489886,0.2463547675475711,0.36937298007688835,-1.4189899371993233,-0.007316571290008678,-0.015807857067996922,0.1535014596130742,-0.08618296526915417,-2.404695951179009,-1.9490406263211573,-0.8489746980400449,-1.625848979449617;1.6129200755454733,1.5674311779466024,0.948221167868835,0.5094352505218451,0.3536034562136767,-0.22040874322680698,1.6622741227625366,-1.010559915915565,1.228395484519289,0.8176145142553797,-0.04777226905962112,-0.5863396007861534,-0.7256686418469303,-0.47903029485418247,-1.214985806950809,-0.7625340095445953,-1.7152568232462928,1.1126759667359827,2.27891237234259,0.49723158832273545,-0.9571008690893378,0.554270623583486,0.08406982316076862,-1.151731601633847,-0.5497198599669926,-1.4162323824401815,-0.7281350594014292,0.1372014872954804,-0.7051929602770346,-2.911502519039403,0.12522087195686293,0.7461321322619489,0.39521511796956044,-0.3729516330010463,-1.2371178919547623,0.7350255513174138,-1.4433201067776036,0.5629758407326482,-1.5954156656934182,-0.14027053015679486,0.5461440254052581,0.9765430232358449,0.2044156887013677,-0.6039130299401125,-0.503251765131796,0.18389343624239451,0.3754319824521989,2.155820121441151,-1.3693820804132704,-1.4364479228094256,-0.4936183557781647,0.14092100649578393,0.2722607401303635,-0.8641471700497183,-1.1939203598020356,-2.1000505628679393,2.220928359447662,1.1756994462290231,0.24078348196303273,0.642019974657997,0.9549746591982748,-0.899436550106452,-0.4051571844132069,0.48882859341795704,2.216355200392451,0.9992901741555736,0.9872272209598478,-0.33837770643869114,-0.4060916098800185,-0.37353427137839706,0.41789432278503846,1.5099108877363394,0.2535011025634512,-0.29632505944008036,-1.4068317087231905,-0.5221457363525871,-1.0938943492761837,0.44694052510067345,0.6380298326976793,0.9582558814939317,1.0706780755732412,1.2294774722343094,-1.998728335653956,-0.18371083484871165,-1.9571409672452493,0.22891114633389142,1.0408032429698753,1.1403495505737957,0.4421025057347121,0.718192671254211,-2.419764266509521,-0.9347711423787942,-0.7509568250719526,-0.725333874967602,-1.2269860621078643,0.462357025372487,-0.2378365103968981,-0.7063402122242796,-1.7029918180252124,-0.3652150551856287,-0.4154025538667492,-0.26342744380815014,-0.46808460803390106,0.6680789740606324,-1.7884433474749197,0.5266134345479598,0.3848420256809296,-0.5386122381958538,0.6282769498368024,-1.5036243138409597,-3.096945811775848,-0.1694806367572902,-2.4926461654690613,-0.8499729882562459,0.09297391721560133,-0.29918590487914665,-0.4806920789559077,2.1399002412259085,1.4449870749291878,-0.4054082063168377,-0.15008749933475957,0.85929028285007,0.8800992406195405,0.861956252246838,0.9053520747795788,-1.0014292747184195,0.17472319624395266,-0.08603344177617478,0.6448170624165986,-1.2015361213542133,0.42858946127459446,1.0755439839724947,-0.24882569439475988,0.06047868566281961,0.6488833305606119,0.6911596845216773,0.08966531974217112,0.6060117596145538,0.07179162414675844,-0.8221892642867094,-0.35896737749788904,-1.4438511647039147,0.4856465720995238,-1.6099496392244366,-0.5126150376088392,0.404485455470603,1.1106049555272048,0.01212106924620221,0.5664986650696668,-2.5572818103210135,0.7895422508694574,-0.1821252901743785,-0.41270196184256425,-0.4294107943249559,-0.969084335007399,-0.43679605329005455,-0.9039676486793023,-0.07602277987289023
3;89;47444.90325546265;3877;1484;0.049707;0.006445;0.057297/0.053087/0.063066/0.048803/0.04952/0.055179/0.074563/0.077804/0.067019/0.051518/0.088552/0.074803/0.136727/0.083971/0.09831/0.060543/0.049126/0.05182/0.086652/0.079528/0.053686/0.073662/0.05834/0.104357/0.085687/0.052008/0.049769/0.055292/0.060794/0.059828/0.105342/0.080378/0.058825/0.06107/0.06245/0.06275/0.060489/0.049707/0.057916/0.133584/0.153175/0.104232/0.057005/0.051755/0.0732/0.131105/0.058296/0.081623/0.09437/0.098791/0.054528/0.060243/0.090501/0.134462/0.054506/0.104859/0.055342/0.056518/0.117014/0.074974/0.081956/0.061979/0.084655/0.079567/0.059445/0.052153/0.134032/0.091298/0.05097/0.051158/0.066018/0.060583/0.082967/0.053388/0.075432/0.084309/0.052768/0.077479/0.099806/0.051033/0.056304/0.054902/0.050478/0.078437/0.068483/0.060286/0.113741/0.12735/0.058661/0.051716/0.060164/0.050985/0.074307/0.051746/0.076651/0.058613/0.075266/0.146752/0.051352/0.057443;0.001673/0.165537/0.240717/0.0/0.0/0.036223/0.279245/0.388812/0.383887/0.144088/0.415109/0.325298/0.580559/0.376113/0.652556/0.023409/0.0/0.0/0.363863/0.341793/0.023476/0.347731/0.004705/0.431652/0.385188/0.0/0.0/0.294564/0.044198/0.227244/0.396213/0.390189/0.312924/0.118613/0.328826/0.247851/0.016361/0.006445/2.9e-05/0.441052/0.408319/0.378848/0.011322/0.435754/0.504203/0.418006/0.003232/0.408386/0.42012/0.509912/0.000143/0.342721/0.60153/0.516988/0.583256/0.381028/9.6e-05/0.005374/0.394568/0.303591/0.422252/0.294124/0.397648/0.361301/0.011781/0.0/0.398432/0.395668/0.226153/0.212795/0.247057/0.268907/0.506995/0.005766/0.870447/0.403529/1e-05/0.36525/0.368941/0.036185/0.345551/6.7e-05/0.03868/0.364399/0.280928/0.37312/0.4177/0.709778/0.103246/0.007813/0.0107/0.0/0.355678/0.480296/0.431967/0.389558/0.355104/0.407841/0.036997/0.0048;0.075432/0.054506/0.051746/0.05097/0.050478/0.049707/0.048803;0.870447/0.583256/0.480296/0.226153/0.03868/0.006445/0.0;3.962348258312918,0.8339885646398719,-1.007793362480925,-0.2184625022447242,1.5379335089084878,-1.2219682106178884,2.086643429391695,0.3990205524591274,0.7373856257481506,1.0031905822232812,-0.9170014086173379,-0.33301527269660747,-0.06658958552078464,-0.7441993918064447,-1.7580419581499847,-1.0709039252833055,-0.13633235006261368,1.0671874518563818,1.416036010040315,-0.6764373579911961,-0.2528779273230124,1.3864902327515567,0.7124389429934609,-0.9134811966593819,0.3126317086033736,-1.9008880944614903,-2.1061867267013232,1.5131046708525724,-2.3973883765155226,-2.3075623322269703,-1.0309901352510602,-1.3807585547892005,-0.7927658302926817,1.8324112437069218,-2.0212897106163914,0.331815038322927,-0.736575562543405,1.6872952076183398,0.03438295917628417,0.5946222219955912,0.11178981004178723,0.692489770862007,-0.09038918989431771,-0.606886238434369,-0.46209764504059364,-0.42221745297613755,0.5063538220682972,1.5681129390097743,0.013499993124852089,0.34068565460125017,-0.8915367697414908,0.1786107731238437,-1.2846452336563858,0.5293864074800793,-2.5468149827751407,-0.7824093689987637,0.8329464259317579,1.7082185787293795,-2.476167995979677,1.041681924654354,0.08063287253346466,-2.0299094422822788,-0.939714893149719,-0.18914089737186826,0.9099712287743175,2.1049416198062456,0.5903387781059164,0.18602790852412465,0.0854971117344111,0.12282087252184085,1.7418879508129845,3.3859857531984097,1.6983552639033075,-0.10154510393714372,-3.3244806189269824,0.7687531498359867,-1.6848216935513642,1.143928385066737,0.3263817179705776,-0.9152986357626633,0.5772500589811952,2.931823907634211,-1.7857715708612139,-1.1335627355323095,-2.2465359582079905,-1.2191013640188155,1.5003515610029745,2.584722186912842,0.3017153957988893,-0.8587770921200077,-0.7945476213599855,0.39132328602899025,-0.5205334053213101,-2.159059439545565,-2.2765947275779777,1.2067226317256237,-0.5804265724323426,-0.33935830296672576,-1.7946001234243,0.0030900835754571615,-0.026472235899217628,-0.2821399339197717,-0.6410193333275724,1.3417567746953152,-0.9309624072823499,-1.6260781611314261,-0.6820815803750979,-1.7174767748909223,0.06401366616456539,-1.1495324016863508,-0.9163725745183509,0.9392985001092633,-3.9513778266017074,-2.8201124160381625,0.23506350229761397,1.1387226370327865,-3.1016708053935154,3.298505927969922,0.7766160888724718,0.10264872521571566,-0.20715516305068077,-1.273809416597154,-0.6002019478551751,1.4031579019546652,1.9029536816220445,-1.6360852959255465,-0.376977191392729,-0.5109650585774372,0.17302844324286124,-2.2171353285480344,0.7725678136485881,-0.33906538130969455,0.39022272738644076,1.4188424724732354,0.127492568140596,-0.5553945032705838,-1.945879927611846,-0.27144054610888757,0.5726981221854851,-1.30328968050792,-0.23133929678812926,-1.2075304087812415,-0.4070849449662902,0.6211555251563001,0.9006091058868869,0.371954948120803,2.9572989873489886,0.2463547675475711,0.36937298007688835,-1.4189899371993233,-0.007316571290008678,-0.015807857067996922,0.1535014596130742,-0.08618296526915417,-2.404695951179009,-1.9490406263211573,-0.8489746980400449,-1.625848979449617;1.6129200755454733,1.5674311779466024,0.948221167868835,0.5094352505218451,0.3536034562136767,-0.22040874322680698,1.6622741227625366,-1.010559915915565,1.228395484519289,0.8176145142553797,-0.04777226905962112,-0.5863396007861534,-0.7256686418469303,-0.47903029485418247,-1.214985806950809,-0.7625340095445953,-1.7152568232462928,1.1126759667359827,2.27891237234259,0.49723158832273545,-0.9571008690893378,0.554270623583486,0.08406982316076862,-1.151731601633847,-0.5497198599669926,-1.4162323824401815,-0.7281350594014292,0.1372014872954804,-0.7051929602770346,-2.911502519039403,0.12522087195686293,0.7461321322619489,0.39521511796956044,-0.3729516330010463,-1.2371178919547623,0.7350255513174138,-1.4433201067776036,0.5629758407326482,-1.5954156656934182,-0.14027053015679486,0.5461440254052581,0.9765430232358449,0.2044156887013677,-0.6039130299401125,-0.503251765131796,0.18389343624239451,0.3754319824521989,2.155820121441151,-1.3693820804132704,-1.4364479228094256,-0.4936183557781647,0.14092100649578393,0.2722607401303635,-0.8641471700497183,-1.1939203598020356,-2.1000505628679393,2.220928359447662,1.1756994462290231,0.24078348196303273,0.642019974657997,0.9549746591982748,-0.899436550106452,-0.4051571844132069,0.48882859341795704,2.216355200392451,0.9992901741555736,0.9872272209598478,-0.33837770643869114,-0.4060916098800185,-0.37353427137839706,0.41789432278503846,1.5099108877363394,0.2535011025634512,-0.29632505944008036,-1.4068317087231905,-0.5221457363525871,-1.0938943492761837,0.44694052510067345,0.6380298326976793,0.9582558814939317,1.0706780755732412,1.2294774722343094,-1.998728335653956,-0.18371083484871165,-1.9571409672452493,0.22891114633389142,1.0408032429698753,1.1403495505737957,0.4421025057347121,0.718192671254211,-2.419764266509521,-0.9347711423787942,-0.7509568250719526,-0.725333874967602,-1.2269860621078643,0.462357025372487,-0.2378365103968981,-0.7063402122242796,-1.7029918180252124,-0.3652150551856287,-0.4154025538667492,-0.26342744380815014,-0.46808460803390106,0.6680789740606324,-1.7884433474749197,0.5266134345479598,0.3848420256809296,-0.5386122381958538,0.6282769498368024,-1.5036243138409597,-3.096945811775848,-0.1694806367572902,-2.4926461654690613,-0.8499729882562459,0.09297391721560133,-0.29918590487914665,-0.4806920789559077,2.1399002412259085,1.4449870749291878,-0.4054082063168377,-0.15008749933475957,0.85929028285007,0.8800992406195405,0.861956252246838,0.9053520747795788,-1.0014292747184195,0.17472319624395266,-0.08603344177617478,0.6448170624165986,-1.2015361213542133,0.42858946127459446,1.0755439839724947,-0.24882569439475988,0.06047868566281961,0.6488833305606119,0.6911596845216773,0.08966531974217112,0.6060117596145538,0.07179162414675844,-0.8221892642867094,-0.35896737749788904,-1.4438511647039147,0.4856465720995238,-1.6099496392244366,-0.5126150376088392,0.404485455470603,1.1106049555272048,0.01212106924620221,0.5664986650696668,-2.5572818103210135,0.7895422508694574,-0.1821252901743785,-0.41270196184256425,-0.4294107943249559,-0.969084335007399,-0.43679605329005455,-0.9039676486793023,-0.07602277987289023
3;90;47998.517040491104;3877;1484;0.049707;0.006445;0.057297/0.053087/0.063066/0.048803/0.04952/0.055179/0.074563/0.077804/0.067019/0.051518/0.088552/0.074803/0.136727/0.083971/0.09831/0.060543/0.049126/0.05182/0.079528/0.053686/0.073662/0.05834/0.104357/0.085687/0.052008/0.049769/0.055292/0.060794/0.059828/0.105342/0.080378/0.058825/0.06107/0.06245/0.06275/0.060489/0.049707/0.057916/0.133584/0.153175/0.104232/0.057005/0.051755/0.0732/0.131105/0.058296/0.081623/0.09437/0.098791/0.054528/0.060243/0.090501/0.134462/0.054506/0.104859/0.055342/0.056518/0.117014/0.074974/0.081956/0.061979/0.084655/0.079567/0.059445/0.052153/0.134032/0.091298/0.05097/0.051158/0.066018/0.060583/0.082967/0.053388/0.075432/0.084309/0.052768/0.077479/0.099806/0.051033/0.056304/0.054902/0.050478/0.078437/0.068483/0.060286/0.113741/0.12735/0.058661/0.051716/0.060164/0.050985/0.074307/0.051746/0.076651/0.058613/0.075266/0.146752/0.051352/0.057443/0.090747;0.001673/0.165537/0.240717/0.0/0.0/0.036223/0.279245/0.388812/0.383887/0.144088/0.415109/0.325298/0.580559/0.376113/0.652556/0.023409/0.0/0.0/0.341793/0.023476/0.347731/0.004705/0.431652/0.385188/0.0/0.0/0.294564/0.044198/0.227244/0.396213/0.390189/0.312924/0.118613/0.328826/0.247851/0.016361/0.006445/2.9e-05/0.441052/0.408319/0.378848/0.011322/0.435754/0.504203/0.418006/0.003232/0.408386/0.42012/0.509912/0.000143/0.342721/0.60153/0.516988/0.583256/0.381028/9.6e-05/0.005374/0.394568/0.303591/0.422252/0.294124/0.397648/0.361301/0.011781/0.0/0.398432/0.395668/0.226153/0.212795/0.247057/0.268907/0.506995/0.005766/0.870447/0.403529/1e-05/0.36525/0.368941/0.036185/0.345551/6.7e-05/0.03868/0.364399/0.280928/0.37312/0.4177/0.709778/0.103246/0.007813/0.0107/0.0/0.355678/0.480296/0.431967/0.389558/0.355104/0.407841/0.036997/0.0048/0.389414;0.075432/0.054506/0.051746/0.05097/0.050478/0.049707/0.048803;0.870447/0.583256/0.480296/0.226153/0.03868/0.006445/0.0;3.962348258312918,0.8339885646398719,-1.007793362480925,-0.2184625022447242,1.5379335089084878,-1.2219682106178884,2.086643429391695,0.3990205524591274,0.7373856257481506,1.0031905822232812,-0.9170014086173379,-0.33301527269660747,-0.06658958552078464,-0.7441993918064447,-1.7580419581499847,-1.0709039252833055,-0.13633235006261368,1.0671874518563818,1.416036010040315,-0.6764373579911961,-0.2528779273230124,1.3864902327515567,0.7124389429934609,-0.9134811966593819,0.3126317086033736,-1.9008880944614903,-2.1061867267013232,1.5131046708525724,-2.3973883765155226,-2.3075623322269703,-1.0309901352510602,-1.3807585547892005,-0.7927658302926817,1.8324112437069218,-2.0212897106163914,0.331815038322927,-0.736575562543405,1.6872952076183398,0.03438295917628417,0.5946222219955912,0.11178981004178723,0.692489770862007,-0.09038918989431771,-0.606886238434369,-0.46209764504059364,-0.42221745297613755,0.5063538220682972,1.5681129390097743,0.013499993124852089,0.34068565460125017,-0.8915367697414908,0.1786107731238437,-1.2846452336563858,0.5293864074800793,-2.5468149827751407,-0.7824093689987637,0.8329464259317579,1.7082185787293795,-2.476167995979677,1.041681924654354,0.08063287253346466,-2.0299094422822788,-0.939714893149719,-0.18914089737186826,0.9099712287743175,2.1049416198062456,0.5903387781059164,0.18602790852412465,0.0854971117344111,0.12282087252184085,1.7418879508129845,3.3859857531984097,1.6983552639033075,-0.10154510393714372,-3.3244806189269824,0.7687531498359867,-1.6848216935513642,1.143928385066737,0.3263817179705776,-0.9152986357626633,0.5772500589811952,2.931823907634211,-1.7857715708612139,-1.1335627355323095,-2.2465359582079905,-1.2191013640188155,1.5003515610029745,2.584722186912842,0.3017153957988893,-0.8587770921200077,-0.7945476213599855,0.39132328602899025,-0.5205334053213101,-2.159059439545565,-2.2765947275779777,1.2067226317256237,-0.5804265724323426,-0.33935830296672576,-1.7946001234243,0.0030900835754571615,-0.026472235899217628,-0.2821399339197717,-0.6410193333275724,1.3417567746953152,-0.9309624072823499,-1.6260781611314261,-0.6820815803750979,-1.7174767748909223,0.06401366616456539,-1.1495324016863508,-0.9163725745183509,0.9392985001092633,-3.9513778266017074,-2.8201124160381625,0.23506350229761397,1.1387226370327865,-3.1016708053935154,3.298505927969922,0.7766160888724718,0.10264872521571566,-0.20715516305068077,-1.273809416597154,-0.6002019478551751,1.4031579019546652,1.9029536816220445,-1.6360852959255465,-0.376977191392729,-0.5109650585774372,0.17302844324286124,-2.2171353285480344,0.7725678136485881,-0.33906538130969455,0.39022272738644076,1.4188424724732354,0.127492568140596,-0.5553945032705838,-1.945879927611846,-0.27144054610888757,0.5726981221854851,-1.30328968050792,-0.23133929678812926,-1.2075304087812415,-0.4070849449662902,0.6211555251563001,0.9006091058868869,0.371954948120803,2.9572989873489886,0.2463547675475711,0.36937298007688835,-1.4189899371993233,-0.007316571290008678,-0.015807857067996922,0.1535014596130742,-0.08618296526915417,-2.404695951179009,-1.9490406263211573,-0.8489746980400449,-1.625848979449617;1.6129200755454733,1.5674311779466024,0.948221167868835,0.5094352505218451,0.3536034562136767,-0.22040874322680698,1.6622741227625366,-1.010559915915565,1.228395484519289,0.8176145142553797,-0.04777226905962112,-0.5863396007861534,-0.7256686418469303,-0.47903029485418247,-1.214985806950809,-0.7625340095445953,-1.7152568232462928,1.1126759667359827,2.27891237234259,0.49723158832273545,-0.9571008690893378,0.554270623583486,0.08406982316076862,-1.151731601633847,-0.5497198599669926,-1.4162323824401815,-0.7281350594014292,0.1372014872954804,-0.7051929602770346,-2.911502519039403,0.12522087195686293,0.7461321322619489,0.39521511796956044,-0.3729516330010463,-1.2371178919547623,0.7350255513174138,-1.4433201067776036,0.5629758407326482,-1.5954156656934182,-0.14027053015679486,0.5461440254052581,0.9765430232358449,0.2044156887013677,-0.6039130299401125,-0.503251765131796,0.18389343624239451,0.3754319824521989,2.155820121441151,-1.3693820804132704,-1.4364479228094256,-0.4936183557781647,0.14092100649578393,0.2722607401303635,-0.8641471700497183,-1.1939203598020356,-2.1000505628679393,2.220928359447662,1.1756994462290231,0.24078348196303273,0.642019974657997,0.9549746591982748,-0.899436550106452,-0.4051571844132069,0.48882859341795704,2.216355200392451,0.9992901741555736,0.9872272209598478,-0.33837770643869114,-0.4060916098800185,-0.37353427137839706,0.41789432278503846,1.5099108877363394,0.2535011025634512,-0.29632505944008036,-1.4068317087231905,-0.5221457363525871,-1.0938943492761837,0.44694052510067345,0.6380298326976793,0.9582558814939317,1.0706780755732412,1.2294774722343094,-1.998728335653956,-0.18371083484871165,-1.9571409672452493,0.22891114633389142,1.0408032429698753,1.1403495505737957,0.4421025057347121,0.718192671254211,-2.419764266509521,-0.9347711423787942,-0.7509568250719526,-0.725333874967602,-1.2269860621078643,0.462357025372487,-0.2378365103968981,-0.7063402122242796,-1.7029918180252124,-0.3652150551856287,-0.4154025538667492,-0.26342744380815014,-0.46808460803390106,0.6680789740606324,-1.7884433474749197,0.5266134345479598,0.3848420256809296,-0.5386122381958538,0.6282769498368024,-1.5036243138409597,-3.096945811775848,-0.1694806367572902,-2.4926461654690613,-0.8499729882562459,0.09297391721560133,-0.29918590487914665,-0.4806920789559077,2.1399002412259085,1.4449870749291878,-0.4054082063168377,-0.15008749933475957,0.85929028285007,0.8800992406195405,0.861956252246838,0.9053520747795788,-1.0014292747184195,0.17472319624395266,-0.08603344177617478,0.6448170624165986,-1.2015361213542133,0.42858946127459446,1.0755439839724947,-0.24882569439475988,0.06047868566281961,0.6488833305606119,0.6911596845216773,0.08966531974217112,0.6060117596145538,0.07179162414675844,-0.8221892642867094,-0.35896737749788904,-1.4438511647039147,0.4856465720995238,-1.6099496392244366,-0.5126150376088392,0.404485455470603,1.1106049555272048,0.01212106924620221,0.5664986650696668,-2.5572818103210135,0.7895422508694574,-0.1821252901743785,-0.41270196184256425,-0.4294107943249559,-0.969084335007399,-0.43679605329005455,-0.9039676486793023,-0.07602277987289023
3;91;48546.44870209694;3877;1484;0.049707;0.006445;0.057297/0.053087/0.063066/0.048803/0.04952/0.055179/0.074563/0.077804/0.067019/0.051518/0.088552/0.074803/0.136727/0.083971/0.09831/0.060543/0.049126/0.05182/0.079528/0.053686/0.073662/0.05834/0.104357/0.085687/0.052008/0.049769/0.055292/0.060794/0.059828/0.105342/0.080378/0.058825/0.06107/0.06245/0.06275/0.060489/0.049707/0.057916/0.133584/0.153175/0.104232/0.057005/0.051755/0.0732/0.131105/0.058296/0.081623/0.09437/0.098791/0.054528/0.060243/0.090501/0.134462/0.054506/0.104859/0.055342/0.056518/0.117014/0.074974/0.081956/0.061979/0.084655/0.079567/0.059445/0.052153/0.134032/0.091298/0.05097/0.051158/0.066018/0.060583/0.082967/0.053388/0.075432/0.084309/0.052768/0.077479/0.051033/0.056304/0.054902/0.050478/0.078437/0.068483/0.060286/0.113741/0.12735/0.058661/0.051716/0.060164/0.050985/0.074307/0.051746/0.076651/0.058613/0.075266/0.146752/0.051352/0.057443/0.090747/0.057796;0.001673/0.165537/0.240717/0.0/0.0/0.036223/0.279245/0.388812/0.383887/0.144088/0.415109/0.325298/0.580559/0.376113/0.652556/0.023409/0.0/0.0/0.341793/0.023476/0.347731/0.004705/0.431652/0.385188/0.0/0.0/0.294564/0.044198/0.227244/0.396213/0.390189/0.312924/0.118613/0.328826/0.247851/0.016361/0.006445/2.9e-05/0.441052/0.408319/0.378848/0.011322/0.435754/0.504203/0.418006/0.003232/0.408386/0.42012/0.509912/0.000143/0.342721/0.60153/0.516988/0.583256/0.381028/9.6e-05/0.005374/0.394568/0.303591/0.422252/0.294124/0.397648/0.361301/0.011781/0.0/0.398432/0.395668/0.226153/0.212795/0.247057/0.268907/0.506995/0.005766/0.870447/0.403529/1e-05/0.36525/0.036185/0.345551/6.7e-05/0.03868/0.364399/0.280928/0.37312/0.4177/0.709778/0.103246/0.007813/0.0107/0.0/0.355678/0.480296/0.431967/0.389558/0.355104/0.407841/0.036997/0.0048/0.389414/0.116644;0.075432/0.054506/0.051746/0.05097/0.050478/0.049707/0.048803;0.870447/0.583256/0.480296/0.226153/0.03868/0.006445/0.0;3.962348258312918,0.8339885646398719,-1.007793362480925,-0.2184625022447242,1.5379335089084878,-1.2219682106178884,2.086643429391695,0.3990205524591274,0.7373856257481506,1.0031905822232812,-0.9170014086173379,-0.33301527269660747,-0.06658958552078464,-0.7441993918064447,-1.7580419581499847,-1.0709039252833055,-0.13633235006261368,1.0671874518563818,1.416036010040315,-0.6764373579911961,-0.2528779273230124,1.3864902327515567,0.7124389429934609,-0.9134811966593819,0.3126317086033736,-1.9008880944614903,-2.1061867267013232,1.5131046708525724,-2.3973883765155226,-2.3075623322269703,-1.0309901352510602,-1.3807585547892005,-0.7927658302926817,1.8324112437069218,-2.0212897106163914,0.331815038322927,-0.736575562543405,1.6872952076183398,0.03438295917628417,0.5946222219955912,0.11178981004178723,0.692489770862007,-0.09038918989431771,-0.606886238434369,-0.46209764504059364,-0.42221745297613755,0.5063538220682972,1.5681129390097743,0.013499993124852089,0.34068565460125017,-0.8915367697414908,0.1786107731238437,-1.2846452336563858,0.5293864074800793,-2.5468149827751407,-0.7824093689987637,0.8329464259317579,1.7082185787293795,-2.476167995979677,1.041681924654354,0.08063287253346466,-2.0299094422822788,-0.939714893149719,-0.18914089737186826,0.9099712287743175,2.1049416198062456,0.5903387781059164,0.18602790852412465,0.0854971117344111,0.12282087252184085,1.7418879508129845,3.3859857531984097,1.6983552639033075,-0.10154510393714372,-3.3244806189269824,0.7687531498359867,-1.6848216935513642,1.143928385066737,0.3263817179705776,-0.9152986357626633,0.5772500589811952,2.931823907634211,-1.7857715708612139,-1.1335627355323095,-2.2465359582079905,-1.2191013640188155,1.5003515610029745,2.584722186912842,0.3017153957988893,-0.8587770921200077,-0.7945476213599855,0.39132328602899025,-0.5205334053213101,-2.159059439545565,-2.2765947275779777,1.2067226317256237,-0.5804265724323426,-0.33935830296672576,-1.7946001234243,0.0030900835754571615,-0.026472235899217628,-0.2821399339197717,-0.6410193333275724,1.3417567746953152,-0.9309624072823499,-1.6260781611314261,-0.6820815803750979,-1.7174767748909223,0.06401366616456539,-1.1495324016863508,-0.9163725745183509,0.9392985001092633,-3.9513778266017074,-2.8201124160381625,0.23506350229761397,1.1387226370327865,-3.1016708053935154,3.298505927969922,0.7766160888724718,0.10264872521571566,-0.20715516305068077,-1.273809416597154,-0.6002019478551751,1.4031579019546652,1.9029536816220445,-1.6360852959255465,-0.376977191392729,-0.5109650585774372,0.17302844324286124,-2.2171353285480344,0.7725678136485881,-0.33906538130969455,0.39022272738644076,1.4188424724732354,0.127492568140596,-0.5553945032705838,-1.945879927611846,-0.27144054610888757,0.5726981221854851,-1.30328968050792,-0.23133929678812926,-1.2075304087812415,-0.4070849449662902,0.6211555251563001,0.9006091058868869,0.371954948120803,2.9572989873489886,0.2463547675475711,0.36937298007688835,-1.4189899371993233,-0.007316571290008678,-0.015807857067996922,0.1535014596130742,-0.08618296526915417,-2.404695951179009,-1.9490406263211573,-0.8489746980400449,-1.625848979449617;1.6129200755454733,1.5674311779466024,0.948221167868835,0.5094352505218451,0.3536034562136767,-0.22040874322680698,1.6622741227625366,-1.010559915915565,1.228395484519289,0.8176145142553797,-0.04777226905962112,-0.5863396007861534,-0.7256686418469303,-0.47903029485418247,-1.214985806950809,-0.7625340095445953,-1.7152568232462928,1.1126759667359827,2.27891237234259,0.49723158832273545,-0.9571008690893378,0.554270623583486,0.08406982316076862,-1.151731601633847,-0.5497198599669926,-1.4162323824401815,-0.7281350594014292,0.1372014872954804,-0.7051929602770346,-2.911502519039403,0.12522087195686293,0.7461321322619489,0.39521511796956044,-0.3729516330010463,-1.2371178919547623,0.7350255513174138,-1.4433201067776036,0.5629758407326482,-1.5954156656934182,-0.14027053015679486,0.5461440254052581,0.9765430232358449,0.2044156887013677,-0.6039130299401125,-0.503251765131796,0.18389343624239451,0.3754319824521989,2.155820121441151,-1.3693820804132704,-1.4364479228094256,-0.4936183557781647,0.14092100649578393,0.2722607401303635,-0.8641471700497183,-1.1939203598020356,-2.1000505628679393,2.220928359447662,1.1756994462290231,0.24078348196303273,0.642019974657997,0.9549746591982748,-0.899436550106452,-0.4051571844132069,0.48882859341795704,2.216355200392451,0.9992901741555736,0.9872272209598478,-0.33837770643869114,-0.4060916098800185,-0.37353427137839706,0.41789432278503846,1.5099108877363394,0.2535011025634512,-0.29632505944008036,-1.4068317087231905,-0.5221457363525871,-1.0938943492761837,0.44694052510067345,0.6380298326976793,0.9582558814939317,1.0706780755732412,1.2294774722343094,-1.998728335653956,-0.18371083484871165,-1.9571409672452493,0.22891114633389142,1.0408032429698753,1.1403495505737957,0.4421025057347121,0.718192671254211,-2.419764266509521,-0.9347711423787942,-0.7509568250719526,-0.725333874967602,-1.2269860621078643,0.462357025372487,-0.2378365103968981,-0.7063402122242796,-1.7029918180252124,-0.3652150551856287,-0.4154025538667492,-0.26342744380815014,-0.46808460803390106,0.6680789740606324,-1.7884433474749197,0.5266134345479598,0.3848420256809296,-0.5386122381958538,0.6282769498368024,-1.5036243138409597,-3.096945811775848,-0.1694806367572902,-2.4926461654690613,-0.8499729882562459,0.09297391721560133,-0.29918590487914665,-0.4806920789559077,2.1399002412259085,1.4449870749291878,-0.4054082063168377,-0.15008749933475957,0.85929028285007,0.8800992406195405,0.861956252246838,0.9053520747795788,-1.0014292747184195,0.17472319624395266,-0.08603344177617478,0.6448170624165986,-1.2015361213542133,0.42858946127459446,1.0755439839724947,-0.24882569439475988,0.06047868566281961,0.6488833305606119,0.6911596845216773,0.08966531974217112,0.6060117596145538,0.07179162414675844,-0.8221892642867094,-0.35896737749788904,-1.4438511647039147,0.4856465720995238,-1.6099496392244366,-0.5126150376088392,0.404485455470603,1.1106049555272048,0.01212106924620221,0.5664986650696668,-2.5572818103210135,0.7895422508694574,-0.1821252901743785,-0.41270196184256425,-0.4294107943249559,-0.969084335007399,-0.43679605329005455,-0.9039676486793023,-0.07602277987289023
3;92;49073.30490541458;3877;1484;0.049707;0.006445;0.057297/0.053087/0.063066/0.048803/0.04952/0.055179/0.074563/0.077804/0.067019/0.051518/0.088552/0.074803/0.136727/0.083971/0.09831/0.060543/0.049126/0.05182/0.079528/0.053686/0.073662/0.104357/0.085687/0.052008/0.049769/0.055292/0.060794/0.059828/0.105342/0.080378/0.058825/0.06107/0.06245/0.06275/0.060489/0.049707/0.057916/0.133584/0.153175/0.057005/0.051755/0.0732/0.131105/0.058296/0.081623/0.09437/0.098791/0.054528/0.060243/0.090501/0.134462/0.054506/0.104859/0.055342/0.056518/0.117014/0.074974/0.081956/0.061979/0.084655/0.079567/0.059445/0.052153/0.134032/0.091298/0.05097/0.051158/0.066018/0.060583/0.082967/0.053388/0.075432/0.084309/0.052768/0.077479/0.051033/0.056304/0.054902/0.050478/0.078437/0.068483/0.060286/0.113741/0.12735/0.058661/0.051716/0.060164/0.050985/0.074307/0.051746/0.076651/0.058613/0.075266/0.146752/0.051352/0.057443/0.090747/0.057796/0.123068/0.051019;0.001673/0.165537/0.240717/0.0/0.0/0.036223/0.279245/0.388812/0.383887/0.144088/0.415109/0.325298/0.580559/0.376113/0.652556/0.023409/0.0/0.0/0.341793/0.023476/0.347731/0.431652/0.385188/0.0/0.0/0.294564/0.044198/0.227244/0.396213/0.390189/0.312924/0.118613/0.328826/0.247851/0.016361/0.006445/2.9e-05/0.441052/0.408319/0.011322/0.435754/0.504203/0.418006/0.003232/0.408386/0.42012/0.509912/0.000143/0.342721/0.60153/0.516988/0.583256/0.381028/9.6e-05/0.005374/0.394568/0.303591/0.422252/0.294124/0.397648/0.361301/0.011781/0.0/0.398432/0.395668/0.226153/0.212795/0.247057/0.268907/0.506995/0.005766/0.870447/0.403529/1e-05/0.36525/0.036185/0.345551/6.7e-05/0.03868/0.364399/0.280928/0.37312/0.4177/0.709778/0.103246/0.007813/0.0107/0.0/0.355678/0.480296/0.431967/0.389558/0.355104/0.407841/0.036997/0.0048/0.389414/0.116644/0.575989/0.394243;0.075432/0.054506/0.051746/0.051019/0.05097/0.050478/0.049707/0.048803;0.870447/0.583256/0.480296/0.394243/0.226153/0.03868/0.006445/0.0;3.962348258312918,0.8339885646398719,-1.007793362480925,-0.2184625022447242,1.5379335089084878,-1.2219682106178884,2.086643429391695,0.3990205524591274,0.7373856257481506,1.0031905822232812,-0.9170014086173379,-0.33301527269660747,-0.06658958552078464,-0.7441993918064447,-1.7580419581499847,-1.0709039252833055,-0.13633235006261368,1.0671874518563818,1.416036010040315,-0.6764373579911961,-0.2528779273230124,1.3864902327515567,0.7124389429934609,-0.9134811966593819,0.3126317086033736,-1.9008880944614903,-2.1061867267013232,1.5131046708525724,-2.3973883765155226,-2.3075623322269703,-1.0309901352510602,-1.3807585547892005,-0.7927658302926817,1.8324112437069218,-2.0212897106163914,0.331815038322927,-0.736575562543405,1.6872952076183398,0.03438295917628417,0.5946222219955912,0.11178981004178723,0.692489770862007,-0.09038918989431771,-0.606886238434369,-0.46209764504059364,-0.42221745297613755,0.5063538220682972,1.5681129390097743,0.013499993124852089,0.34068565460125017,-0.8915367697414908,0.1786107731238437,-1.2846452336563858,0.5293864074800793,-2.5468149827751407,-0.7824093689987637,0.8329464259317579,1.7082185787293795,-2.476167995979677,1.041681924654354,0.08063287253346466,-2.0299094422822788,-0.939714893149719,-0.18914089737186826,0.9099712287743175,2.1049416198062456,0.5903387781059164,0.18602790852412465,0.0854971117344111,0.12282087252184085,1.7418879508129845,3.3859857531984097,1.6983552639033075,-0.10154510393714372,-3.3244806189269824,0.7687531498359867,-1.6848216935513642,1.143928385066737,0.3263817179705776,-0.9152986357626633,0.5772500589811952,2.931823907634211,-1.7857715708612139,-1.1335627355323095,-2.2465359582079905,-1.2191013640188155,1.5003515610029745,2.584722186912842,0.3017153957988893,-0.8587770921200077,-0.7945476213599855,0.39132328602899025,-0.5205334053213101,-2.159059439545565,-2.2765947275779777,1.2067226317256237,-0.5804265724323426,-0.33935830296672576,-1.7946001234243,0.0030900835754571615,-0.026472235899217628,-0.2821399339197717,-0.6410193333275724,1.3417567746953152,-0.9309624072823499,-1.6260781611314261,-0.6820815803750979,-1.7174767748909223,0.06401366616456539,-1.1495324016863508,-0.9163725745183509,0.9392985001092633,-3.9513778266017074,-2.8201124160381625,0.23506350229761397,1.1387226370327865,-3.1016708053935154,3.298505927969922,0.7766160888724718,0.10264872521571566,-0.20715516305068077,-1.273809416597154,-0.6002019478551751,1.4031579019546652,1.9029536816220445,-1.6360852959255465,-0.376977191392729,-0.5109650585774372,0.17302844324286124,-2.2171353285480344,0.7725678136485881,-0.33906538130969455,0.39022272738644076,1.4188424724732354,0.127492568140596,-0.5553945032705838,-1.945879927611846,-0.27144054610888757,0.5726981221854851,-1.30328968050792,-0.23133929678812926,-1.2075304087812415,-0.4070849449662902,0.6211555251563001,0.9006091058868869,0.371954948120803,2.9572989873489886,0.2463547675475711,0.36937298007688835,-1.4189899371993233,-0.007316571290008678,-0.015807857067996922,0.1535014596130742,-0.08618296526915417,-2.404695951179009,-1.9490406263211573,-0.8489746980400449,-1.625848979449617;1.6129200755454733,1.5674311779466024,0.948221167868835,0.5094352505218451,0.3536034562136767,-0.22040874322680698,1.6622741227625366,-1.010559915915565,1.228395484519289,0.8176145142553797,-0.04777226905962112,-0.5863396007861534,-0.7256686418469303,-0.47903029485418247,-1.214985806950809,-0.7625340095445953,-1.7152568232462928,1.1126759667359827,2.27891237234259,0.49723158832273545,-0.9571008690893378,0.554270623583486,0.08406982316076862,-1.151731601633847,-0.5497198599669926,-1.4162323824401815,-0.7281350594014292,0.1372014872954804,-0.7051929602770346,-2.911502519039403,0.12522087195686293,0.7461321322619489,0.39521511796956044,-0.3729516330010463,-1.2371178919547623,0.7350255513174138,-1.4433201067776036,0.5629758407326482,-1.5954156656934182,-0.14027053015679486,0.5461440254052581,0.9765430232358449,0.2044156887013677,-0.6039130299401125,-0.503251765131796,0.18389343624239451,0.3754319824521989,2.155820121441151,-1.3693820804132704,-1.4364479228094256,-0.4936183557781647,0.14092100649578393,0.2722607401303635,-0.8641471700497183,-1.1939203598020356,-2.1000505628679393,2.220928359447662,1.1756994462290231,0.24078348196303273,0.642019974657997,0.9549746591982748,-0.899436550106452,-0.4051571844132069,0.48882859341795704,2.216355200392451,0.9992901741555736,0.9872272209598478,-0.33837770643869114,-0.4060916098800185,-0.37353427137839706,0.41789432278503846,1.5099108877363394,0.2535011025634512,-0.29632505944008036,-1.4068317087231905,-0.5221457363525871,-1.0938943492761837,0.44694052510067345,0.6380298326976793,0.9582558814939317,1.0706780755732412,1.2294774722343094,-1.998728335653956,-0.18371083484871165,-1.9571409672452493,0.22891114633389142,1.0408032429698753,1.1403495505737957,0.4421025057347121,0.718192671254211,-2.419764266509521,-0.9347711423787942,-0.7509568250719526,-0.725333874967602,-1.2269860621078643,0.462357025372487,-0.2378365103968981,-0.7063402122242796,-1.7029918180252124,-0.3652150551856287,-0.4154025538667492,-0.26342744380815014,-0.46808460803390106,0.6680789740606324,-1.7884433474749197,0.5266134345479598,0.3848420256809296,-0.5386122381958538,0.6282769498368024,-1.5036243138409597,-3.096945811775848,-0.1694806367572902,-2.4926461654690613,-0.8499729882562459,0.09297391721560133,-0.29918590487914665,-0.4806920789559077,2.1399002412259085,1.4449870749291878,-0.4054082063168377,-0.15008749933475957,0.85929028285007,0.8800992406195405,0.861956252246838,0.9053520747795788,-1.0014292747184195,0.17472319624395266,-0.08603344177617478,0.6448170624165986,-1.2015361213542133,0.42858946127459446,1.0755439839724947,-0.24882569439475988,0.06047868566281961,0.6488833305606119,0.6911596845216773,0.08966531974217112,0.6060117596145538,0.07179162414675844,-0.8221892642867094,-0.35896737749788904,-1.4438511647039147,0.4856465720995238,-1.6099496392244366,-0.5126150376088392,0.404485455470603,1.1106049555272048,0.01212106924620221,0.5664986650696668,-2.5572818103210135,0.7895422508694574,-0.1821252901743785,-0.41270196184256425,-0.4294107943249559,-0.969084335007399,-0.43679605329005455,-0.9039676486793023,-0.07602277987289023
3;93;49617.43368887901;3877;1484;0.049707;0.006445;0.057297/0.053087/0.063066/0.048803/0.04952/0.055179/0.074563/0.077804/0.067019/0.051518/0.088552/0.074803/0.136727/0.083971/0.09831/0.060543/0.049126/0.05182/0.079528/0.053686/0.073662/0.104357/0.085687/0.052008/0.049769/0.055292/0.060794/0.059828/0.105342/0.080378/0.058825/0.06107/0.06245/0.06275/0.060489/0.049707/0.133584/0.153175/0.057005/0.051755/0.0732/0.131105/0.058296/0.081623/0.09437/0.098791/0.054528/0.060243/0.090501/0.134462/0.054506/0.055342/0.056518/0.117014/0.074974/0.081956/0.061979/0.084655/0.079567/0.059445/0.052153/0.134032/0.091298/0.05097/0.051158/0.066018/0.060583/0.082967/0.053388/0.075432/0.084309/0.052768/0.077479/0.051033/0.056304/0.054902/0.050478/0.078437/0.068483/0.060286/0.113741/0.12735/0.058661/0.051716/0.060164/0.050985/0.074307/0.051746/0.076651/0.058613/0.075266/0.146752/0.051352/0.057443/0.090747/0.057796/0.123068/0.051019/0.056909/0.089025;0.001673/0.165537/0.240717/0.0/0.0/0.036223/0.279245/0.388812/0.383887/0.144088/0.415109/0.325298/0.580559/0.376113/0.652556/0.023409/0.0/0.0/0.341793/0.023476/0.347731/0.431652/0.385188/0.0/0.0/0.294564/0.044198/0.227244/0.396213/0.390189/0.312924/0.118613/0.328826/0.247851/0.016361/0.006445/0.441052/0.408319/0.011322/0.435754/0.504203/0.418006/0.003232/0.408386/0.42012/0.509912/0.000143/0.342721/0.60153/0.516988/0.583256/9.6e-05/0.005374/0.394568/0.303591/0.422252/0.294124/0.397648/0.361301/0.011781/0.0/0.398432/0.395668/0.226153/0.212795/0.247057/0.268907/0.506995/0.005766/0.870447/0.403529/1e-05/0.36525/0.036185/0.345551/6.7e-05/0.03868/0.364399/0.280928/0.37312/0.4177/0.709778/0.103246/0.007813/0.0107/0.0/0.355678/0.480296/0.431967/0.389558/0.355104/0.407841/0.036997/0.0048/0.389414/0.116644/0.575989/0.394243/0.001779/0.016629;0.075432/0.054506/0.051746/0.051019/0.05097/0.050478/0.049707/0.048803;0.870447/0.583256/0.480296/0.394243/0.226153/0.03868/0.006445/0.0;3.962348258312918,0.8339885646398719,-1.007793362480925,-0.2184625022447242,1.5379335089084878,-1.2219682106178884,2.086643429391695,0.3990205524591274,0.7373856257481506,1.0031905822232812,-0.9170014086173379,-0.33301527269660747,-0.06658958552078464,-0.7441993918064447,-1.7580419581499847,-1.0709039252833055,-0.13633235006261368,1.0671874518563818,1.416036010040315,-0.6764373579911961,-0.2528779273230124,1.3864902327515567,0.7124389429934609,-0.9134811966593819,0.3126317086033736,-1.9008880944614903,-2.1061867267013232,1.5131046708525724,-2.3973883765155226,-2.3075623322269703,-1.0309901352510602,-1.3807585547892005,-0.7927658302926817,1.8324112437069218,-2.0212897106163914,0.331815038322927,-0.736575562543405,1.6872952076183398,0.03438295917628417,0.5946222219955912,0.11178981004178723,0.692489770862007,-0.09038918989431771,-0.606886238434369,-0.46209764504059364,-0.42221745297613755,0.5063538220682972,1.5681129390097743,0.013499993124852089,0.34068565460125017,-0.8915367697414908,0.1786107731238437,-1.2846452336563858,0.5293864074800793,-2.5468149827751407,-0.7824093689987637,0.8329464259317579,1.7082185787293795,-2.476167995979677,1.041681924654354,0.08063287253346466,-2.0299094422822788,-0.939714893149719,-0.18914089737186826,0.9099712287743175,2.1049416198062456,0.5903387781059164,0.18602790852412465,0.0854971117344111,0.12282087252184085,1.7418879508129845,3.3859857531984097,1.6983552639033075,-0.10154510393714372,-3.3244806189269824,0.7687531498359867,-1.6848216935513642,1.143928385066737,0.3263817179705776,-0.9152986357626633,0.5772500589811952,2.931823907634211,-1.7857715708612139,-1.1335627355323095,-2.2465359582079905,-1.2191013640188155,1.5003515610029745,2.584722186912842,0.3017153957988893,-0.8587770921200077,-0.7945476213599855,0.39132328602899025,-0.5205334053213101,-2.159059439545565,-2.2765947275779777,1.2067226317256237,-0.5804265724323426,-0.33935830296672576,-1.7946001234243,0.0030900835754571615,-0.026472235899217628,-0.2821399339197717,-0.6410193333275724,1.3417567746953152,-0.9309624072823499,-1.6260781611314261,-0.6820815803750979,-1.7174767748909223,0.06401366616456539,-1.1495324016863508,-0.9163725745183509,0.9392985001092633,-3.9513778266017074,-2.8201124160381625,0.23506350229761397,1.1387226370327865,-3.1016708053935154,3.298505927969922,0.7766160888724718,0.10264872521571566,-0.20715516305068077,-1.273809416597154,-0.6002019478551751,1.4031579019546652,1.9029536816220445,-1.6360852959255465,-0.376977191392729,-0.5109650585774372,0.17302844324286124,-2.2171353285480344,0.7725678136485881,-0.33906538130969455,0.39022272738644076,1.4188424724732354,0.127492568140596,-0.5553945032705838,-1.945879927611846,-0.27144054610888757,0.5726981221854851,-1.30328968050792,-0.23133929678812926,-1.2075304087812415,-0.4070849449662902,0.6211555251563001,0.9006091058868869,0.371954948120803,2.9572989873489886,0.2463547675475711,0.36937298007688835,-1.4189899371993233,-0.007316571290008678,-0.015807857067996922,0.1535014596130742,-0.08618296526915417,-2.404695951179009,-1.9490406263211573,-0.8489746980400449,-1.625848979449617;1.6129200755454733,1.5674311779466024,0.948221167868835,0.5094352505218451,0.3536034562136767,-0.22040874322680698,1.6622741227625366,-1.010559915915565,1.228395484519289,0.8176145142553797,-0.04777226905962112,-0.5863396007861534,-0.7256686418469303,-0.47903029485418247,-1.214985806950809,-0.7625340095445953,-1.7152568232462928,1.1126759667359827,2.27891237234259,0.49723158832273545,-0.9571008690893378,0.554270623583486,0.08406982316076862,-1.151731601633847,-0.5497198599669926,-1.4162323824401815,-0.7281350594014292,0.1372014872954804,-0.7051929602770346,-2.911502519039403,0.12522087195686293,0.7461321322619489,0.39521511796956044,-0.3729516330010463,-1.2371178919547623,0.7350255513174138,-1.4433201067776036,0.5629758407326482,-1.5954156656934182,-0.14027053015679486,0.5461440254052581,0.9765430232358449,0.2044156887013677,-0.6039130299401125,-0.503251765131796,0.18389343624239451,0.3754319824521989,2.155820121441151,-1.3693820804132704,-1.4364479228094256,-0.4936183557781647,0.14092100649578393,0.2722607401303635,-0.8641471700497183,-1.1939203598020356,-2.1000505628679393,2.220928359447662,1.1756994462290231,0.24078348196303273,0.642019974657997,0.9549746591982748,-0.899436550106452,-0.4051571844132069,0.48882859341795704,2.216355200392451,0.9992901741555736,0.9872272209598478,-0.33837770643869114,-0.4060916098800185,-0.37353427137839706,0.41789432278503846,1.5099108877363394,0.2535011025634512,-0.29632505944008036,-1.4068317087231905,-0.5221457363525871,-1.0938943492761837,0.44694052510067345,0.6380298326976793,0.9582558814939317,1.0706780755732412,1.2294774722343094,-1.998728335653956,-0.18371083484871165,-1.9571409672452493,0.22891114633389142,1.0408032429698753,1.1403495505737957,0.4421025057347121,0.718192671254211,-2.419764266509521,-0.9347711423787942,-0.7509568250719526,-0.725333874967602,-1.2269860621078643,0.462357025372487,-0.2378365103968981,-0.7063402122242796,-1.7029918180252124,-0.3652150551856287,-0.4154025538667492,-0.26342744380815014,-0.46808460803390106,0.6680789740606324,-1.7884433474749197,0.5266134345479598,0.3848420256809296,-0.5386122381958538,0.6282769498368024,-1.5036243138409597,-3.096945811775848,-0.1694806367572902,-2.4926461654690613,-0.8499729882562459,0.09297391721560133,-0.29918590487914665,-0.4806920789559077,2.1399002412259085,1.4449870749291878,-0.4054082063168377,-0.15008749933475957,0.85929028285007,0.8800992406195405,0.861956252246838,0.9053520747795788,-1.0014292747184195,0.17472319624395266,-0.08603344177617478,0.6448170624165986,-1.2015361213542133,0.42858946127459446,1.0755439839724947,-0.24882569439475988,0.06047868566281961,0.6488833305606119,0.6911596845216773,0.08966531974217112,0.6060117596145538,0.07179162414675844,-0.8221892642867094,-0.35896737749788904,-1.4438511647039147,0.4856465720995238,-1.6099496392244366,-0.5126150376088392,0.404485455470603,1.1106049555272048,0.01212106924620221,0.5664986650696668,-2.5572818103210135,0.7895422508694574,-0.1821252901743785,-0.41270196184256425,-0.4294107943249559,-0.969084335007399,-0.43679605329005455,-0.9039676486793023,-0.07602277987289023
3;94;50158.20862150192;3877;1484;0.049707;0.006445;0.057297/0.053087/0.063066/0.048803/0.04952/0.055179/0.074563/0.077804/0.067019/0.051518/0.088552/0.074803/0.136727/0.083971/0.09831/0.060543/0.049126/0.05182/0.079528/0.053686/0.073662/0.104357/0.085687/0.052008/0.049769/0.055292/0.060794/0.059828/0.105342/0.080378/0.058825/0.06107/0.06245/0.06275/0.060489/0.049707/0.133584/0.153175/0.057005/0.051755/0.0732/0.131105/0.058296/0.081623/0.09437/0.098791/0.054528/0.060243/0.090501/0.134462/0.054506/0.055342/0.056518/0.117014/0.074974/0.081956/0.061979/0.084655/0.079567/0.059445/0.052153/0.134032/0.091298/0.05097/0.051158/0.066018/0.060583/0.082967/0.053388/0.075432/0.084309/0.052768/0.077479/0.051033/0.056304/0.054902/0.050478/0.078437/0.068483/0.060286/0.113741/0.12735/0.058661/0.051716/0.060164/0.050985/0.074307/0.051746/0.076651/0.058613/0.075266/0.146752/0.051352/0.057443/0.090747/0.057796/0.123068/0.051019/0.056909/0.087947;0.001673/0.165537/0.240717/0.0/0.0/0.036223/0.279245/0.388812/0.383887/0.144088/0.415109/0.325298/0.580559/0.376113/0.652556/0.023409/0.0/0.0/0.341793/0.023476/0.347731/0.431652/0.385188/0.0/0.0/0.294564/0.044198/0.227244/0.396213/0.390189/0.312924/0.118613/0.328826/0.247851/0.016361/0.006445/0.441052/0.408319/0.011322/0.435754/0.504203/0.418006/0.003232/0.408386/0.42012/0.509912/0.000143/0.342721/0.60153/0.516988/0.583256/9.6e-05/0.005374/0.394568/0.303591/0.422252/0.294124/0.397648/0.361301/0.011781/0.0/0.398432/0.395668/0.226153/0.212795/0.247057/0.268907/0.506995/0.005766/0.870447/0.403529/1e-05/0.36525/0.036185/0.345551/6.7e-05/0.03868/0.364399/0.280928/0.37312/0.4177/0.709778/0.103246/0.007813/0.0107/0.0/0.355678/0.480296/0.431967/0.389558/0.355104/0.407841/0.036997/0.0048/0.389414/0.116644/0.575989/0.394243/0.001779/0.278566;0.075432/0.054506/0.051746/0.051019/0.05097/0.050478/0.049707/0.048803;0.870447/0.583256/0.480296/0.394243/0.226153/0.03868/0.006445/0.0;3.962348258312918,0.8339885646398719,-1.007793362480925,-0.2184625022447242,1.5379335089084878,-1.2219682106178884,2.086643429391695,0.3990205524591274,0.7373856257481506,1.0031905822232812,-0.9170014086173379,-0.33301527269660747,-0.06658958552078464,-0.7441993918064447,-1.7580419581499847,-1.0709039252833055,-0.13633235006261368,1.0671874518563818,1.416036010040315,-0.6764373579911961,-0.2528779273230124,1.3864902327515567,0.7124389429934609,-0.9134811966593819,0.3126317086033736,-1.9008880944614903,-2.1061867267013232,1.5131046708525724,-2.3973883765155226,-2.3075623322269703,-1.0309901352510602,-1.3807585547892005,-0.7927658302926817,1.8324112437069218,-2.0212897106163914,0.331815038322927,-0.736575562543405,1.6872952076183398,0.03438295917628417,0.5946222219955912,0.11178981004178723,0.692489770862007,-0.09038918989431771,-0.606886238434369,-0.46209764504059364,-0.42221745297613755,0.5063538220682972,1.5681129390097743,0.013499993124852089,0.34068565460125017,-0.8915367697414908,0.1786107731238437,-1.2846452336563858,0.5293864074800793,-2.5468149827751407,-0.7824093689987637,0.8329464259317579,1.7082185787293795,-2.476167995979677,1.041681924654354,0.08063287253346466,-2.0299094422822788,-0.939714893149719,-0.18914089737186826,0.9099712287743175,2.1049416198062456,0.5903387781059164,0.18602790852412465,0.0854971117344111,0.12282087252184085,1.7418879508129845,3.3859857531984097,1.6983552639033075,-0.10154510393714372,-3.3244806189269824,0.7687531498359867,-1.6848216935513642,1.143928385066737,0.3263817179705776,-0.9152986357626633,0.5772500589811952,2.931823907634211,-1.7857715708612139,-1.1335627355323095,-2.2465359582079905,-1.2191013640188155,1.5003515610029745,2.584722186912842,0.3017153957988893,-0.8587770921200077,-0.7945476213599855,0.39132328602899025,-0.5205334053213101,-2.159059439545565,-2.2765947275779777,1.2067226317256237,-0.5804265724323426,-0.33935830296672576,-1.7946001234243,0.0030900835754571615,-0.026472235899217628,-0.2821399339197717,-0.6410193333275724,1.3417567746953152,-0.9309624072823499,-1.6260781611314261,-0.6820815803750979,-1.7174767748909223,0.06401366616456539,-1.1495324016863508,-0.9163725745183509,0.9392985001092633,-3.9513778266017074,-2.8201124160381625,0.23506350229761397,1.1387226370327865,-3.1016708053935154,3.298505927969922,0.7766160888724718,0.10264872521571566,-0.20715516305068077,-1.273809416597154,-0.6002019478551751,1.4031579019546652,1.9029536816220445,-1.6360852959255465,-0.376977191392729,-0.5109650585774372,0.17302844324286124,-2.2171353285480344,0.7725678136485881,-0.33906538130969455,0.39022272738644076,1.4188424724732354,0.127492568140596,-0.5553945032705838,-1.945879927611846,-0.27144054610888757,0.5726981221854851,-1.30328968050792,-0.23133929678812926,-1.2075304087812415,-0.4070849449662902,0.6211555251563001,0.9006091058868869,0.371954948120803,2.9572989873489886,0.2463547675475711,0.36937298007688835,-1.4189899371993233,-0.007316571290008678,-0.015807857067996922,0.1535014596130742,-0.08618296526915417,-2.404695951179009,-1.9490406263211573,-0.8489746980400449,-1.625848979449617;1.6129200755454733,1.5674311779466024,0.948221167868835,0.5094352505218451,0.3536034562136767,-0.22040874322680698,1.6622741227625366,-1.010559915915565,1.228395484519289,0.8176145142553797,-0.04777226905962112,-0.5863396007861534,-0.7256686418469303,-0.47903029485418247,-1.214985806950809,-0.7625340095445953,-1.7152568232462928,1.1126759667359827,2.27891237234259,0.49723158832273545,-0.9571008690893378,0.554270623583486,0.08406982316076862,-1.151731601633847,-0.5497198599669926,-1.4162323824401815,-0.7281350594014292,0.1372014872954804,-0.7051929602770346,-2.911502519039403,0.12522087195686293,0.7461321322619489,0.39521511796956044,-0.3729516330010463,-1.2371178919547623,0.7350255513174138,-1.4433201067776036,0.5629758407326482,-1.5954156656934182,-0.14027053015679486,0.5461440254052581,0.9765430232358449,0.2044156887013677,-0.6039130299401125,-0.503251765131796,0.18389343624239451,0.3754319824521989,2.155820121441151,-1.3693820804132704,-1.4364479228094256,-0.4936183557781647,0.14092100649578393,0.2722607401303635,-0.8641471700497183,-1.1939203598020356,-2.1000505628679393,2.220928359447662,1.1756994462290231,0.24078348196303273,0.642019974657997,0.9549746591982748,-0.899436550106452,-0.4051571844132069,0.48882859341795704,2.216355200392451,0.9992901741555736,0.9872272209598478,-0.33837770643869114,-0.4060916098800185,-0.37353427137839706,0.41789432278503846,1.5099108877363394,0.2535011025634512,-0.29632505944008036,-1.4068317087231905,-0.5221457363525871,-1.0938943492761837,0.44694052510067345,0.6380298326976793,0.9582558814939317,1.0706780755732412,1.2294774722343094,-1.998728335653956,-0.18371083484871165,-1.9571409672452493,0.22891114633389142,1.0408032429698753,1.1403495505737957,0.4421025057347121,0.718192671254211,-2.419764266509521,-0.9347711423787942,-0.7509568250719526,-0.725333874967602,-1.2269860621078643,0.462357025372487,-0.2378365103968981,-0.7063402122242796,-1.7029918180252124,-0.3652150551856287,-0.4154025538667492,-0.26342744380815014,-0.46808460803390106,0.6680789740606324,-1.7884433474749197,0.5266134345479598,0.3848420256809296,-0.5386122381958538,0.6282769498368024,-1.5036243138409597,-3.096945811775848,-0.1694806367572902,-2.4926461654690613,-0.8499729882562459,0.09297391721560133,-0.29918590487914665,-0.4806920789559077,2.1399002412259085,1.4449870749291878,-0.4054082063168377,-0.15008749933475957,0.85929028285007,0.8800992406195405,0.861956252246838,0.9053520747795788,-1.0014292747184195,0.17472319624395266,-0.08603344177617478,0.6448170624165986,-1.2015361213542133,0.42858946127459446,1.0755439839724947,-0.24882569439475988,0.06047868566281961,0.6488833305606119,0.6911596845216773,0.08966531974217112,0.6060117596145538,0.07179162414675844,-0.8221892642867094,-0.35896737749788904,-1.4438511647039147,0.4856465720995238,-1.6099496392244366,-0.5126150376088392,0.404485455470603,1.1106049555272048,0.01212106924620221,0.5664986650696668,-2.5572818103210135,0.7895422508694574,-0.1821252901743785,-0.41270196184256425,-0.4294107943249559,-0.969084335007399,-0.43679605329005455,-0.9039676486793023,-0.07602277987289023
3;95;50686.23583602905;3877;1484;0.049707;0.006445;0.057297/0.053087/0.063066/0.048803/0.04952/0.055179/0.074563/0.077804/0.067019/0.051518/0.088552/0.074803/0.136727/0.083971/0.09831/0.060543/0.049126/0.05182/0.079528/0.053686/0.073662/0.104357/0.085687/0.052008/0.049769/0.055292/0.060794/0.059828/0.105342/0.080378/0.058825/0.06107/0.06245/0.06275/0.060489/0.049707/0.133584/0.153175/0.057005/0.051755/0.0732/0.131105/0.058296/0.081623/0.09437/0.098791/0.054528/0.060243/0.090501/0.134462/0.054506/0.055342/0.056518/0.117014/0.074974/0.081956/0.061979/0.084655/0.079567/0.059445/0.052153/0.134032/0.091298/0.05097/0.051158/0.066018/0.060583/0.082967/0.053388/0.075432/0.084309/0.052768/0.077479/0.051033/0.056304/0.054902/0.050478/0.078437/0.068483/0.060286/0.113741/0.12735/0.058661/0.051716/0.060164/0.050985/0.074307/0.051746/0.076651/0.058613/0.075266/0.146752/0.051352/0.057443/0.090747/0.057796/0.123068/0.051019/0.056909/0.079034;0.001673/0.165537/0.240717/0.0/0.0/0.036223/0.279245/0.388812/0.383887/0.144088/0.415109/0.325298/0.580559/0.376113/0.652556/0.023409/0.0/0.0/0.341793/0.023476/0.347731/0.431652/0.385188/0.0/0.0/0.294564/0.044198/0.227244/0.396213/0.390189/0.312924/0.118613/0.328826/0.247851/0.016361/0.006445/0.441052/0.408319/0.011322/0.435754/0.504203/0.418006/0.003232/0.408386/0.42012/0.509912/0.000143/0.342721/0.60153/0.516988/0.583256/9.6e-05/0.005374/0.394568/0.303591/0.422252/0.294124/0.397648/0.361301/0.011781/0.0/0.398432/0.395668/0.226153/0.212795/0.247057/0.268907/0.506995/0.005766/0.870447/0.403529/1e-05/0.36525/0.036185/0.345551/6.7e-05/0.03868/0.364399/0.280928/0.37312/0.4177/0.709778/0.103246/0.007813/0.0107/0.0/0.355678/0.480296/0.431967/0.389558/0.355104/0.407841/0.036997/0.0048/0.389414/0.116644/0.575989/0.394243/0.001779/0.323175;0.075432/0.054506/0.051746/0.051019/0.05097/0.050478/0.049707/0.048803;0.870447/0.583256/0.480296/0.394243/0.226153/0.03868/0.006445/0.0;3.962348258312918,0.8339885646398719,-1.007793362480925,-0.2184625022447242,1.5379335089084878,-1.2219682106178884,2.086643429391695,0.3990205524591274,0.7373856257481506,1.0031905822232812,-0.9170014086173379,-0.33301527269660747,-0.06658958552078464,-0.7441993918064447,-1.7580419581499847,-1.0709039252833055,-0.13633235006261368,1.0671874518563818,1.416036010040315,-0.6764373579911961,-0.2528779273230124,1.3864902327515567,0.7124389429934609,-0.9134811966593819,0.3126317086033736,-1.9008880944614903,-2.1061867267013232,1.5131046708525724,-2.3973883765155226,-2.3075623322269703,-1.0309901352510602,-1.3807585547892005,-0.7927658302926817,1.8324112437069218,-2.0212897106163914,0.331815038322927,-0.736575562543405,1.6872952076183398,0.03438295917628417,0.5946222219955912,0.11178981004178723,0.692489770862007,-0.09038918989431771,-0.606886238434369,-0.46209764504059364,-0.42221745297613755,0.5063538220682972,1.5681129390097743,0.013499993124852089,0.34068565460125017,-0.8915367697414908,0.1786107731238437,-1.2846452336563858,0.5293864074800793,-2.5468149827751407,-0.7824093689987637,0.8329464259317579,1.7082185787293795,-2.476167995979677,1.041681924654354,0.08063287253346466,-2.0299094422822788,-0.939714893149719,-0.18914089737186826,0.9099712287743175,2.1049416198062456,0.5903387781059164,0.18602790852412465,0.0854971117344111,0.12282087252184085,1.7418879508129845,3.3859857531984097,1.6983552639033075,-0.10154510393714372,-3.3244806189269824,0.7687531498359867,-1.6848216935513642,1.143928385066737,0.3263817179705776,-0.9152986357626633,0.5772500589811952,2.931823907634211,-1.7857715708612139,-1.1335627355323095,-2.2465359582079905,-1.2191013640188155,1.5003515610029745,2.584722186912842,0.3017153957988893,-0.8587770921200077,-0.7945476213599855,0.39132328602899025,-0.5205334053213101,-2.159059439545565,-2.2765947275779777,1.2067226317256237,-0.5804265724323426,-0.33935830296672576,-1.7946001234243,0.0030900835754571615,-0.026472235899217628,-0.2821399339197717,-0.6410193333275724,1.3417567746953152,-0.9309624072823499,-1.6260781611314261,-0.6820815803750979,-1.7174767748909223,0.06401366616456539,-1.1495324016863508,-0.9163725745183509,0.9392985001092633,-3.9513778266017074,-2.8201124160381625,0.23506350229761397,1.1387226370327865,-3.1016708053935154,3.298505927969922,0.7766160888724718,0.10264872521571566,-0.20715516305068077,-1.273809416597154,-0.6002019478551751,1.4031579019546652,1.9029536816220445,-1.6360852959255465,-0.376977191392729,-0.5109650585774372,0.17302844324286124,-2.2171353285480344,0.7725678136485881,-0.33906538130969455,0.39022272738644076,1.4188424724732354,0.127492568140596,-0.5553945032705838,-1.945879927611846,-0.27144054610888757,0.5726981221854851,-1.30328968050792,-0.23133929678812926,-1.2075304087812415,-0.4070849449662902,0.6211555251563001,0.9006091058868869,0.371954948120803,2.9572989873489886,0.2463547675475711,0.36937298007688835,-1.4189899371993233,-0.007316571290008678,-0.015807857067996922,0.1535014596130742,-0.08618296526915417,-2.404695951179009,-1.9490406263211573,-0.8489746980400449,-1.625848979449617;1.6129200755454733,1.5674311779466024,0.948221167868835,0.5094352505218451,0.3536034562136767,-0.22040874322680698,1.6622741227625366,-1.010559915915565,1.228395484519289,0.8176145142553797,-0.04777226905962112,-0.5863396007861534,-0.7256686418469303,-0.47903029485418247,-1.214985806950809,-0.7625340095445953,-1.7152568232462928,1.1126759667359827,2.27891237234259,0.49723158832273545,-0.9571008690893378,0.554270623583486,0.08406982316076862,-1.151731601633847,-0.5497198599669926,-1.4162323824401815,-0.7281350594014292,0.1372014872954804,-0.7051929602770346,-2.911502519039403,0.12522087195686293,0.7461321322619489,0.39521511796956044,-0.3729516330010463,-1.2371178919547623,0.7350255513174138,-1.4433201067776036,0.5629758407326482,-1.5954156656934182,-0.14027053015679486,0.5461440254052581,0.9765430232358449,0.2044156887013677,-0.6039130299401125,-0.503251765131796,0.18389343624239451,0.3754319824521989,2.155820121441151,-1.3693820804132704,-1.4364479228094256,-0.4936183557781647,0.14092100649578393,0.2722607401303635,-0.8641471700497183,-1.1939203598020356,-2.1000505628679393,2.220928359447662,1.1756994462290231,0.24078348196303273,0.642019974657997,0.9549746591982748,-0.899436550106452,-0.4051571844132069,0.48882859341795704,2.216355200392451,0.9992901741555736,0.9872272209598478,-0.33837770643869114,-0.4060916098800185,-0.37353427137839706,0.41789432278503846,1.5099108877363394,0.2535011025634512,-0.29632505944008036,-1.4068317087231905,-0.5221457363525871,-1.0938943492761837,0.44694052510067345,0.6380298326976793,0.9582558814939317,1.0706780755732412,1.2294774722343094,-1.998728335653956,-0.18371083484871165,-1.9571409672452493,0.22891114633389142,1.0408032429698753,1.1403495505737957,0.4421025057347121,0.718192671254211,-2.419764266509521,-0.9347711423787942,-0.7509568250719526,-0.725333874967602,-1.2269860621078643,0.462357025372487,-0.2378365103968981,-0.7063402122242796,-1.7029918180252124,-0.3652150551856287,-0.4154025538667492,-0.26342744380815014,-0.46808460803390106,0.6680789740606324,-1.7884433474749197,0.5266134345479598,0.3848420256809296,-0.5386122381958538,0.6282769498368024,-1.5036243138409597,-3.096945811775848,-0.1694806367572902,-2.4926461654690613,-0.8499729882562459,0.09297391721560133,-0.29918590487914665,-0.4806920789559077,2.1399002412259085,1.4449870749291878,-0.4054082063168377,-0.15008749933475957,0.85929028285007,0.8800992406195405,0.861956252246838,0.9053520747795788,-1.0014292747184195,0.17472319624395266,-0.08603344177617478,0.6448170624165986,-1.2015361213542133,0.42858946127459446,1.0755439839724947,-0.24882569439475988,0.06047868566281961,0.6488833305606119,0.6911596845216773,0.08966531974217112,0.6060117596145538,0.07179162414675844,-0.8221892642867094,-0.35896737749788904,-1.4438511647039147,0.4856465720995238,-1.6099496392244366,-0.5126150376088392,0.404485455470603,1.1106049555272048,0.01212106924620221,0.5664986650696668,-2.5572818103210135,0.7895422508694574,-0.1821252901743785,-0.41270196184256425,-0.4294107943249559,-0.969084335007399,-0.43679605329005455,-0.9039676486793023,-0.07602277987289023
3;96;51215.345257520676;3877;1484;0.049707;0.006445;0.057297/0.053087/0.063066/0.048803/0.04952/0.055179/0.074563/0.077804/0.067019/0.051518/0.088552/0.074803/0.136727/0.083971/0.09831/0.060543/0.049126/0.05182/0.079528/0.053686/0.073662/0.104357/0.052008/0.049769/0.055292/0.060794/0.059828/0.105342/0.080378/0.058825/0.06107/0.06245/0.06275/0.060489/0.049707/0.133584/0.153175/0.057005/0.051755/0.0732/0.131105/0.058296/0.081623/0.09437/0.098791/0.054528/0.060243/0.090501/0.134462/0.054506/0.055342/0.056518/0.074974/0.081956/0.061979/0.084655/0.079567/0.059445/0.052153/0.134032/0.091298/0.05097/0.051158/0.066018/0.060583/0.082967/0.053388/0.075432/0.084309/0.052768/0.077479/0.051033/0.056304/0.054902/0.050478/0.078437/0.068483/0.060286/0.113741/0.12735/0.058661/0.051716/0.060164/0.050985/0.074307/0.051746/0.076651/0.058613/0.075266/0.146752/0.051352/0.057443/0.057796/0.123068/0.051019/0.056909/0.079034/0.065789/0.099093/0.050579;0.001673/0.165537/0.240717/0.0/0.0/0.036223/0.279245/0.388812/0.383887/0.144088/0.415109/0.325298/0.580559/0.376113/0.652556/0.023409/0.0/0.0/0.341793/0.023476/0.347731/0.431652/0.0/0.0/0.294564/0.044198/0.227244/0.396213/0.390189/0.312924/0.118613/0.328826/0.247851/0.016361/0.006445/0.441052/0.408319/0.011322/0.435754/0.504203/0.418006/0.003232/0.408386/0.42012/0.509912/0.000143/0.342721/0.60153/0.516988/0.583256/9.6e-05/0.005374/0.303591/0.422252/0.294124/0.397648/0.361301/0.011781/0.0/0.398432/0.395668/0.226153/0.212795/0.247057/0.268907/0.506995/0.005766/0.870447/0.403529/1e-05/0.36525/0.036185/0.345551/6.7e-05/0.03868/0.364399/0.280928/0.37312/0.4177/0.709778/0.103246/0.007813/0.0107/0.0/0.355678/0.480296/0.431967/0.389558/0.355104/0.407841/0.036997/0.0048/0.116644/0.575989/0.394243/0.001779/0.323175/0.558212/0.428477/0.000593;0.075432/0.054506/0.051746/0.051019/0.05097/0.050478/0.049707/0.048803;0.870447/0.583256/0.480296/0.394243/0.226153/0.03868/0.006445/0.0;3.962348258312918,0.8339885646398719,-1.007793362480925,-0.2184625022447242,1.5379335089084878,-1.2219682106178884,2.086643429391695,0.3990205524591274,0.7373856257481506,1.0031905822232812,-0.9170014086173379,-0.33301527269660747,-0.06658958552078464,-0.7441993918064447,-1.7580419581499847,-1.0709039252833055,-0.13633235006261368,1.0671874518563818,1.416036010040315,-0.6764373579911961,-0.2528779273230124,1.3864902327515567,0.7124389429934609,-0.9134811966593819,0.3126317086033736,-1.9008880944614903,-2.1061867267013232,1.5131046708525724,-2.3973883765155226,-2.3075623322269703,-1.0309901352510602,-1.3807585547892005,-0.7927658302926817,1.8324112437069218,-2.0212897106163914,0.331815038322927,-0.736575562543405,1.6872952076183398,0.03438295917628417,0.5946222219955912,0.11178981004178723,0.692489770862007,-0.09038918989431771,-0.606886238434369,-0.46209764504059364,-0.42221745297613755,0.5063538220682972,1.5681129390097743,0.013499993124852089,0.34068565460125017,-0.8915367697414908,0.1786107731238437,-1.2846452336563858,0.5293864074800793,-2.5468149827751407,-0.7824093689987637,0.8329464259317579,1.7082185787293795,-2.476167995979677,1.041681924654354,0.08063287253346466,-2.0299094422822788,-0.939714893149719,-0.18914089737186826,0.9099712287743175,2.1049416198062456,0.5903387781059164,0.18602790852412465,0.0854971117344111,0.12282087252184085,1.7418879508129845,3.3859857531984097,1.6983552639033075,-0.10154510393714372,-3.3244806189269824,0.7687531498359867,-1.6848216935513642,1.143928385066737,0.3263817179705776,-0.9152986357626633,0.5772500589811952,2.931823907634211,-1.7857715708612139,-1.1335627355323095,-2.2465359582079905,-1.2191013640188155,1.5003515610029745,2.584722186912842,0.3017153957988893,-0.8587770921200077,-0.7945476213599855,0.39132328602899025,-0.5205334053213101,-2.159059439545565,-2.2765947275779777,1.2067226317256237,-0.5804265724323426,-0.33935830296672576,-1.7946001234243,0.0030900835754571615,-0.026472235899217628,-0.2821399339197717,-0.6410193333275724,1.3417567746953152,-0.9309624072823499,-1.6260781611314261,-0.6820815803750979,-1.7174767748909223,0.06401366616456539,-1.1495324016863508,-0.9163725745183509,0.9392985001092633,-3.9513778266017074,-2.8201124160381625,0.23506350229761397,1.1387226370327865,-3.1016708053935154,3.298505927969922,0.7766160888724718,0.10264872521571566,-0.20715516305068077,-1.273809416597154,-0.6002019478551751,1.4031579019546652,1.9029536816220445,-1.6360852959255465,-0.376977191392729,-0.5109650585774372,0.17302844324286124,-2.2171353285480344,0.7725678136485881,-0.33906538130969455,0.39022272738644076,1.4188424724732354,0.127492568140596,-0.5553945032705838,-1.945879927611846,-0.27144054610888757,0.5726981221854851,-1.30328968050792,-0.23133929678812926,-1.2075304087812415,-0.4070849449662902,0.6211555251563001,0.9006091058868869,0.371954948120803,2.9572989873489886,0.2463547675475711,0.36937298007688835,-1.4189899371993233,-0.007316571290008678,-0.015807857067996922,0.1535014596130742,-0.08618296526915417,-2.404695951179009,-1.9490406263211573,-0.8489746980400449,-1.625848979449617;1.6129200755454733,1.5674311779466024,0.948221167868835,0.5094352505218451,0.3536034562136767,-0.22040874322680698,1.6622741227625366,-1.010559915915565,1.228395484519289,0.8176145142553797,-0.04777226905962112,-0.5863396007861534,-0.7256686418469303,-0.47903029485418247,-1.214985806950809,-0.7625340095445953,-1.7152568232462928,1.1126759667359827,2.27891237234259,0.49723158832273545,-0.9571008690893378,0.554270623583486,0.08406982316076862,-1.151731601633847,-0.5497198599669926,-1.4162323824401815,-0.7281350594014292,0.1372014872954804,-0.7051929602770346,-2.911502519039403,0.12522087195686293,0.7461321322619489,0.39521511796956044,-0.3729516330010463,-1.2371178919547623,0.7350255513174138,-1.4433201067776036,0.5629758407326482,-1.5954156656934182,-0.14027053015679486,0.5461440254052581,0.9765430232358449,0.2044156887013677,-0.6039130299401125,-0.503251765131796,0.18389343624239451,0.3754319824521989,2.155820121441151,-1.3693820804132704,-1.4364479228094256,-0.4936183557781647,0.14092100649578393,0.2722607401303635,-0.8641471700497183,-1.1939203598020356,-2.1000505628679393,2.220928359447662,1.1756994462290231,0.24078348196303273,0.642019974657997,0.9549746591982748,-0.899436550106452,-0.4051571844132069,0.48882859341795704,2.216355200392451,0.9992901741555736,0.9872272209598478,-0.33837770643869114,-0.4060916098800185,-0.37353427137839706,0.41789432278503846,1.5099108877363394,0.2535011025634512,-0.29632505944008036,-1.4068317087231905,-0.5221457363525871,-1.0938943492761837,0.44694052510067345,0.6380298326976793,0.9582558814939317,1.0706780755732412,1.2294774722343094,-1.998728335653956,-0.18371083484871165,-1.9571409672452493,0.22891114633389142,1.0408032429698753,1.1403495505737957,0.4421025057347121,0.718192671254211,-2.419764266509521,-0.9347711423787942,-0.7509568250719526,-0.725333874967602,-1.2269860621078643,0.462357025372487,-0.2378365103968981,-0.7063402122242796,-1.7029918180252124,-0.3652150551856287,-0.4154025538667492,-0.26342744380815014,-0.46808460803390106,0.6680789740606324,-1.7884433474749197,0.5266134345479598,0.3848420256809296,-0.5386122381958538,0.6282769498368024,-1.5036243138409597,-3.096945811775848,-0.1694806367572902,-2.4926461654690613,-0.8499729882562459,0.09297391721560133,-0.29918590487914665,-0.4806920789559077,2.1399002412259085,1.4449870749291878,-0.4054082063168377,-0.15008749933475957,0.85929028285007,0.8800992406195405,0.861956252246838,0.9053520747795788,-1.0014292747184195,0.17472319624395266,-0.08603344177617478,0.6448170624165986,-1.2015361213542133,0.42858946127459446,1.0755439839724947,-0.24882569439475988,0.06047868566281961,0.6488833305606119,0.6911596845216773,0.08966531974217112,0.6060117596145538,0.07179162414675844,-0.8221892642867094,-0.35896737749788904,-1.4438511647039147,0.4856465720995238,-1.6099496392244366,-0.5126150376088392,0.404485455470603,1.1106049555272048,0.01212106924620221,0.5664986650696668,-2.5572818103210135,0.7895422508694574,-0.1821252901743785,-0.41270196184256425,-0.4294107943249559,-0.969084335007399,-0.43679605329005455,-0.9039676486793023,-0.07602277987289023
3;97;51747.79668712616;3877;1484;0.049707;0.006445;0.057297/0.053087/0.063066/0.048803/0.04952/0.055179/0.074563/0.077804/0.067019/0.051518/0.088552/0.074803/0.136727/0.083971/0.09831/0.060543/0.049126/0.05182/0.079528/0.053686/0.073662/0.104357/0.052008/0.049769/0.055292/0.060794/0.059828/0.105342/0.080378/0.058825/0.06107/0.06245/0.06275/0.060489/0.049707/0.133584/0.153175/0.057005/0.051755/0.0732/0.131105/0.058296/0.081623/0.09437/0.098791/0.054528/0.060243/0.090501/0.134462/0.054506/0.055342/0.056518/0.074974/0.081956/0.061979/0.084655/0.079567/0.059445/0.052153/0.134032/0.05097/0.051158/0.066018/0.060583/0.082967/0.053388/0.075432/0.084309/0.052768/0.077479/0.051033/0.056304/0.054902/0.050478/0.078437/0.068483/0.060286/0.113741/0.12735/0.058661/0.051716/0.060164/0.050985/0.074307/0.051746/0.076651/0.058613/0.075266/0.146752/0.051352/0.057443/0.057796/0.123068/0.051019/0.056909/0.079034/0.065789/0.099093/0.050579/0.057047;0.001673/0.165537/0.240717/0.0/0.0/0.036223/0.279245/0.388812/0.383887/0.144088/0.415109/0.325298/0.580559/0.376113/0.652556/0.023409/0.0/0.0/0.341793/0.023476/0.347731/0.431652/0.0/0.0/0.294564/0.044198/0.227244/0.396213/0.390189/0.312924/0.118613/0.328826/0.247851/0.016361/0.006445/0.441052/0.408319/0.011322/0.435754/0.504203/0.418006/0.003232/0.408386/0.42012/0.509912/0.000143/0.342721/0.60153/0.516988/0.583256/9.6e-05/0.005374/0.303591/0.422252/0.294124/0.397648/0.361301/0.011781/0.0/0.398432/0.226153/0.212795/0.247057/0.268907/0.506995/0.005766/0.870447/0.403529/1e-05/0.36525/0.036185/0.345551/6.7e-05/0.03868/0.364399/0.280928/0.37312/0.4177/0.709778/0.103246/0.007813/0.0107/0.0/0.355678/0.480296/0.431967/0.389558/0.355104/0.407841/0.036997/0.0048/0.116644/0.575989/0.394243/0.001779/0.323175/0.558212/0.428477/0.000593/0.003251;0.075432/0.054506/0.051746/0.051019/0.05097/0.050478/0.049707/0.048803;0.870447/0.583256/0.480296/0.394243/0.226153/0.03868/0.006445/0.0;3.962348258312918,0.8339885646398719,-1.007793362480925,-0.2184625022447242,1.5379335089084878,-1.2219682106178884,2.086643429391695,0.3990205524591274,0.7373856257481506,1.0031905822232812,-0.9170014086173379,-0.33301527269660747,-0.06658958552078464,-0.7441993918064447,-1.7580419581499847,-1.0709039252833055,-0.13633235006261368,1.0671874518563818,1.416036010040315,-0.6764373579911961,-0.2528779273230124,1.3864902327515567,0.7124389429934609,-0.9134811966593819,0.3126317086033736,-1.9008880944614903,-2.1061867267013232,1.5131046708525724,-2.3973883765155226,-2.3075623322269703,-1.0309901352510602,-1.3807585547892005,-0.7927658302926817,1.8324112437069218,-2.0212897106163914,0.331815038322927,-0.736575562543405,1.6872952076183398,0.03438295917628417,0.5946222219955912,0.11178981004178723,0.692489770862007,-0.09038918989431771,-0.606886238434369,-0.46209764504059364,-0.42221745297613755,0.5063538220682972,1.5681129390097743,0.013499993124852089,0.34068565460125017,-0.8915367697414908,0.1786107731238437,-1.2846452336563858,0.5293864074800793,-2.5468149827751407,-0.7824093689987637,0.8329464259317579,1.7082185787293795,-2.476167995979677,1.041681924654354,0.08063287253346466,-2.0299094422822788,-0.939714893149719,-0.18914089737186826,0.9099712287743175,2.1049416198062456,0.5903387781059164,0.18602790852412465,0.0854971117344111,0.12282087252184085,1.7418879508129845,3.3859857531984097,1.6983552639033075,-0.10154510393714372,-3.3244806189269824,0.7687531498359867,-1.6848216935513642,1.143928385066737,0.3263817179705776,-0.9152986357626633,0.5772500589811952,2.931823907634211,-1.7857715708612139,-1.1335627355323095,-2.2465359582079905,-1.2191013640188155,1.5003515610029745,2.584722186912842,0.3017153957988893,-0.8587770921200077,-0.7945476213599855,0.39132328602899025,-0.5205334053213101,-2.159059439545565,-2.2765947275779777,1.2067226317256237,-0.5804265724323426,-0.33935830296672576,-1.7946001234243,0.0030900835754571615,-0.026472235899217628,-0.2821399339197717,-0.6410193333275724,1.3417567746953152,-0.9309624072823499,-1.6260781611314261,-0.6820815803750979,-1.7174767748909223,0.06401366616456539,-1.1495324016863508,-0.9163725745183509,0.9392985001092633,-3.9513778266017074,-2.8201124160381625,0.23506350229761397,1.1387226370327865,-3.1016708053935154,3.298505927969922,0.7766160888724718,0.10264872521571566,-0.20715516305068077,-1.273809416597154,-0.6002019478551751,1.4031579019546652,1.9029536816220445,-1.6360852959255465,-0.376977191392729,-0.5109650585774372,0.17302844324286124,-2.2171353285480344,0.7725678136485881,-0.33906538130969455,0.39022272738644076,1.4188424724732354,0.127492568140596,-0.5553945032705838,-1.945879927611846,-0.27144054610888757,0.5726981221854851,-1.30328968050792,-0.23133929678812926,-1.2075304087812415,-0.4070849449662902,0.6211555251563001,0.9006091058868869,0.371954948120803,2.9572989873489886,0.2463547675475711,0.36937298007688835,-1.4189899371993233,-0.007316571290008678,-0.015807857067996922,0.1535014596130742,-0.08618296526915417,-2.404695951179009,-1.9490406263211573,-0.8489746980400449,-1.625848979449617;1.6129200755454733,1.5674311779466024,0.948221167868835,0.5094352505218451,0.3536034562136767,-0.22040874322680698,1.6622741227625366,-1.010559915915565,1.228395484519289,0.8176145142553797,-0.04777226905962112,-0.5863396007861534,-0.7256686418469303,-0.47903029485418247,-1.214985806950809,-0.7625340095445953,-1.7152568232462928,1.1126759667359827,2.27891237234259,0.49723158832273545,-0.9571008690893378,0.554270623583486,0.08406982316076862,-1.151731601633847,-0.5497198599669926,-1.4162323824401815,-0.7281350594014292,0.1372014872954804,-0.7051929602770346,-2.911502519039403,0.12522087195686293,0.7461321322619489,0.39521511796956044,-0.3729516330010463,-1.2371178919547623,0.7350255513174138,-1.4433201067776036,0.5629758407326482,-1.5954156656934182,-0.14027053015679486,0.5461440254052581,0.9765430232358449,0.2044156887013677,-0.6039130299401125,-0.503251765131796,0.18389343624239451,0.3754319824521989,2.155820121441151,-1.3693820804132704,-1.4364479228094256,-0.4936183557781647,0.14092100649578393,0.2722607401303635,-0.8641471700497183,-1.1939203598020356,-2.1000505628679393,2.220928359447662,1.1756994462290231,0.24078348196303273,0.642019974657997,0.9549746591982748,-0.899436550106452,-0.4051571844132069,0.48882859341795704,2.216355200392451,0.9992901741555736,0.9872272209598478,-0.33837770643869114,-0.4060916098800185,-0.37353427137839706,0.41789432278503846,1.5099108877363394,0.2535011025634512,-0.29632505944008036,-1.4068317087231905,-0.5221457363525871,-1.0938943492761837,0.44694052510067345,0.6380298326976793,0.9582558814939317,1.0706780755732412,1.2294774722343094,-1.998728335653956,-0.18371083484871165,-1.9571409672452493,0.22891114633389142,1.0408032429698753,1.1403495505737957,0.4421025057347121,0.718192671254211,-2.419764266509521,-0.9347711423787942,-0.7509568250719526,-0.725333874967602,-1.2269860621078643,0.462357025372487,-0.2378365103968981,-0.7063402122242796,-1.7029918180252124,-0.3652150551856287,-0.4154025538667492,-0.26342744380815014,-0.46808460803390106,0.6680789740606324,-1.7884433474749197,0.5266134345479598,0.3848420256809296,-0.5386122381958538,0.6282769498368024,-1.5036243138409597,-3.096945811775848,-0.1694806367572902,-2.4926461654690613,-0.8499729882562459,0.09297391721560133,-0.29918590487914665,-0.4806920789559077,2.1399002412259085,1.4449870749291878,-0.4054082063168377,-0.15008749933475957,0.85929028285007,0.8800992406195405,0.861956252246838,0.9053520747795788,-1.0014292747184195,0.17472319624395266,-0.08603344177617478,0.6448170624165986,-1.2015361213542133,0.42858946127459446,1.0755439839724947,-0.24882569439475988,0.06047868566281961,0.6488833305606119,0.6911596845216773,0.08966531974217112,0.6060117596145538,0.07179162414675844,-0.8221892642867094,-0.35896737749788904,-1.4438511647039147,0.4856465720995238,-1.6099496392244366,-0.5126150376088392,0.404485455470603,1.1106049555272048,0.01212106924620221,0.5664986650696668,-2.5572818103210135,0.7895422508694574,-0.1821252901743785,-0.41270196184256425,-0.4294107943249559,-0.969084335007399,-0.43679605329005455,-0.9039676486793023,-0.07602277987289023
3;98;52292.945101976395;3877;1484;0.049707;0.006445;0.057297/0.053087/0.048803/0.04952/0.055179/0.074563/0.077804/0.067019/0.051518/0.088552/0.074803/0.136727/0.083971/0.09831/0.060543/0.049126/0.05182/0.079528/0.053686/0.073662/0.104357/0.052008/0.049769/0.055292/0.060794/0.059828/0.080378/0.058825/0.06107/0.06245/0.06275/0.060489/0.049707/0.133584/0.153175/0.057005/0.051755/0.0732/0.131105/0.081623/0.09437/0.098791/0.054528/0.060243/0.090501/0.134462/0.054506/0.055342/0.056518/0.074974/0.081956/0.061979/0.084655/0.079567/0.059445/0.052153/0.134032/0.05097/0.051158/0.066018/0.060583/0.082967/0.053388/0.075432/0.084309/0.052768/0.077479/0.051033/0.056304/0.054902/0.050478/0.078437/0.068483/0.060286/0.113741/0.12735/0.058661/0.051716/0.060164/0.050985/0.074307/0.051746/0.076651/0.058613/0.075266/0.146752/0.051352/0.057443/0.057796/0.123068/0.051019/0.056909/0.065789/0.099093/0.050579/0.057047/0.059733/0.144366/0.061308/0.04891;0.001673/0.165537/0.0/0.0/0.036223/0.279245/0.388812/0.383887/0.144088/0.415109/0.325298/0.580559/0.376113/0.652556/0.023409/0.0/0.0/0.341793/0.023476/0.347731/0.431652/0.0/0.0/0.294564/0.044198/0.227244/0.390189/0.312924/0.118613/0.328826/0.247851/0.016361/0.006445/0.441052/0.408319/0.011322/0.435754/0.504203/0.418006/0.408386/0.42012/0.509912/0.000143/0.342721/0.60153/0.516988/0.583256/9.6e-05/0.005374/0.303591/0.422252/0.294124/0.397648/0.361301/0.011781/0.0/0.398432/0.226153/0.212795/0.247057/0.268907/0.506995/0.005766/0.870447/0.403529/1e-05/0.36525/0.036185/0.345551/6.7e-05/0.03868/0.364399/0.280928/0.37312/0.4177/0.709778/0.103246/0.007813/0.0107/0.0/0.355678/0.480296/0.431967/0.389558/0.355104/0.407841/0.036997/0.0048/0.116644/0.575989/0.394243/0.001779/0.558212/0.428477/0.000593/0.003251/0.109414/0.423246/0.337758/4.8e-05;0.075432/0.054506/0.051746/0.051019/0.05097/0.050478/0.049707/0.04891/0.048803;0.870447/0.583256/0.480296/0.394243/0.226153/0.03868/0.006445/4.8e-05/0.0;3.962348258312918,0.8339885646398719,-1.007793362480925,-0.2184625022447242,1.5379335089084878,-1.2219682106178884,2.086643429391695,0.3990205524591274,0.7373856257481506,1.0031905822232812,-0.9170014086173379,-0.33301527269660747,-0.06658958552078464,-0.7441993918064447,-1.7580419581499847,-1.0709039252833055,-0.13633235006261368,1.0671874518563818,1.416036010040315,-0.6764373579911961,-0.2528779273230124,1.3864902327515567,0.7124389429934609,-0.9134811966593819,0.3126317086033736,-1.9008880944614903,-2.1061867267013232,1.5131046708525724,-2.3973883765155226,-2.3075623322269703,-1.0309901352510602,-1.3807585547892005,-0.7927658302926817,1.8324112437069218,-2.0212897106163914,0.331815038322927,-0.736575562543405,1.6872952076183398,0.03438295917628417,0.5946222219955912,0.11178981004178723,0.692489770862007,-0.09038918989431771,-0.606886238434369,-0.46209764504059364,-0.42221745297613755,0.5063538220682972,1.5681129390097743,0.013499993124852089,0.34068565460125017,-0.8915367697414908,0.1786107731238437,-1.2846452336563858,0.5293864074800793,-2.5468149827751407,-0.7824093689987637,0.8329464259317579,1.7082185787293795,-2.476167995979677,1.041681924654354,0.08063287253346466,-2.0299094422822788,-0.939714893149719,-0.18914089737186826,0.9099712287743175,2.1049416198062456,0.5903387781059164,0.18602790852412465,0.0854971117344111,0.12282087252184085,1.7418879508129845,3.3859857531984097,1.6983552639033075,-0.10154510393714372,-3.3244806189269824,0.7687531498359867,-1.6848216935513642,1.143928385066737,0.3263817179705776,-0.9152986357626633,0.5772500589811952,2.931823907634211,-1.7857715708612139,-1.1335627355323095,-2.2465359582079905,-1.2191013640188155,1.5003515610029745,2.584722186912842,0.3017153957988893,-0.8587770921200077,-0.7945476213599855,0.39132328602899025,-0.5205334053213101,-2.159059439545565,-2.2765947275779777,1.2067226317256237,-0.5804265724323426,-0.33935830296672576,-1.7946001234243,0.0030900835754571615,-0.026472235899217628,-0.2821399339197717,-0.6410193333275724,1.3417567746953152,-0.9309624072823499,-1.6260781611314261,-0.6820815803750979,-1.7174767748909223,0.06401366616456539,-1.1495324016863508,-0.9163725745183509,0.9392985001092633,-3.9513778266017074,-2.8201124160381625,0.23506350229761397,1.1387226370327865,-3.1016708053935154,3.298505927969922,0.7766160888724718,0.10264872521571566,-0.20715516305068077,-1.273809416597154,-0.6002019478551751,1.4031579019546652,1.9029536816220445,-1.6360852959255465,-0.376977191392729,-0.5109650585774372,0.17302844324286124,-2.2171353285480344,0.7725678136485881,-0.33906538130969455,0.39022272738644076,1.4188424724732354,0.127492568140596,-0.5553945032705838,-1.945879927611846,-0.27144054610888757,0.5726981221854851,-1.30328968050792,-0.23133929678812926,-1.2075304087812415,-0.4070849449662902,0.6211555251563001,0.9006091058868869,0.371954948120803,2.9572989873489886,0.2463547675475711,0.36937298007688835,-1.4189899371993233,-0.007316571290008678,-0.015807857067996922,0.1535014596130742,-0.08618296526915417,-2.404695951179009,-1.9490406263211573,-0.8489746980400449,-1.625848979449617;1.6129200755454733,1.5674311779466024,0.948221167868835,0.5094352505218451,0.3536034562136767,-0.22040874322680698,1.6622741227625366,-1.010559915915565,1.228395484519289,0.8176145142553797,-0.04777226905962112,-0.5863396007861534,-0.7256686418469303,-0.47903029485418247,-1.214985806950809,-0.7625340095445953,-1.7152568232462928,1.1126759667359827,2.27891237234259,0.49723158832273545,-0.9571008690893378,0.554270623583486,0.08406982316076862,-1.151731601633847,-0.5497198599669926,-1.4162323824401815,-0.7281350594014292,0.1372014872954804,-0.7051929602770346,-2.911502519039403,0.12522087195686293,0.7461321322619489,0.39521511796956044,-0.3729516330010463,-1.2371178919547623,0.7350255513174138,-1.4433201067776036,0.5629758407326482,-1.5954156656934182,-0.14027053015679486,0.5461440254052581,0.9765430232358449,0.2044156887013677,-0.6039130299401125,-0.503251765131796,0.18389343624239451,0.3754319824521989,2.155820121441151,-1.3693820804132704,-1.4364479228094256,-0.4936183557781647,0.14092100649578393,0.2722607401303635,-0.8641471700497183,-1.1939203598020356,-2.1000505628679393,2.220928359447662,1.1756994462290231,0.24078348196303273,0.642019974657997,0.9549746591982748,-0.899436550106452,-0.4051571844132069,0.48882859341795704,2.216355200392451,0.9992901741555736,0.9872272209598478,-0.33837770643869114,-0.4060916098800185,-0.37353427137839706,0.41789432278503846,1.5099108877363394,0.2535011025634512,-0.29632505944008036,-1.4068317087231905,-0.5221457363525871,-1.0938943492761837,0.44694052510067345,0.6380298326976793,0.9582558814939317,1.0706780755732412,1.2294774722343094,-1.998728335653956,-0.18371083484871165,-1.9571409672452493,0.22891114633389142,1.0408032429698753,1.1403495505737957,0.4421025057347121,0.718192671254211,-2.419764266509521,-0.9347711423787942,-0.7509568250719526,-0.725333874967602,-1.2269860621078643,0.462357025372487,-0.2378365103968981,-0.7063402122242796,-1.7029918180252124,-0.3652150551856287,-0.4154025538667492,-0.26342744380815014,-0.46808460803390106,0.6680789740606324,-1.7884433474749197,0.5266134345479598,0.3848420256809296,-0.5386122381958538,0.6282769498368024,-1.5036243138409597,-3.096945811775848,-0.1694806367572902,-2.4926461654690613,-0.8499729882562459,0.09297391721560133,-0.29918590487914665,-0.4806920789559077,2.1399002412259085,1.4449870749291878,-0.4054082063168377,-0.15008749933475957,0.85929028285007,0.8800992406195405,0.861956252246838,0.9053520747795788,-1.0014292747184195,0.17472319624395266,-0.08603344177617478,0.6448170624165986,-1.2015361213542133,0.42858946127459446,1.0755439839724947,-0.24882569439475988,0.06047868566281961,0.6488833305606119,0.6911596845216773,0.08966531974217112,0.6060117596145538,0.07179162414675844,-0.8221892642867094,-0.35896737749788904,-1.4438511647039147,0.4856465720995238,-1.6099496392244366,-0.5126150376088392,0.404485455470603,1.1106049555272048,0.01212106924620221,0.5664986650696668,-2.5572818103210135,0.7895422508694574,-0.1821252901743785,-0.41270196184256425,-0.4294107943249559,-0.969084335007399,-0.43679605329005455,-0.9039676486793023,-0.07602277987289023
3;99;52853.495878219604;3877;1484;0.049707;0.006445;0.053087/0.048803/0.04952/0.055179/0.074563/0.077804/0.067019/0.051518/0.088552/0.074803/0.136727/0.083971/0.09831/0.060543/0.049126/0.05182/0.079528/0.053686/0.073662/0.104357/0.052008/0.049769/0.055292/0.060794/0.059828/0.080378/0.058825/0.06107/0.06245/0.06275/0.060489/0.049707/0.133584/0.153175/0.057005/0.051755/0.0732/0.131105/0.081623/0.09437/0.098791/0.054528/0.060243/0.090501/0.134462/0.054506/0.055342/0.056518/0.081956/0.061979/0.084655/0.079567/0.059445/0.052153/0.134032/0.05097/0.051158/0.060583/0.082967/0.053388/0.075432/0.084309/0.052768/0.077479/0.051033/0.056304/0.054902/0.050478/0.078437/0.068483/0.060286/0.113741/0.12735/0.058661/0.051716/0.060164/0.050985/0.074307/0.051746/0.076651/0.058613/0.075266/0.146752/0.051352/0.057443/0.057796/0.123068/0.051019/0.056909/0.065789/0.099093/0.050579/0.057047/0.059733/0.144366/0.061308/0.04891/0.087347/0.055402/0.085497;0.165537/0.0/0.0/0.036223/0.279245/0.388812/0.383887/0.144088/0.415109/0.325298/0.580559/0.376113/0.652556/0.023409/0.0/0.0/0.341793/0.023476/0.347731/0.431652/0.0/0.0/0.294564/0.044198/0.227244/0.390189/0.312924/0.118613/0.328826/0.247851/0.016361/0.006445/0.441052/0.408319/0.011322/0.435754/0.504203/0.418006/0.408386/0.42012/0.509912/0.000143/0.342721/0.60153/0.516988/0.583256/9.6e-05/0.005374/0.422252/0.294124/0.397648/0.361301/0.011781/0.0/0.398432/0.226153/0.212795/0.268907/0.506995/0.005766/0.870447/0.403529/1e-05/0.36525/0.036185/0.345551/6.7e-05/0.03868/0.364399/0.280928/0.37312/0.4177/0.709778/0.103246/0.007813/0.0107/0.0/0.355678/0.480296/0.431967/0.389558/0.355104/0.407841/0.036997/0.0048/0.116644/0.575989/0.394243/0.001779/0.558212/0.428477/0.000593/0.003251/0.109414/0.423246/0.337758/4.8e-05/0.390045/4.8e-05/0.41552;0.075432/0.054506/0.051746/0.051019/0.05097/0.050478/0.049707/0.04891/0.048803;0.870447/0.583256/0.480296/0.394243/0.226153/0.03868/0.006445/4.8e-05/0.0;3.962348258312918,0.8339885646398719,-1.007793362480925,-0.2184625022447242,1.5379335089084878,-1.2219682106178884,2.086643429391695,0.3990205524591274,0.7373856257481506,1.0031905822232812,-0.9170014086173379,-0.33301527269660747,-0.06658958552078464,-0.7441993918064447,-1.7580419581499847,-1.0709039252833055,-0.13633235006261368,1.0671874518563818,1.416036010040315,-0.6764373579911961,-0.2528779273230124,1.3864902327515567,0.7124389429934609,-0.9134811966593819,0.3126317086033736,-1.9008880944614903,-2.1061867267013232,1.5131046708525724,-2.3973883765155226,-2.3075623322269703,-1.0309901352510602,-1.3807585547892005,-0.7927658302926817,1.8324112437069218,-2.0212897106163914,0.331815038322927,-0.736575562543405,1.6872952076183398,0.03438295917628417,0.5946222219955912,0.11178981004178723,0.692489770862007,-0.09038918989431771,-0.606886238434369,-0.46209764504059364,-0.42221745297613755,0.5063538220682972,1.5681129390097743,0.013499993124852089,0.34068565460125017,-0.8915367697414908,0.1786107731238437,-1.2846452336563858,0.5293864074800793,-2.5468149827751407,-0.7824093689987637,0.8329464259317579,1.7082185787293795,-2.476167995979677,1.041681924654354,0.08063287253346466,-2.0299094422822788,-0.939714893149719,-0.18914089737186826,0.9099712287743175,2.1049416198062456,0.5903387781059164,0.18602790852412465,0.0854971117344111,0.12282087252184085,1.7418879508129845,3.3859857531984097,1.6983552639033075,-0.10154510393714372,-3.3244806189269824,0.7687531498359867,-1.6848216935513642,1.143928385066737,0.3263817179705776,-0.9152986357626633,0.5772500589811952,2.931823907634211,-1.7857715708612139,-1.1335627355323095,-2.2465359582079905,-1.2191013640188155,1.5003515610029745,2.584722186912842,0.3017153957988893,-0.8587770921200077,-0.7945476213599855,0.39132328602899025,-0.5205334053213101,-2.159059439545565,-2.2765947275779777,1.2067226317256237,-0.5804265724323426,-0.33935830296672576,-1.7946001234243,0.0030900835754571615,-0.026472235899217628,-0.2821399339197717,-0.6410193333275724,1.3417567746953152,-0.9309624072823499,-1.6260781611314261,-0.6820815803750979,-1.7174767748909223,0.06401366616456539,-1.1495324016863508,-0.9163725745183509,0.9392985001092633,-3.9513778266017074,-2.8201124160381625,0.23506350229761397,1.1387226370327865,-3.1016708053935154,3.298505927969922,0.7766160888724718,0.10264872521571566,-0.20715516305068077,-1.273809416597154,-0.6002019478551751,1.4031579019546652,1.9029536816220445,-1.6360852959255465,-0.376977191392729,-0.5109650585774372,0.17302844324286124,-2.2171353285480344,0.7725678136485881,-0.33906538130969455,0.39022272738644076,1.4188424724732354,0.127492568140596,-0.5553945032705838,-1.945879927611846,-0.27144054610888757,0.5726981221854851,-1.30328968050792,-0.23133929678812926,-1.2075304087812415,-0.4070849449662902,0.6211555251563001,0.9006091058868869,0.371954948120803,2.9572989873489886,0.2463547675475711,0.36937298007688835,-1.4189899371993233,-0.007316571290008678,-0.015807857067996922,0.1535014596130742,-0.08618296526915417,-2.404695951179009,-1.9490406263211573,-0.8489746980400449,-1.625848979449617;1.6129200755454733,1.5674311779466024,0.948221167868835,0.5094352505218451,0.3536034562136767,-0.22040874322680698,1.6622741227625366,-1.010559915915565,1.228395484519289,0.8176145142553797,-0.04777226905962112,-0.5863396007861534,-0.7256686418469303,-0.47903029485418247,-1.214985806950809,-0.7625340095445953,-1.7152568232462928,1.1126759667359827,2.27891237234259,0.49723158832273545,-0.9571008690893378,0.554270623583486,0.08406982316076862,-1.151731601633847,-0.5497198599669926,-1.4162323824401815,-0.7281350594014292,0.1372014872954804,-0.7051929602770346,-2.911502519039403,0.12522087195686293,0.7461321322619489,0.39521511796956044,-0.3729516330010463,-1.2371178919547623,0.7350255513174138,-1.4433201067776036,0.5629758407326482,-1.5954156656934182,-0.14027053015679486,0.5461440254052581,0.9765430232358449,0.2044156887013677,-0.6039130299401125,-0.503251765131796,0.18389343624239451,0.3754319824521989,2.155820121441151,-1.3693820804132704,-1.4364479228094256,-0.4936183557781647,0.14092100649578393,0.2722607401303635,-0.8641471700497183,-1.1939203598020356,-2.1000505628679393,2.220928359447662,1.1756994462290231,0.24078348196303273,0.642019974657997,0.9549746591982748,-0.899436550106452,-0.4051571844132069,0.48882859341795704,2.216355200392451,0.9992901741555736,0.9872272209598478,-0.33837770643869114,-0.4060916098800185,-0.37353427137839706,0.41789432278503846,1.5099108877363394,0.2535011025634512,-0.29632505944008036,-1.4068317087231905,-0.5221457363525871,-1.0938943492761837,0.44694052510067345,0.6380298326976793,0.9582558814939317,1.0706780755732412,1.2294774722343094,-1.998728335653956,-0.18371083484871165,-1.9571409672452493,0.22891114633389142,1.0408032429698753,1.1403495505737957,0.4421025057347121,0.718192671254211,-2.419764266509521,-0.9347711423787942,-0.7509568250719526,-0.725333874967602,-1.2269860621078643,0.462357025372487,-0.2378365103968981,-0.7063402122242796,-1.7029918180252124,-0.3652150551856287,-0.4154025538667492,-0.26342744380815014,-0.46808460803390106,0.6680789740606324,-1.7884433474749197,0.5266134345479598,0.3848420256809296,-0.5386122381958538,0.6282769498368024,-1.5036243138409597,-3.096945811775848,-0.1694806367572902,-2.4926461654690613,-0.8499729882562459,0.09297391721560133,-0.29918590487914665,-0.4806920789559077,2.1399002412259085,1.4449870749291878,-0.4054082063168377,-0.15008749933475957,0.85929028285007,0.8800992406195405,0.861956252246838,0.9053520747795788,-1.0014292747184195,0.17472319624395266,-0.08603344177617478,0.6448170624165986,-1.2015361213542133,0.42858946127459446,1.0755439839724947,-0.24882569439475988,0.06047868566281961,0.6488833305606119,0.6911596845216773,0.08966531974217112,0.6060117596145538,0.07179162414675844,-0.8221892642867094,-0.35896737749788904,-1.4438511647039147,0.4856465720995238,-1.6099496392244366,-0.5126150376088392,0.404485455470603,1.1106049555272048,0.01212106924620221,0.5664986650696668,-2.5572818103210135,0.7895422508694574,-0.1821252901743785,-0.41270196184256425,-0.4294107943249559,-0.969084335007399,-0.43679605329005455,-0.9039676486793023,-0.07602277987289023
3;100;53395.776789188385;3877;1484;0.049707;0.006445;0.053087/0.048803/0.04952/0.055179/0.074563/0.077804/0.067019/0.051518/0.088552/0.074803/0.136727/0.083971/0.09831/0.060543/0.049126/0.05182/0.079528/0.053686/0.073662/0.104357/0.052008/0.049769/0.055292/0.060794/0.059828/0.080378/0.058825/0.06107/0.06245/0.06275/0.060489/0.049707/0.133584/0.153175/0.057005/0.051755/0.0732/0.131105/0.081623/0.09437/0.098791/0.054528/0.060243/0.090501/0.134462/0.054506/0.055342/0.056518/0.081956/0.061979/0.084655/0.079567/0.059445/0.052153/0.134032/0.05097/0.051158/0.060583/0.082967/0.053388/0.075432/0.084309/0.052768/0.077479/0.051033/0.056304/0.054902/0.050478/0.078437/0.068483/0.060286/0.113741/0.12735/0.058661/0.051716/0.060164/0.050985/0.074307/0.051746/0.076651/0.058613/0.075266/0.146752/0.051352/0.057443/0.057796/0.123068/0.051019/0.056909/0.065789/0.099093/0.050579/0.057047/0.059733/0.144366/0.061308/0.04891/0.087347/0.055402/0.085497;0.165537/0.0/0.0/0.036223/0.279245/0.388812/0.383887/0.144088/0.415109/0.325298/0.580559/0.376113/0.652556/0.023409/0.0/0.0/0.341793/0.023476/0.347731/0.431652/0.0/0.0/0.294564/0.044198/0.227244/0.390189/0.312924/0.118613/0.328826/0.247851/0.016361/0.006445/0.441052/0.408319/0.011322/0.435754/0.504203/0.418006/0.408386/0.42012/0.509912/0.000143/0.342721/0.60153/0.516988/0.583256/9.6e-05/0.005374/0.422252/0.294124/0.397648/0.361301/0.011781/0.0/0.398432/0.226153/0.212795/0.268907/0.506995/0.005766/0.870447/0.403529/1e-05/0.36525/0.036185/0.345551/6.7e-05/0.03868/0.364399/0.280928/0.37312/0.4177/0.709778/0.103246/0.007813/0.0107/0.0/0.355678/0.480296/0.431967/0.389558/0.355104/0.407841/0.036997/0.0048/0.116644/0.575989/0.394243/0.001779/0.558212/0.428477/0.000593/0.003251/0.109414/0.423246/0.337758/4.8e-05/0.390045/4.8e-05/0.41552;0.075432/0.054506/0.051746/0.051019/0.05097/0.050478/0.049707/0.04891/0.048803;0.870447/0.583256/0.480296/0.394243/0.226153/0.03868/0.006445/4.8e-05/0.0;3.962348258312918,0.8339885646398719,-1.007793362480925,-0.2184625022447242,1.5379335089084878,-1.2219682106178884,2.086643429391695,0.3990205524591274,0.7373856257481506,1.0031905822232812,-0.9170014086173379,-0.33301527269660747,-0.06658958552078464,-0.7441993918064447,-1.7580419581499847,-1.0709039252833055,-0.13633235006261368,1.0671874518563818,1.416036010040315,-0.6764373579911961,-0.2528779273230124,1.3864902327515567,0.7124389429934609,-0.9134811966593819,0.3126317086033736,-1.9008880944614903,-2.1061867267013232,1.5131046708525724,-2.3973883765155226,-2.3075623322269703,-1.0309901352510602,-1.3807585547892005,-0.7927658302926817,1.8324112437069218,-2.0212897106163914,0.331815038322927,-0.736575562543405,1.6872952076183398,0.03438295917628417,0.5946222219955912,0.11178981004178723,0.692489770862007,-0.09038918989431771,-0.606886238434369,-0.46209764504059364,-0.42221745297613755,0.5063538220682972,1.5681129390097743,0.013499993124852089,0.34068565460125017,-0.8915367697414908,0.1786107731238437,-1.2846452336563858,0.5293864074800793,-2.5468149827751407,-0.7824093689987637,0.8329464259317579,1.7082185787293795,-2.476167995979677,1.041681924654354,0.08063287253346466,-2.0299094422822788,-0.939714893149719,-0.18914089737186826,0.9099712287743175,2.1049416198062456,0.5903387781059164,0.18602790852412465,0.0854971117344111,0.12282087252184085,1.7418879508129845,3.3859857531984097,1.6983552639033075,-0.10154510393714372,-3.3244806189269824,0.7687531498359867,-1.6848216935513642,1.143928385066737,0.3263817179705776,-0.9152986357626633,0.5772500589811952,2.931823907634211,-1.7857715708612139,-1.1335627355323095,-2.2465359582079905,-1.2191013640188155,1.5003515610029745,2.584722186912842,0.3017153957988893,-0.8587770921200077,-0.7945476213599855,0.39132328602899025,-0.5205334053213101,-2.159059439545565,-2.2765947275779777,1.2067226317256237,-0.5804265724323426,-0.33935830296672576,-1.7946001234243,0.0030900835754571615,-0.026472235899217628,-0.2821399339197717,-0.6410193333275724,1.3417567746953152,-0.9309624072823499,-1.6260781611314261,-0.6820815803750979,-1.7174767748909223,0.06401366616456539,-1.1495324016863508,-0.9163725745183509,0.9392985001092633,-3.9513778266017074,-2.8201124160381625,0.23506350229761397,1.1387226370327865,-3.1016708053935154,3.298505927969922,0.7766160888724718,0.10264872521571566,-0.20715516305068077,-1.273809416597154,-0.6002019478551751,1.4031579019546652,1.9029536816220445,-1.6360852959255465,-0.376977191392729,-0.5109650585774372,0.17302844324286124,-2.2171353285480344,0.7725678136485881,-0.33906538130969455,0.39022272738644076,1.4188424724732354,0.127492568140596,-0.5553945032705838,-1.945879927611846,-0.27144054610888757,0.5726981221854851,-1.30328968050792,-0.23133929678812926,-1.2075304087812415,-0.4070849449662902,0.6211555251563001,0.9006091058868869,0.371954948120803,2.9572989873489886,0.2463547675475711,0.36937298007688835,-1.4189899371993233,-0.007316571290008678,-0.015807857067996922,0.1535014596130742,-0.08618296526915417,-2.404695951179009,-1.9490406263211573,-0.8489746980400449,-1.625848979449617;1.6129200755454733,1.5674311779466024,0.948221167868835,0.5094352505218451,0.3536034562136767,-0.22040874322680698,1.6622741227625366,-1.010559915915565,1.228395484519289,0.8176145142553797,-0.04777226905962112,-0.5863396007861534,-0.7256686418469303,-0.47903029485418247,-1.214985806950809,-0.7625340095445953,-1.7152568232462928,1.1126759667359827,2.27891237234259,0.49723158832273545,-0.9571008690893378,0.554270623583486,0.08406982316076862,-1.151731601633847,-0.5497198599669926,-1.4162323824401815,-0.7281350594014292,0.1372014872954804,-0.7051929602770346,-2.911502519039403,0.12522087195686293,0.7461321322619489,0.39521511796956044,-0.3729516330010463,-1.2371178919547623,0.7350255513174138,-1.4433201067776036,0.5629758407326482,-1.5954156656934182,-0.14027053015679486,0.5461440254052581,0.9765430232358449,0.2044156887013677,-0.6039130299401125,-0.503251765131796,0.18389343624239451,0.3754319824521989,2.155820121441151,-1.3693820804132704,-1.4364479228094256,-0.4936183557781647,0.14092100649578393,0.2722607401303635,-0.8641471700497183,-1.1939203598020356,-2.1000505628679393,2.220928359447662,1.1756994462290231,0.24078348196303273,0.642019974657997,0.9549746591982748,-0.899436550106452,-0.4051571844132069,0.48882859341795704,2.216355200392451,0.9992901741555736,0.9872272209598478,-0.33837770643869114,-0.4060916098800185,-0.37353427137839706,0.41789432278503846,1.5099108877363394,0.2535011025634512,-0.29632505944008036,-1.4068317087231905,-0.5221457363525871,-1.0938943492761837,0.44694052510067345,0.6380298326976793,0.9582558814939317,1.0706780755732412,1.2294774722343094,-1.998728335653956,-0.18371083484871165,-1.9571409672452493,0.22891114633389142,1.0408032429698753,1.1403495505737957,0.4421025057347121,0.718192671254211,-2.419764266509521,-0.9347711423787942,-0.7509568250719526,-0.725333874967602,-1.2269860621078643,0.462357025372487,-0.2378365103968981,-0.7063402122242796,-1.7029918180252124,-0.3652150551856287,-0.4154025538667492,-0.26342744380815014,-0.46808460803390106,0.6680789740606324,-1.7884433474749197,0.5266134345479598,0.3848420256809296,-0.5386122381958538,0.6282769498368024,-1.5036243138409597,-3.096945811775848,-0.1694806367572902,-2.4926461654690613,-0.8499729882562459,0.09297391721560133,-0.29918590487914665,-0.4806920789559077,2.1399002412259085,1.4449870749291878,-0.4054082063168377,-0.15008749933475957,0.85929028285007,0.8800992406195405,0.861956252246838,0.9053520747795788,-1.0014292747184195,0.17472319624395266,-0.08603344177617478,0.6448170624165986,-1.2015361213542133,0.42858946127459446,1.0755439839724947,-0.24882569439475988,0.06047868566281961,0.6488833305606119,0.6911596845216773,0.08966531974217112,0.6060117596145538,0.07179162414675844,-0.8221892642867094,-0.35896737749788904,-1.4438511647039147,0.4856465720995238,-1.6099496392244366,-0.5126150376088392,0.404485455470603,1.1106049555272048,0.01212106924620221,0.5664986650696668,-2.5572818103210135,0.7895422508694574,-0.1821252901743785,-0.41270196184256425,-0.4294107943249559,-0.969084335007399,-0.43679605329005455,-0.9039676486793023,-0.07602277987289023
3;101;53937.09135270119;3877;1484;0.049707;0.006445;0.053087/0.048803/0.04952/0.055179/0.077804/0.067019/0.051518/0.088552/0.074803/0.136727/0.083971/0.09831/0.060543/0.049126/0.05182/0.079528/0.053686/0.073662/0.104357/0.052008/0.049769/0.055292/0.060794/0.059828/0.080378/0.058825/0.06107/0.06245/0.06275/0.060489/0.049707/0.133584/0.153175/0.057005/0.051755/0.0732/0.131105/0.081623/0.09437/0.098791/0.054528/0.060243/0.090501/0.134462/0.054506/0.055342/0.056518/0.081956/0.061979/0.084655/0.079567/0.059445/0.052153/0.134032/0.05097/0.051158/0.060583/0.082967/0.053388/0.075432/0.084309/0.052768/0.077479/0.051033/0.056304/0.054902/0.050478/0.078437/0.068483/0.060286/0.113741/0.12735/0.058661/0.051716/0.060164/0.050985/0.074307/0.051746/0.076651/0.058613/0.075266/0.146752/0.051352/0.057443/0.057796/0.123068/0.051019/0.056909/0.065789/0.099093/0.050579/0.057047/0.059733/0.144366/0.061308/0.04891/0.087347/0.085497/0.133309/0.062735;0.165537/0.0/0.0/0.036223/0.388812/0.383887/0.144088/0.415109/0.325298/0.580559/0.376113/0.652556/0.023409/0.0/0.0/0.341793/0.023476/0.347731/0.431652/0.0/0.0/0.294564/0.044198/0.227244/0.390189/0.312924/0.118613/0.328826/0.247851/0.016361/0.006445/0.441052/0.408319/0.011322/0.435754/0.504203/0.418006/0.408386/0.42012/0.509912/0.000143/0.342721/0.60153/0.516988/0.583256/9.6e-05/0.005374/0.422252/0.294124/0.397648/0.361301/0.011781/0.0/0.398432/0.226153/0.212795/0.268907/0.506995/0.005766/0.870447/0.403529/1e-05/0.36525/0.036185/0.345551/6.7e-05/0.03868/0.364399/0.280928/0.37312/0.4177/0.709778/0.103246/0.007813/0.0107/0.0/0.355678/0.480296/0.431967/0.389558/0.355104/0.407841/0.036997/0.0048/0.116644/0.575989/0.394243/0.001779/0.558212/0.428477/0.000593/0.003251/0.109414/0.423246/0.337758/4.8e-05/0.390045/0.41552/0.397705/0.031614;0.075432/0.054506/0.051746/0.051019/0.05097/0.050478/0.049707/0.04891/0.048803;0.870447/0.583256/0.480296/0.394243/0.226153/0.03868/0.006445/4.8e-05/0.0;3.962348258312918,0.8339885646398719,-1.007793362480925,-0.2184625022447242,1.5379335089084878,-1.2219682106178884,2.086643429391695,0.3990205524591274,0.7373856257481506,1.0031905822232812,-0.9170014086173379,-0.33301527269660747,-0.06658958552078464,-0.7441993918064447,-1.7580419581499847,-1.0709039252833055,-0.13633235006261368,1.0671874518563818,1.416036010040315,-0.6764373579911961,-0.2528779273230124,1.3864902327515567,0.7124389429934609,-0.9134811966593819,0.3126317086033736,-1.9008880944614903,-2.1061867267013232,1.5131046708525724,-2.3973883765155226,-2.3075623322269703,-1.0309901352510602,-1.3807585547892005,-0.7927658302926817,1.8324112437069218,-2.0212897106163914,0.331815038322927,-0.736575562543405,1.6872952076183398,0.03438295917628417,0.5946222219955912,0.11178981004178723,0.692489770862007,-0.09038918989431771,-0.606886238434369,-0.46209764504059364,-0.42221745297613755,0.5063538220682972,1.5681129390097743,0.013499993124852089,0.34068565460125017,-0.8915367697414908,0.1786107731238437,-1.2846452336563858,0.5293864074800793,-2.5468149827751407,-0.7824093689987637,0.8329464259317579,1.7082185787293795,-2.476167995979677,1.041681924654354,0.08063287253346466,-2.0299094422822788,-0.939714893149719,-0.18914089737186826,0.9099712287743175,2.1049416198062456,0.5903387781059164,0.18602790852412465,0.0854971117344111,0.12282087252184085,1.7418879508129845,3.3859857531984097,1.6983552639033075,-0.10154510393714372,-3.3244806189269824,0.7687531498359867,-1.6848216935513642,1.143928385066737,0.3263817179705776,-0.9152986357626633,0.5772500589811952,2.931823907634211,-1.7857715708612139,-1.1335627355323095,-2.2465359582079905,-1.2191013640188155,1.5003515610029745,2.584722186912842,0.3017153957988893,-0.8587770921200077,-0.7945476213599855,0.39132328602899025,-0.5205334053213101,-2.159059439545565,-2.2765947275779777,1.2067226317256237,-0.5804265724323426,-0.33935830296672576,-1.7946001234243,0.0030900835754571615,-0.026472235899217628,-0.2821399339197717,-0.6410193333275724,1.3417567746953152,-0.9309624072823499,-1.6260781611314261,-0.6820815803750979,-1.7174767748909223,0.06401366616456539,-1.1495324016863508,-0.9163725745183509,0.9392985001092633,-3.9513778266017074,-2.8201124160381625,0.23506350229761397,1.1387226370327865,-3.1016708053935154,3.298505927969922,0.7766160888724718,0.10264872521571566,-0.20715516305068077,-1.273809416597154,-0.6002019478551751,1.4031579019546652,1.9029536816220445,-1.6360852959255465,-0.376977191392729,-0.5109650585774372,0.17302844324286124,-2.2171353285480344,0.7725678136485881,-0.33906538130969455,0.39022272738644076,1.4188424724732354,0.127492568140596,-0.5553945032705838,-1.945879927611846,-0.27144054610888757,0.5726981221854851,-1.30328968050792,-0.23133929678812926,-1.2075304087812415,-0.4070849449662902,0.6211555251563001,0.9006091058868869,0.371954948120803,2.9572989873489886,0.2463547675475711,0.36937298007688835,-1.4189899371993233,-0.007316571290008678,-0.015807857067996922,0.1535014596130742,-0.08618296526915417,-2.404695951179009,-1.9490406263211573,-0.8489746980400449,-1.625848979449617;1.6129200755454733,1.5674311779466024,0.948221167868835,0.5094352505218451,0.3536034562136767,-0.22040874322680698,1.6622741227625366,-1.010559915915565,1.228395484519289,0.8176145142553797,-0.04777226905962112,-0.5863396007861534,-0.7256686418469303,-0.47903029485418247,-1.214985806950809,-0.7625340095445953,-1.7152568232462928,1.1126759667359827,2.27891237234259,0.49723158832273545,-0.9571008690893378,0.554270623583486,0.08406982316076862,-1.151731601633847,-0.5497198599669926,-1.4162323824401815,-0.7281350594014292,0.1372014872954804,-0.7051929602770346,-2.911502519039403,0.12522087195686293,0.7461321322619489,0.39521511796956044,-0.3729516330010463,-1.2371178919547623,0.7350255513174138,-1.4433201067776036,0.5629758407326482,-1.5954156656934182,-0.14027053015679486,0.5461440254052581,0.9765430232358449,0.2044156887013677,-0.6039130299401125,-0.503251765131796,0.18389343624239451,0.3754319824521989,2.155820121441151,-1.3693820804132704,-1.4364479228094256,-0.4936183557781647,0.14092100649578393,0.2722607401303635,-0.8641471700497183,-1.1939203598020356,-2.1000505628679393,2.220928359447662,1.1756994462290231,0.24078348196303273,0.642019974657997,0.9549746591982748,-0.899436550106452,-0.4051571844132069,0.48882859341795704,2.216355200392451,0.9992901741555736,0.9872272209598478,-0.33837770643869114,-0.4060916098800185,-0.37353427137839706,0.41789432278503846,1.5099108877363394,0.2535011025634512,-0.29632505944008036,-1.4068317087231905,-0.5221457363525871,-1.0938943492761837,0.44694052510067345,0.6380298326976793,0.9582558814939317,1.0706780755732412,1.2294774722343094,-1.998728335653956,-0.18371083484871165,-1.9571409672452493,0.22891114633389142,1.0408032429698753,1.1403495505737957,0.4421025057347121,0.718192671254211,-2.419764266509521,-0.9347711423787942,-0.7509568250719526,-0.725333874967602,-1.2269860621078643,0.462357025372487,-0.2378365103968981,-0.7063402122242796,-1.7029918180252124,-0.3652150551856287,-0.4154025538667492,-0.26342744380815014,-0.46808460803390106,0.6680789740606324,-1.7884433474749197,0.5266134345479598,0.3848420256809296,-0.5386122381958538,0.6282769498368024,-1.5036243138409597,-3.096945811775848,-0.1694806367572902,-2.4926461654690613,-0.8499729882562459,0.09297391721560133,-0.29918590487914665,-0.4806920789559077,2.1399002412259085,1.4449870749291878,-0.4054082063168377,-0.15008749933475957,0.85929028285007,0.8800992406195405,0.861956252246838,0.9053520747795788,-1.0014292747184195,0.17472319624395266,-0.08603344177617478,0.6448170624165986,-1.2015361213542133,0.42858946127459446,1.0755439839724947,-0.24882569439475988,0.06047868566281961,0.6488833305606119,0.6911596845216773,0.08966531974217112,0.6060117596145538,0.07179162414675844,-0.8221892642867094,-0.35896737749788904,-1.4438511647039147,0.4856465720995238,-1.6099496392244366,-0.5126150376088392,0.404485455470603,1.1106049555272048,0.01212106924620221,0.5664986650696668,-2.5572818103210135,0.7895422508694574,-0.1821252901743785,-0.41270196184256425,-0.4294107943249559,-0.969084335007399,-0.43679605329005455,-0.9039676486793023,-0.07602277987289023
3;102;54487.34660601616;3877;1484;0.049707;0.006445;0.053087/0.048803/0.04952/0.055179/0.077804/0.067019/0.051518/0.088552/0.074803/0.136727/0.083971/0.09831/0.060543/0.049126/0.05182/0.079528/0.053686/0.073662/0.104357/0.052008/0.049769/0.055292/0.060794/0.059828/0.080378/0.058825/0.06107/0.06245/0.06275/0.060489/0.049707/0.133584/0.153175/0.057005/0.051755/0.0732/0.131105/0.081623/0.09437/0.098791/0.054528/0.060243/0.090501/0.134462/0.054506/0.055342/0.056518/0.081956/0.061979/0.084655/0.079567/0.059445/0.052153/0.05097/0.051158/0.060583/0.082967/0.053388/0.075432/0.084309/0.052768/0.077479/0.051033/0.056304/0.054902/0.050478/0.078437/0.068483/0.060286/0.113741/0.12735/0.058661/0.051716/0.060164/0.050985/0.074307/0.051746/0.076651/0.058613/0.075266/0.146752/0.051352/0.057443/0.057796/0.123068/0.051019/0.056909/0.065789/0.099093/0.050579/0.057047/0.059733/0.144366/0.061308/0.04891/0.085497/0.133309/0.062735/0.079944/0.050373;0.165537/0.0/0.0/0.036223/0.388812/0.383887/0.144088/0.415109/0.325298/0.580559/0.376113/0.652556/0.023409/0.0/0.0/0.341793/0.023476/0.347731/0.431652/0.0/0.0/0.294564/0.044198/0.227244/0.390189/0.312924/0.118613/0.328826/0.247851/0.016361/0.006445/0.441052/0.408319/0.011322/0.435754/0.504203/0.418006/0.408386/0.42012/0.509912/0.000143/0.342721/0.60153/0.516988/0.583256/9.6e-05/0.005374/0.422252/0.294124/0.397648/0.361301/0.011781/0.0/0.226153/0.212795/0.268907/0.506995/0.005766/0.870447/0.403529/1e-05/0.36525/0.036185/0.345551/6.7e-05/0.03868/0.364399/0.280928/0.37312/0.4177/0.709778/0.103246/0.007813/0.0107/0.0/0.355678/0.480296/0.431967/0.389558/0.355104/0.407841/0.036997/0.0048/0.116644/0.575989/0.394243/0.001779/0.558212/0.428477/0.000593/0.003251/0.109414/0.423246/0.337758/4.8e-05/0.41552/0.397705/0.031614/0.594109/0.024442;0.075432/0.054506/0.051746/0.051019/0.05097/0.050478/0.050373/0.049707/0.04891/0.048803;0.870447/0.583256/0.480296/0.394243/0.226153/0.03868/0.024442/0.006445/4.8e-05/0.0;3.962348258312918,0.8339885646398719,-1.007793362480925,-0.2184625022447242,1.5379335089084878,-1.2219682106178884,2.086643429391695,0.3990205524591274,0.7373856257481506,1.0031905822232812,-0.9170014086173379,-0.33301527269660747,-0.06658958552078464,-0.7441993918064447,-1.7580419581499847,-1.0709039252833055,-0.13633235006261368,1.0671874518563818,1.416036010040315,-0.6764373579911961,-0.2528779273230124,1.3864902327515567,0.7124389429934609,-0.9134811966593819,0.3126317086033736,-1.9008880944614903,-2.1061867267013232,1.5131046708525724,-2.3973883765155226,-2.3075623322269703,-1.0309901352510602,-1.3807585547892005,-0.7927658302926817,1.8324112437069218,-2.0212897106163914,0.331815038322927,-0.736575562543405,1.6872952076183398,0.03438295917628417,0.5946222219955912,0.11178981004178723,0.692489770862007,-0.09038918989431771,-0.606886238434369,-0.46209764504059364,-0.42221745297613755,0.5063538220682972,1.5681129390097743,0.013499993124852089,0.34068565460125017,-0.8915367697414908,0.1786107731238437,-1.2846452336563858,0.5293864074800793,-2.5468149827751407,-0.7824093689987637,0.8329464259317579,1.7082185787293795,-2.476167995979677,1.041681924654354,0.08063287253346466,-2.0299094422822788,-0.939714893149719,-0.18914089737186826,0.9099712287743175,2.1049416198062456,0.5903387781059164,0.18602790852412465,0.0854971117344111,0.12282087252184085,1.7418879508129845,3.3859857531984097,1.6983552639033075,-0.10154510393714372,-3.3244806189269824,0.7687531498359867,-1.6848216935513642,1.143928385066737,0.3263817179705776,-0.9152986357626633,0.5772500589811952,2.931823907634211,-1.7857715708612139,-1.1335627355323095,-2.2465359582079905,-1.2191013640188155,1.5003515610029745,2.584722186912842,0.3017153957988893,-0.8587770921200077,-0.7945476213599855,0.39132328602899025,-0.5205334053213101,-2.159059439545565,-2.2765947275779777,1.2067226317256237,-0.5804265724323426,-0.33935830296672576,-1.7946001234243,0.0030900835754571615,-0.026472235899217628,-0.2821399339197717,-0.6410193333275724,1.3417567746953152,-0.9309624072823499,-1.6260781611314261,-0.6820815803750979,-1.7174767748909223,0.06401366616456539,-1.1495324016863508,-0.9163725745183509,0.9392985001092633,-3.9513778266017074,-2.8201124160381625,0.23506350229761397,1.1387226370327865,-3.1016708053935154,3.298505927969922,0.7766160888724718,0.10264872521571566,-0.20715516305068077,-1.273809416597154,-0.6002019478551751,1.4031579019546652,1.9029536816220445,-1.6360852959255465,-0.376977191392729,-0.5109650585774372,0.17302844324286124,-2.2171353285480344,0.7725678136485881,-0.33906538130969455,0.39022272738644076,1.4188424724732354,0.127492568140596,-0.5553945032705838,-1.945879927611846,-0.27144054610888757,0.5726981221854851,-1.30328968050792,-0.23133929678812926,-1.2075304087812415,-0.4070849449662902,0.6211555251563001,0.9006091058868869,0.371954948120803,2.9572989873489886,0.2463547675475711,0.36937298007688835,-1.4189899371993233,-0.007316571290008678,-0.015807857067996922,0.1535014596130742,-0.08618296526915417,-2.404695951179009,-1.9490406263211573,-0.8489746980400449,-1.625848979449617;1.6129200755454733,1.5674311779466024,0.948221167868835,0.5094352505218451,0.3536034562136767,-0.22040874322680698,1.6622741227625366,-1.010559915915565,1.228395484519289,0.8176145142553797,-0.04777226905962112,-0.5863396007861534,-0.7256686418469303,-0.47903029485418247,-1.214985806950809,-0.7625340095445953,-1.7152568232462928,1.1126759667359827,2.27891237234259,0.49723158832273545,-0.9571008690893378,0.554270623583486,0.08406982316076862,-1.151731601633847,-0.5497198599669926,-1.4162323824401815,-0.7281350594014292,0.1372014872954804,-0.7051929602770346,-2.911502519039403,0.12522087195686293,0.7461321322619489,0.39521511796956044,-0.3729516330010463,-1.2371178919547623,0.7350255513174138,-1.4433201067776036,0.5629758407326482,-1.5954156656934182,-0.14027053015679486,0.5461440254052581,0.9765430232358449,0.2044156887013677,-0.6039130299401125,-0.503251765131796,0.18389343624239451,0.3754319824521989,2.155820121441151,-1.3693820804132704,-1.4364479228094256,-0.4936183557781647,0.14092100649578393,0.2722607401303635,-0.8641471700497183,-1.1939203598020356,-2.1000505628679393,2.220928359447662,1.1756994462290231,0.24078348196303273,0.642019974657997,0.9549746591982748,-0.899436550106452,-0.4051571844132069,0.48882859341795704,2.216355200392451,0.9992901741555736,0.9872272209598478,-0.33837770643869114,-0.4060916098800185,-0.37353427137839706,0.41789432278503846,1.5099108877363394,0.2535011025634512,-0.29632505944008036,-1.4068317087231905,-0.5221457363525871,-1.0938943492761837,0.44694052510067345,0.6380298326976793,0.9582558814939317,1.0706780755732412,1.2294774722343094,-1.998728335653956,-0.18371083484871165,-1.9571409672452493,0.22891114633389142,1.0408032429698753,1.1403495505737957,0.4421025057347121,0.718192671254211,-2.419764266509521,-0.9347711423787942,-0.7509568250719526,-0.725333874967602,-1.2269860621078643,0.462357025372487,-0.2378365103968981,-0.7063402122242796,-1.7029918180252124,-0.3652150551856287,-0.4154025538667492,-0.26342744380815014,-0.46808460803390106,0.6680789740606324,-1.7884433474749197,0.5266134345479598,0.3848420256809296,-0.5386122381958538,0.6282769498368024,-1.5036243138409597,-3.096945811775848,-0.1694806367572902,-2.4926461654690613,-0.8499729882562459,0.09297391721560133,-0.29918590487914665,-0.4806920789559077,2.1399002412259085,1.4449870749291878,-0.4054082063168377,-0.15008749933475957,0.85929028285007,0.8800992406195405,0.861956252246838,0.9053520747795788,-1.0014292747184195,0.17472319624395266,-0.08603344177617478,0.6448170624165986,-1.2015361213542133,0.42858946127459446,1.0755439839724947,-0.24882569439475988,0.06047868566281961,0.6488833305606119,0.6911596845216773,0.08966531974217112,0.6060117596145538,0.07179162414675844,-0.8221892642867094,-0.35896737749788904,-1.4438511647039147,0.4856465720995238,-1.6099496392244366,-0.5126150376088392,0.404485455470603,1.1106049555272048,0.01212106924620221,0.5664986650696668,-2.5572818103210135,0.7895422508694574,-0.1821252901743785,-0.41270196184256425,-0.4294107943249559,-0.969084335007399,-0.43679605329005455,-0.9039676486793023,-0.07602277987289023
3;103;55032.71869421005;3877;1484;0.049707;0.006445;0.053087/0.048803/0.04952/0.055179/0.077804/0.067019/0.051518/0.088552/0.074803/0.136727/0.083971/0.09831/0.060543/0.049126/0.05182/0.079528/0.053686/0.073662/0.104357/0.052008/0.049769/0.055292/0.060794/0.059828/0.080378/0.058825/0.06107/0.06245/0.06275/0.060489/0.049707/0.133584/0.153175/0.057005/0.051755/0.0732/0.131105/0.081623/0.09437/0.098791/0.054528/0.060243/0.090501/0.134462/0.054506/0.055342/0.056518/0.081956/0.061979/0.084655/0.079567/0.059445/0.05097/0.051158/0.060583/0.082967/0.053388/0.075432/0.084309/0.052768/0.077479/0.051033/0.056304/0.054902/0.050478/0.078437/0.068483/0.060286/0.113741/0.12735/0.058661/0.051716/0.060164/0.050985/0.074307/0.051746/0.076651/0.058613/0.075266/0.051352/0.057443/0.057796/0.123068/0.051019/0.056909/0.065789/0.099093/0.050579/0.057047/0.059733/0.144366/0.061308/0.04891/0.085497/0.062735/0.079944/0.050373/0.063547/0.050276/0.075787;0.165537/0.0/0.0/0.036223/0.388812/0.383887/0.144088/0.415109/0.325298/0.580559/0.376113/0.652556/0.023409/0.0/0.0/0.341793/0.023476/0.347731/0.431652/0.0/0.0/0.294564/0.044198/0.227244/0.390189/0.312924/0.118613/0.328826/0.247851/0.016361/0.006445/0.441052/0.408319/0.011322/0.435754/0.504203/0.418006/0.408386/0.42012/0.509912/0.000143/0.342721/0.60153/0.516988/0.583256/9.6e-05/0.005374/0.422252/0.294124/0.397648/0.361301/0.011781/0.226153/0.212795/0.268907/0.506995/0.005766/0.870447/0.403529/1e-05/0.36525/0.036185/0.345551/6.7e-05/0.03868/0.364399/0.280928/0.37312/0.4177/0.709778/0.103246/0.007813/0.0107/0.0/0.355678/0.480296/0.431967/0.389558/0.355104/0.036997/0.0048/0.116644/0.575989/0.394243/0.001779/0.558212/0.428477/0.000593/0.003251/0.109414/0.423246/0.337758/4.8e-05/0.41552/0.031614/0.594109/0.024442/0.000593/0.0/0.545694;0.075432/0.054506/0.051746/0.051019/0.05097/0.050478/0.050373/0.049707/0.04891/0.048803;0.870447/0.583256/0.480296/0.394243/0.226153/0.03868/0.024442/0.006445/4.8e-05/0.0;3.962348258312918,0.8339885646398719,-1.007793362480925,-0.2184625022447242,1.5379335089084878,-1.2219682106178884,2.086643429391695,0.3990205524591274,0.7373856257481506,1.0031905822232812,-0.9170014086173379,-0.33301527269660747,-0.06658958552078464,-0.7441993918064447,-1.7580419581499847,-1.0709039252833055,-0.13633235006261368,1.0671874518563818,1.416036010040315,-0.6764373579911961,-0.2528779273230124,1.3864902327515567,0.7124389429934609,-0.9134811966593819,0.3126317086033736,-1.9008880944614903,-2.1061867267013232,1.5131046708525724,-2.3973883765155226,-2.3075623322269703,-1.0309901352510602,-1.3807585547892005,-0.7927658302926817,1.8324112437069218,-2.0212897106163914,0.331815038322927,-0.736575562543405,1.6872952076183398,0.03438295917628417,0.5946222219955912,0.11178981004178723,0.692489770862007,-0.09038918989431771,-0.606886238434369,-0.46209764504059364,-0.42221745297613755,0.5063538220682972,1.5681129390097743,0.013499993124852089,0.34068565460125017,-0.8915367697414908,0.1786107731238437,-1.2846452336563858,0.5293864074800793,-2.5468149827751407,-0.7824093689987637,0.8329464259317579,1.7082185787293795,-2.476167995979677,1.041681924654354,0.08063287253346466,-2.0299094422822788,-0.939714893149719,-0.18914089737186826,0.9099712287743175,2.1049416198062456,0.5903387781059164,0.18602790852412465,0.0854971117344111,0.12282087252184085,1.7418879508129845,3.3859857531984097,1.6983552639033075,-0.10154510393714372,-3.3244806189269824,0.7687531498359867,-1.6848216935513642,1.143928385066737,0.3263817179705776,-0.9152986357626633,0.5772500589811952,2.931823907634211,-1.7857715708612139,-1.1335627355323095,-2.2465359582079905,-1.2191013640188155,1.5003515610029745,2.584722186912842,0.3017153957988893,-0.8587770921200077,-0.7945476213599855,0.39132328602899025,-0.5205334053213101,-2.159059439545565,-2.2765947275779777,1.2067226317256237,-0.5804265724323426,-0.33935830296672576,-1.7946001234243,0.0030900835754571615,-0.026472235899217628,-0.2821399339197717,-0.6410193333275724,1.3417567746953152,-0.9309624072823499,-1.6260781611314261,-0.6820815803750979,-1.7174767748909223,0.06401366616456539,-1.1495324016863508,-0.9163725745183509,0.9392985001092633,-3.9513778266017074,-2.8201124160381625,0.23506350229761397,1.1387226370327865,-3.1016708053935154,3.298505927969922,0.7766160888724718,0.10264872521571566,-0.20715516305068077,-1.273809416597154,-0.6002019478551751,1.4031579019546652,1.9029536816220445,-1.6360852959255465,-0.376977191392729,-0.5109650585774372,0.17302844324286124,-2.2171353285480344,0.7725678136485881,-0.33906538130969455,0.39022272738644076,1.4188424724732354,0.127492568140596,-0.5553945032705838,-1.945879927611846,-0.27144054610888757,0.5726981221854851,-1.30328968050792,-0.23133929678812926,-1.2075304087812415,-0.4070849449662902,0.6211555251563001,0.9006091058868869,0.371954948120803,2.9572989873489886,0.2463547675475711,0.36937298007688835,-1.4189899371993233,-0.007316571290008678,-0.015807857067996922,0.1535014596130742,-0.08618296526915417,-2.404695951179009,-1.9490406263211573,-0.8489746980400449,-1.625848979449617;1.6129200755454733,1.5674311779466024,0.948221167868835,0.5094352505218451,0.3536034562136767,-0.22040874322680698,1.6622741227625366,-1.010559915915565,1.228395484519289,0.8176145142553797,-0.04777226905962112,-0.5863396007861534,-0.7256686418469303,-0.47903029485418247,-1.214985806950809,-0.7625340095445953,-1.7152568232462928,1.1126759667359827,2.27891237234259,0.49723158832273545,-0.9571008690893378,0.554270623583486,0.08406982316076862,-1.151731601633847,-0.5497198599669926,-1.4162323824401815,-0.7281350594014292,0.1372014872954804,-0.7051929602770346,-2.911502519039403,0.12522087195686293,0.7461321322619489,0.39521511796956044,-0.3729516330010463,-1.2371178919547623,0.7350255513174138,-1.4433201067776036,0.5629758407326482,-1.5954156656934182,-0.14027053015679486,0.5461440254052581,0.9765430232358449,0.2044156887013677,-0.6039130299401125,-0.503251765131796,0.18389343624239451,0.3754319824521989,2.155820121441151,-1.3693820804132704,-1.4364479228094256,-0.4936183557781647,0.14092100649578393,0.2722607401303635,-0.8641471700497183,-1.1939203598020356,-2.1000505628679393,2.220928359447662,1.1756994462290231,0.24078348196303273,0.642019974657997,0.9549746591982748,-0.899436550106452,-0.4051571844132069,0.48882859341795704,2.216355200392451,0.9992901741555736,0.9872272209598478,-0.33837770643869114,-0.4060916098800185,-0.37353427137839706,0.41789432278503846,1.5099108877363394,0.2535011025634512,-0.29632505944008036,-1.4068317087231905,-0.5221457363525871,-1.0938943492761837,0.44694052510067345,0.6380298326976793,0.9582558814939317,1.0706780755732412,1.2294774722343094,-1.998728335653956,-0.18371083484871165,-1.9571409672452493,0.22891114633389142,1.0408032429698753,1.1403495505737957,0.4421025057347121,0.718192671254211,-2.419764266509521,-0.9347711423787942,-0.7509568250719526,-0.725333874967602,-1.2269860621078643,0.462357025372487,-0.2378365103968981,-0.7063402122242796,-1.7029918180252124,-0.3652150551856287,-0.4154025538667492,-0.26342744380815014,-0.46808460803390106,0.6680789740606324,-1.7884433474749197,0.5266134345479598,0.3848420256809296,-0.5386122381958538,0.6282769498368024,-1.5036243138409597,-3.096945811775848,-0.1694806367572902,-2.4926461654690613,-0.8499729882562459,0.09297391721560133,-0.29918590487914665,-0.4806920789559077,2.1399002412259085,1.4449870749291878,-0.4054082063168377,-0.15008749933475957,0.85929028285007,0.8800992406195405,0.861956252246838,0.9053520747795788,-1.0014292747184195,0.17472319624395266,-0.08603344177617478,0.6448170624165986,-1.2015361213542133,0.42858946127459446,1.0755439839724947,-0.24882569439475988,0.06047868566281961,0.6488833305606119,0.6911596845216773,0.08966531974217112,0.6060117596145538,0.07179162414675844,-0.8221892642867094,-0.35896737749788904,-1.4438511647039147,0.4856465720995238,-1.6099496392244366,-0.5126150376088392,0.404485455470603,1.1106049555272048,0.01212106924620221,0.5664986650696668,-2.5572818103210135,0.7895422508694574,-0.1821252901743785,-0.41270196184256425,-0.4294107943249559,-0.969084335007399,-0.43679605329005455,-0.9039676486793023,-0.07602277987289023
3;104;55570.77572393417;3877;1484;0.049707;0.006445;0.053087/0.048803/0.04952/0.055179/0.077804/0.067019/0.051518/0.088552/0.074803/0.136727/0.083971/0.09831/0.060543/0.049126/0.05182/0.079528/0.053686/0.073662/0.104357/0.052008/0.049769/0.055292/0.060794/0.059828/0.080378/0.058825/0.06107/0.06245/0.06275/0.060489/0.049707/0.133584/0.153175/0.057005/0.051755/0.0732/0.131105/0.081623/0.09437/0.098791/0.054528/0.060243/0.090501/0.134462/0.054506/0.055342/0.056518/0.081956/0.061979/0.084655/0.079567/0.059445/0.05097/0.051158/0.060583/0.082967/0.053388/0.075432/0.084309/0.052768/0.077479/0.051033/0.056304/0.054902/0.050478/0.078437/0.068483/0.060286/0.113741/0.12735/0.058661/0.051716/0.060164/0.050985/0.074307/0.051746/0.076651/0.058613/0.075266/0.051352/0.057443/0.057796/0.123068/0.051019/0.056909/0.065789/0.099093/0.050579/0.057047/0.059733/0.144366/0.061308/0.04891/0.085497/0.062735/0.079944/0.050373/0.050276/0.075787/0.051132;0.165537/0.0/0.0/0.036223/0.388812/0.383887/0.144088/0.415109/0.325298/0.580559/0.376113/0.652556/0.023409/0.0/0.0/0.341793/0.023476/0.347731/0.431652/0.0/0.0/0.294564/0.044198/0.227244/0.390189/0.312924/0.118613/0.328826/0.247851/0.016361/0.006445/0.441052/0.408319/0.011322/0.435754/0.504203/0.418006/0.408386/0.42012/0.509912/0.000143/0.342721/0.60153/0.516988/0.583256/9.6e-05/0.005374/0.422252/0.294124/0.397648/0.361301/0.011781/0.226153/0.212795/0.268907/0.506995/0.005766/0.870447/0.403529/1e-05/0.36525/0.036185/0.345551/6.7e-05/0.03868/0.364399/0.280928/0.37312/0.4177/0.709778/0.103246/0.007813/0.0107/0.0/0.355678/0.480296/0.431967/0.389558/0.355104/0.036997/0.0048/0.116644/0.575989/0.394243/0.001779/0.558212/0.428477/0.000593/0.003251/0.109414/0.423246/0.337758/4.8e-05/0.41552/0.031614/0.594109/0.024442/0.0/0.545694/0.067263;0.075432/0.054506/0.051746/0.051019/0.05097/0.050478/0.050373/0.049707/0.04891/0.048803;0.870447/0.583256/0.480296/0.394243/0.226153/0.03868/0.024442/0.006445/4.8e-05/0.0;3.962348258312918,0.8339885646398719,-1.007793362480925,-0.2184625022447242,1.5379335089084878,-1.2219682106178884,2.086643429391695,0.3990205524591274,0.7373856257481506,1.0031905822232812,-0.9170014086173379,-0.33301527269660747,-0.06658958552078464,-0.7441993918064447,-1.7580419581499847,-1.0709039252833055,-0.13633235006261368,1.0671874518563818,1.416036010040315,-0.6764373579911961,-0.2528779273230124,1.3864902327515567,0.7124389429934609,-0.9134811966593819,0.3126317086033736,-1.9008880944614903,-2.1061867267013232,1.5131046708525724,-2.3973883765155226,-2.3075623322269703,-1.0309901352510602,-1.3807585547892005,-0.7927658302926817,1.8324112437069218,-2.0212897106163914,0.331815038322927,-0.736575562543405,1.6872952076183398,0.03438295917628417,0.5946222219955912,0.11178981004178723,0.692489770862007,-0.09038918989431771,-0.606886238434369,-0.46209764504059364,-0.42221745297613755,0.5063538220682972,1.5681129390097743,0.013499993124852089,0.34068565460125017,-0.8915367697414908,0.1786107731238437,-1.2846452336563858,0.5293864074800793,-2.5468149827751407,-0.7824093689987637,0.8329464259317579,1.7082185787293795,-2.476167995979677,1.041681924654354,0.08063287253346466,-2.0299094422822788,-0.939714893149719,-0.18914089737186826,0.9099712287743175,2.1049416198062456,0.5903387781059164,0.18602790852412465,0.0854971117344111,0.12282087252184085,1.7418879508129845,3.3859857531984097,1.6983552639033075,-0.10154510393714372,-3.3244806189269824,0.7687531498359867,-1.6848216935513642,1.143928385066737,0.3263817179705776,-0.9152986357626633,0.5772500589811952,2.931823907634211,-1.7857715708612139,-1.1335627355323095,-2.2465359582079905,-1.2191013640188155,1.5003515610029745,2.584722186912842,0.3017153957988893,-0.8587770921200077,-0.7945476213599855,0.39132328602899025,-0.5205334053213101,-2.159059439545565,-2.2765947275779777,1.2067226317256237,-0.5804265724323426,-0.33935830296672576,-1.7946001234243,0.0030900835754571615,-0.026472235899217628,-0.2821399339197717,-0.6410193333275724,1.3417567746953152,-0.9309624072823499,-1.6260781611314261,-0.6820815803750979,-1.7174767748909223,0.06401366616456539,-1.1495324016863508,-0.9163725745183509,0.9392985001092633,-3.9513778266017074,-2.8201124160381625,0.23506350229761397,1.1387226370327865,-3.1016708053935154,3.298505927969922,0.7766160888724718,0.10264872521571566,-0.20715516305068077,-1.273809416597154,-0.6002019478551751,1.4031579019546652,1.9029536816220445,-1.6360852959255465,-0.376977191392729,-0.5109650585774372,0.17302844324286124,-2.2171353285480344,0.7725678136485881,-0.33906538130969455,0.39022272738644076,1.4188424724732354,0.127492568140596,-0.5553945032705838,-1.945879927611846,-0.27144054610888757,0.5726981221854851,-1.30328968050792,-0.23133929678812926,-1.2075304087812415,-0.4070849449662902,0.6211555251563001,0.9006091058868869,0.371954948120803,2.9572989873489886,0.2463547675475711,0.36937298007688835,-1.4189899371993233,-0.007316571290008678,-0.015807857067996922,0.1535014596130742,-0.08618296526915417,-2.404695951179009,-1.9490406263211573,-0.8489746980400449,-1.625848979449617;1.6129200755454733,1.5674311779466024,0.948221167868835,0.5094352505218451,0.3536034562136767,-0.22040874322680698,1.6622741227625366,-1.010559915915565,1.228395484519289,0.8176145142553797,-0.04777226905962112,-0.5863396007861534,-0.7256686418469303,-0.47903029485418247,-1.214985806950809,-0.7625340095445953,-1.7152568232462928,1.1126759667359827,2.27891237234259,0.49723158832273545,-0.9571008690893378,0.554270623583486,0.08406982316076862,-1.151731601633847,-0.5497198599669926,-1.4162323824401815,-0.7281350594014292,0.1372014872954804,-0.7051929602770346,-2.911502519039403,0.12522087195686293,0.7461321322619489,0.39521511796956044,-0.3729516330010463,-1.2371178919547623,0.7350255513174138,-1.4433201067776036,0.5629758407326482,-1.5954156656934182,-0.14027053015679486,0.5461440254052581,0.9765430232358449,0.2044156887013677,-0.6039130299401125,-0.503251765131796,0.18389343624239451,0.3754319824521989,2.155820121441151,-1.3693820804132704,-1.4364479228094256,-0.4936183557781647,0.14092100649578393,0.2722607401303635,-0.8641471700497183,-1.1939203598020356,-2.1000505628679393,2.220928359447662,1.1756994462290231,0.24078348196303273,0.642019974657997,0.9549746591982748,-0.899436550106452,-0.4051571844132069,0.48882859341795704,2.216355200392451,0.9992901741555736,0.9872272209598478,-0.33837770643869114,-0.4060916098800185,-0.37353427137839706,0.41789432278503846,1.5099108877363394,0.2535011025634512,-0.29632505944008036,-1.4068317087231905,-0.5221457363525871,-1.0938943492761837,0.44694052510067345,0.6380298326976793,0.9582558814939317,1.0706780755732412,1.2294774722343094,-1.998728335653956,-0.18371083484871165,-1.9571409672452493,0.22891114633389142,1.0408032429698753,1.1403495505737957,0.4421025057347121,0.718192671254211,-2.419764266509521,-0.9347711423787942,-0.7509568250719526,-0.725333874967602,-1.2269860621078643,0.462357025372487,-0.2378365103968981,-0.7063402122242796,-1.7029918180252124,-0.3652150551856287,-0.4154025538667492,-0.26342744380815014,-0.46808460803390106,0.6680789740606324,-1.7884433474749197,0.5266134345479598,0.3848420256809296,-0.5386122381958538,0.6282769498368024,-1.5036243138409597,-3.096945811775848,-0.1694806367572902,-2.4926461654690613,-0.8499729882562459,0.09297391721560133,-0.29918590487914665,-0.4806920789559077,2.1399002412259085,1.4449870749291878,-0.4054082063168377,-0.15008749933475957,0.85929028285007,0.8800992406195405,0.861956252246838,0.9053520747795788,-1.0014292747184195,0.17472319624395266,-0.08603344177617478,0.6448170624165986,-1.2015361213542133,0.42858946127459446,1.0755439839724947,-0.24882569439475988,0.06047868566281961,0.6488833305606119,0.6911596845216773,0.08966531974217112,0.6060117596145538,0.07179162414675844,-0.8221892642867094,-0.35896737749788904,-1.4438511647039147,0.4856465720995238,-1.6099496392244366,-0.5126150376088392,0.404485455470603,1.1106049555272048,0.01212106924620221,0.5664986650696668,-2.5572818103210135,0.7895422508694574,-0.1821252901743785,-0.41270196184256425,-0.4294107943249559,-0.969084335007399,-0.43679605329005455,-0.9039676486793023,-0.07602277987289023
3;105;56113.3277862072;3877;1484;0.049707;0.006445;0.053087/0.048803/0.04952/0.055179/0.077804/0.067019/0.051518/0.088552/0.074803/0.136727/0.083971/0.09831/0.060543/0.049126/0.05182/0.079528/0.053686/0.073662/0.104357/0.052008/0.049769/0.055292/0.060794/0.059828/0.080378/0.058825/0.06107/0.06245/0.06275/0.060489/0.049707/0.133584/0.057005/0.051755/0.0732/0.131105/0.081623/0.09437/0.098791/0.054528/0.060243/0.090501/0.134462/0.054506/0.055342/0.056518/0.081956/0.061979/0.084655/0.079567/0.059445/0.05097/0.051158/0.060583/0.082967/0.053388/0.075432/0.084309/0.052768/0.077479/0.051033/0.056304/0.054902/0.050478/0.078437/0.068483/0.060286/0.113741/0.12735/0.058661/0.051716/0.060164/0.050985/0.074307/0.051746/0.076651/0.058613/0.075266/0.051352/0.057443/0.057796/0.123068/0.051019/0.056909/0.065789/0.099093/0.050579/0.057047/0.059733/0.144366/0.061308/0.04891/0.085497/0.062735/0.079944/0.050373/0.050276/0.075787/0.051132/0.050267;0.165537/0.0/0.0/0.036223/0.388812/0.383887/0.144088/0.415109/0.325298/0.580559/0.376113/0.652556/0.023409/0.0/0.0/0.341793/0.023476/0.347731/0.431652/0.0/0.0/0.294564/0.044198/0.227244/0.390189/0.312924/0.118613/0.328826/0.247851/0.016361/0.006445/0.441052/0.011322/0.435754/0.504203/0.418006/0.408386/0.42012/0.509912/0.000143/0.342721/0.60153/0.516988/0.583256/9.6e-05/0.005374/0.422252/0.294124/0.397648/0.361301/0.011781/0.226153/0.212795/0.268907/0.506995/0.005766/0.870447/0.403529/1e-05/0.36525/0.036185/0.345551/6.7e-05/0.03868/0.364399/0.280928/0.37312/0.4177/0.709778/0.103246/0.007813/0.0107/0.0/0.355678/0.480296/0.431967/0.389558/0.355104/0.036997/0.0048/0.116644/0.575989/0.394243/0.001779/0.558212/0.428477/0.000593/0.003251/0.109414/0.423246/0.337758/4.8e-05/0.41552/0.031614/0.594109/0.024442/0.0/0.545694/0.067263/0.149309;0.075432/0.054506/0.051746/0.051019/0.05097/0.050267/0.049707/0.04891/0.048803;0.870447/0.583256/0.480296/0.394243/0.226153/0.149309/0.006445/4.8e-05/0.0;3.962348258312918,0.8339885646398719,-1.007793362480925,-0.2184625022447242,1.5379335089084878,-1.2219682106178884,2.086643429391695,0.3990205524591274,0.7373856257481506,1.0031905822232812,-0.9170014086173379,-0.33301527269660747,-0.06658958552078464,-0.7441993918064447,-1.7580419581499847,-1.0709039252833055,-0.13633235006261368,1.0671874518563818,1.416036010040315,-0.6764373579911961,-0.2528779273230124,1.3864902327515567,0.7124389429934609,-0.9134811966593819,0.3126317086033736,-1.9008880944614903,-2.1061867267013232,1.5131046708525724,-2.3973883765155226,-2.3075623322269703,-1.0309901352510602,-1.3807585547892005,-0.7927658302926817,1.8324112437069218,-2.0212897106163914,0.331815038322927,-0.736575562543405,1.6872952076183398,0.03438295917628417,0.5946222219955912,0.11178981004178723,0.692489770862007,-0.09038918989431771,-0.606886238434369,-0.46209764504059364,-0.42221745297613755,0.5063538220682972,1.5681129390097743,0.013499993124852089,0.34068565460125017,-0.8915367697414908,0.1786107731238437,-1.2846452336563858,0.5293864074800793,-2.5468149827751407,-0.7824093689987637,0.8329464259317579,1.7082185787293795,-2.476167995979677,1.041681924654354,0.08063287253346466,-2.0299094422822788,-0.939714893149719,-0.18914089737186826,0.9099712287743175,2.1049416198062456,0.5903387781059164,0.18602790852412465,0.0854971117344111,0.12282087252184085,1.7418879508129845,3.3859857531984097,1.6983552639033075,-0.10154510393714372,-3.3244806189269824,0.7687531498359867,-1.6848216935513642,1.143928385066737,0.3263817179705776,-0.9152986357626633,0.5772500589811952,2.931823907634211,-1.7857715708612139,-1.1335627355323095,-2.2465359582079905,-1.2191013640188155,1.5003515610029745,2.584722186912842,0.3017153957988893,-0.8587770921200077,-0.7945476213599855,0.39132328602899025,-0.5205334053213101,-2.159059439545565,-2.2765947275779777,1.2067226317256237,-0.5804265724323426,-0.33935830296672576,-1.7946001234243,0.0030900835754571615,-0.026472235899217628,-0.2821399339197717,-0.6410193333275724,1.3417567746953152,-0.9309624072823499,-1.6260781611314261,-0.6820815803750979,-1.7174767748909223,0.06401366616456539,-1.1495324016863508,-0.9163725745183509,0.9392985001092633,-3.9513778266017074,-2.8201124160381625,0.23506350229761397,1.1387226370327865,-3.1016708053935154,3.298505927969922,0.7766160888724718,0.10264872521571566,-0.20715516305068077,-1.273809416597154,-0.6002019478551751,1.4031579019546652,1.9029536816220445,-1.6360852959255465,-0.376977191392729,-0.5109650585774372,0.17302844324286124,-2.2171353285480344,0.7725678136485881,-0.33906538130969455,0.39022272738644076,1.4188424724732354,0.127492568140596,-0.5553945032705838,-1.945879927611846,-0.27144054610888757,0.5726981221854851,-1.30328968050792,-0.23133929678812926,-1.2075304087812415,-0.4070849449662902,0.6211555251563001,0.9006091058868869,0.371954948120803,2.9572989873489886,0.2463547675475711,0.36937298007688835,-1.4189899371993233,-0.007316571290008678,-0.015807857067996922,0.1535014596130742,-0.08618296526915417,-2.404695951179009,-1.9490406263211573,-0.8489746980400449,-1.625848979449617;1.6129200755454733,1.5674311779466024,0.948221167868835,0.5094352505218451,0.3536034562136767,-0.22040874322680698,1.6622741227625366,-1.010559915915565,1.228395484519289,0.8176145142553797,-0.04777226905962112,-0.5863396007861534,-0.7256686418469303,-0.47903029485418247,-1.214985806950809,-0.7625340095445953,-1.7152568232462928,1.1126759667359827,2.27891237234259,0.49723158832273545,-0.9571008690893378,0.554270623583486,0.08406982316076862,-1.151731601633847,-0.5497198599669926,-1.4162323824401815,-0.7281350594014292,0.1372014872954804,-0.7051929602770346,-2.911502519039403,0.12522087195686293,0.7461321322619489,0.39521511796956044,-0.3729516330010463,-1.2371178919547623,0.7350255513174138,-1.4433201067776036,0.5629758407326482,-1.5954156656934182,-0.14027053015679486,0.5461440254052581,0.9765430232358449,0.2044156887013677,-0.6039130299401125,-0.503251765131796,0.18389343624239451,0.3754319824521989,2.155820121441151,-1.3693820804132704,-1.4364479228094256,-0.4936183557781647,0.14092100649578393,0.2722607401303635,-0.8641471700497183,-1.1939203598020356,-2.1000505628679393,2.220928359447662,1.1756994462290231,0.24078348196303273,0.642019974657997,0.9549746591982748,-0.899436550106452,-0.4051571844132069,0.48882859341795704,2.216355200392451,0.9992901741555736,0.9872272209598478,-0.33837770643869114,-0.4060916098800185,-0.37353427137839706,0.41789432278503846,1.5099108877363394,0.2535011025634512,-0.29632505944008036,-1.4068317087231905,-0.5221457363525871,-1.0938943492761837,0.44694052510067345,0.6380298326976793,0.9582558814939317,1.0706780755732412,1.2294774722343094,-1.998728335653956,-0.18371083484871165,-1.9571409672452493,0.22891114633389142,1.0408032429698753,1.1403495505737957,0.4421025057347121,0.718192671254211,-2.419764266509521,-0.9347711423787942,-0.7509568250719526,-0.725333874967602,-1.2269860621078643,0.462357025372487,-0.2378365103968981,-0.7063402122242796,-1.7029918180252124,-0.3652150551856287,-0.4154025538667492,-0.26342744380815014,-0.46808460803390106,0.6680789740606324,-1.7884433474749197,0.5266134345479598,0.3848420256809296,-0.5386122381958538,0.6282769498368024,-1.5036243138409597,-3.096945811775848,-0.1694806367572902,-2.4926461654690613,-0.8499729882562459,0.09297391721560133,-0.29918590487914665,-0.4806920789559077,2.1399002412259085,1.4449870749291878,-0.4054082063168377,-0.15008749933475957,0.85929028285007,0.8800992406195405,0.861956252246838,0.9053520747795788,-1.0014292747184195,0.17472319624395266,-0.08603344177617478,0.6448170624165986,-1.2015361213542133,0.42858946127459446,1.0755439839724947,-0.24882569439475988,0.06047868566281961,0.6488833305606119,0.6911596845216773,0.08966531974217112,0.6060117596145538,0.07179162414675844,-0.8221892642867094,-0.35896737749788904,-1.4438511647039147,0.4856465720995238,-1.6099496392244366,-0.5126150376088392,0.404485455470603,1.1106049555272048,0.01212106924620221,0.5664986650696668,-2.5572818103210135,0.7895422508694574,-0.1821252901743785,-0.41270196184256425,-0.4294107943249559,-0.969084335007399,-0.43679605329005455,-0.9039676486793023,-0.07602277987289023
3;106;56667.400143146515;3877;5342;0.047412;0.372919;0.053087/0.048803/0.04952/0.055179/0.077804/0.067019/0.051518/0.088552/0.074803/0.136727/0.083971/0.09831/0.060543/0.049126/0.05182/0.079528/0.053686/0.073662/0.104357/0.049769/0.055292/0.060794/0.059828/0.080378/0.058825/0.06107/0.06245/0.06275/0.060489/0.049707/0.133584/0.057005/0.051755/0.0732/0.131105/0.081623/0.09437/0.098791/0.054528/0.060243/0.090501/0.134462/0.054506/0.055342/0.056518/0.081956/0.061979/0.084655/0.079567/0.059445/0.05097/0.051158/0.060583/0.082967/0.053388/0.075432/0.084309/0.052768/0.077479/0.051033/0.056304/0.054902/0.050478/0.078437/0.068483/0.060286/0.113741/0.12735/0.058661/0.051716/0.060164/0.050985/0.074307/0.051746/0.076651/0.058613/0.075266/0.051352/0.057443/0.057796/0.123068/0.051019/0.056909/0.065789/0.099093/0.050579/0.057047/0.059733/0.144366/0.061308/0.04891/0.085497/0.079944/0.050373/0.050276/0.075787/0.051132/0.050267/0.07983/0.047412;0.165537/0.0/0.0/0.036223/0.388812/0.383887/0.144088/0.415109/0.325298/0.580559/0.376113/0.652556/0.023409/0.0/0.0/0.341793/0.023476/0.347731/0.431652/0.0/0.294564/0.044198/0.227244/0.390189/0.312924/0.118613/0.328826/0.247851/0.016361/0.006445/0.441052/0.011322/0.435754/0.504203/0.418006/0.408386/0.42012/0.509912/0.000143/0.342721/0.60153/0.516988/0.583256/9.6e-05/0.005374/0.422252/0.294124/0.397648/0.361301/0.011781/0.226153/0.212795/0.268907/0.506995/0.005766/0.870447/0.403529/1e-05/0.36525/0.036185/0.345551/6.7e-05/0.03868/0.364399/0.280928/0.37312/0.4177/0.709778/0.103246/0.007813/0.0107/0.0/0.355678/0.480296/0.431967/0.389558/0.355104/0.036997/0.0048/0.116644/0.575989/0.394243/0.001779/0.558212/0.428477/0.000593/0.003251/0.109414/0.423246/0.337758/4.8e-05/0.41552/0.594109/0.024442/0.0/0.545694/0.067263/0.149309/0.296983/0.372919;0.075432/0.054506/0.051746/0.051019/0.047412;0.870447/0.583256/0.480296/0.394243/0.372919;3.962348258312918,0.8339885646398719,-1.007793362480925,-0.2184625022447242,1.5379335089084878,-1.2219682106178884,2.086643429391695,0.3990205524591274,0.7373856257481506,1.0031905822232812,-0.9170014086173379,-0.33301527269660747,-0.06658958552078464,-0.7441993918064447,-1.7580419581499847,-1.0709039252833055,-0.13633235006261368,1.0671874518563818,1.416036010040315,-0.6764373579911961,-0.2528779273230124,1.3864902327515567,0.7124389429934609,-0.9134811966593819,0.3126317086033736,-1.9008880944614903,-2.1061867267013232,1.5131046708525724,-2.3973883765155226,-2.3075623322269703,-1.0309901352510602,-1.3807585547892005,-0.7927658302926817,1.8324112437069218,-2.0212897106163914,0.331815038322927,-0.736575562543405,1.6872952076183398,0.03438295917628417,0.5946222219955912,0.11178981004178723,0.692489770862007,-0.09038918989431771,-0.606886238434369,-0.46209764504059364,-0.42221745297613755,0.5063538220682972,1.5681129390097743,0.013499993124852089,0.34068565460125017,-0.8915367697414908,0.1786107731238437,-1.2846452336563858,0.5293864074800793,-2.5468149827751407,-0.7824093689987637,0.8329464259317579,1.7082185787293795,-2.476167995979677,1.041681924654354,0.08063287253346466,-2.0299094422822788,-0.939714893149719,-0.18914089737186826,0.9099712287743175,2.1049416198062456,0.5903387781059164,0.18602790852412465,0.0854971117344111,0.12282087252184085,1.7418879508129845,3.3859857531984097,1.6983552639033075,-0.10154510393714372,-3.3244806189269824,0.7687531498359867,-1.6848216935513642,1.143928385066737,0.3263817179705776,-0.9152986357626633,0.5772500589811952,2.931823907634211,-1.7857715708612139,-1.1335627355323095,-2.2465359582079905,-1.2191013640188155,1.5003515610029745,2.584722186912842,0.3017153957988893,-0.8587770921200077,-0.7945476213599855,0.39132328602899025,-0.5205334053213101,-2.159059439545565,-2.2765947275779777,1.2067226317256237,-0.5804265724323426,-0.33935830296672576,-1.7946001234243,0.0030900835754571615,-0.026472235899217628,-0.2821399339197717,-0.6410193333275724,1.3417567746953152,-0.9309624072823499,-1.6260781611314261,-0.6820815803750979,-1.7174767748909223,0.06401366616456539,-1.1495324016863508,-0.9163725745183509,0.9392985001092633,-3.9513778266017074,-2.8201124160381625,0.23506350229761397,1.1387226370327865,-3.1016708053935154,3.298505927969922,0.7766160888724718,0.10264872521571566,-0.20715516305068077,-1.273809416597154,-0.6002019478551751,1.4031579019546652,1.9029536816220445,-1.6360852959255465,-0.376977191392729,-0.5109650585774372,0.17302844324286124,-2.2171353285480344,0.7725678136485881,-0.33906538130969455,0.39022272738644076,1.4188424724732354,0.127492568140596,-0.5553945032705838,-1.945879927611846,-0.27144054610888757,0.5726981221854851,-1.30328968050792,-0.23133929678812926,-1.2075304087812415,-0.4070849449662902,0.6211555251563001,0.9006091058868869,0.371954948120803,2.9572989873489886,0.2463547675475711,0.36937298007688835,-1.4189899371993233,-0.007316571290008678,-0.015807857067996922,0.1535014596130742,-0.08618296526915417,-2.404695951179009,-1.9490406263211573,-0.8489746980400449,-1.625848979449617;3.4808065776743202,0.8723372919804471,-0.4293885430846588,1.6128651979442328,0.8318245037690412,-1.2453068219403038,2.0560628672339445,-0.4866284179142582,-0.7133791044129464,0.8010172661180419,1.4424108573847378,-0.6103551075070955,-0.33607871592092176,-0.5521695245585503,-2.7977532815928297,-0.9489672034263006,-2.1090291179007346,1.3862290758476772,1.532797521543101,0.12739393906015883,-1.3017290374098225,0.9413449165405718,2.1919640940881613,-0.9988376871432829,-0.9115548171311805,-0.8819451844821791,-0.8948716360537634,0.7359859480473583,-1.5282052389177028,-2.116501696541168,-0.10224040750268937,0.09096539428520323,-1.9511964654913818,0.9063667163114919,-0.3830722727934296,0.39087216407308617,-0.09551086209198983,0.07690072671678563,-2.144346315606136,0.7592810526736657,0.29987936221110745,0.6841510046985967,0.9757755996708546,-1.7063235568486457,-1.3183123260116705,0.2633782406049863,0.7085895783107468,0.5707101606332952,-0.28681229405074504,-1.1778461179397661,0.4937736947171985,0.9726388243685711,-1.0831866479660615,-0.2841487424073051,-1.7310396008811508,0.5148383782141979,2.1244127611160812,0.8191727403948448,-2.0575899096911034,1.652299783069465,-0.1742536578452664,-1.397142366975874,0.4386134895796823,0.5543735539674428,0.9206246507358162,1.739202297871384,1.984850583755654,-0.8791051450211873,-1.1353619629367668,-0.9865315127971894,0.4147591393272914,2.5052064922767885,0.9333584837796104,0.14839077568167225,-3.665872786919659,1.1595270831190352,-1.8995521773218804,1.6791254526106865,0.8369622308569841,-0.2787848019463761,-0.35232972795107964,1.5303121657301522,-1.0852627657914886,-1.097556802939968,-2.2410361277878104,0.30309142568239106,1.766974713357016,1.4101536994115342,1.6901863993420951,-1.66844628371785,-3.1185637045974692,-0.07150675433025971,-0.29102217953127785,-2.468022185728434,-2.209678430291211,0.5595790499900356,-0.4106524460931102,-1.1650189015083812,-2.414348030627518,0.48596529667899124,-1.7389824383905492,-0.130119524374894,-0.673523220388486,1.036760224464647,-1.5078116966889867,-2.38030231596883,1.7315177337150025,-0.4158392307493001,1.197024085641991,-2.6359819441903043,-1.5029172256508878,-0.62341844668839,-1.7763310825202934,-2.1838903735046222,2.5438394435997687,-1.115223010031041,-1.6939649215478008,3.106131119206164,0.5461515206340716,0.8305627840175557,-0.2820627484522819,1.4527155113088093,1.8397980495908186,-0.79069820211579,1.3183284360356766,-2.0791958202943137,-0.05596644222363596,-0.5543298899183197,0.5039581261403177,-2.12557653857707,-0.5140396887876956,-1.2005417486665866,0.6160799490103331,0.8500832562407705,-1.7105345194567676,-0.573799697463271,-0.45887724737028646,-0.42630540311469145,0.28243380563304055,-0.33833115597464386,-0.5953100586126833,-1.874630652437709,-1.5670740907654928,0.6620831833619711,0.7959972645297522,-0.66012443648237,3.3983162667910882,-0.5593194951991675,-0.049495828510796855,-1.815687655577179,0.04898795334449846,-1.9244571187924735,2.342469956025628,-0.5267219926347473,-0.8791652150709732,-0.7788196078283778,-0.690777679366964,-0.6739376972334357
3;107;57213.92562365532;3877;5342;0.047412;0.372919;0.053087/0.048803/0.04952/0.055179/0.077804/0.067019/0.051518/0.088552/0.074803/0.136727/0.083971/0.09831/0.060543/0.049126/0.05182/0.079528/0.053686/0.073662/0.104357/0.049769/0.055292/0.060794/0.059828/0.080378/0.058825/0.06107/0.06245/0.06275/0.060489/0.049707/0.133584/0.057005/0.051755/0.0732/0.131105/0.081623/0.09437/0.098791/0.054528/0.060243/0.090501/0.134462/0.054506/0.055342/0.056518/0.081956/0.061979/0.084655/0.079567/0.059445/0.05097/0.051158/0.060583/0.082967/0.053388/0.075432/0.084309/0.052768/0.077479/0.051033/0.056304/0.054902/0.050478/0.078437/0.068483/0.060286/0.113741/0.12735/0.058661/0.051716/0.060164/0.050985/0.074307/0.051746/0.076651/0.058613/0.075266/0.051352/0.057443/0.057796/0.123068/0.051019/0.056909/0.065789/0.099093/0.050579/0.057047/0.059733/0.144366/0.061308/0.04891/0.085497/0.079944/0.050373/0.050276/0.075787/0.051132/0.050267/0.07983/0.047412;0.165537/0.0/0.0/0.036223/0.388812/0.383887/0.144088/0.415109/0.325298/0.580559/0.376113/0.652556/0.023409/0.0/0.0/0.341793/0.023476/0.347731/0.431652/0.0/0.294564/0.044198/0.227244/0.390189/0.312924/0.118613/0.328826/0.247851/0.016361/0.006445/0.441052/0.011322/0.435754/0.504203/0.418006/0.408386/0.42012/0.509912/0.000143/0.342721/0.60153/0.516988/0.583256/9.6e-05/0.005374/0.422252/0.294124/0.397648/0.361301/0.011781/0.226153/0.212795/0.268907/0.506995/0.005766/0.870447/0.403529/1e-05/0.36525/0.036185/0.345551/6.7e-05/0.03868/0.364399/0.280928/0.37312/0.4177/0.709778/0.103246/0.007813/0.0107/0.0/0.355678/0.480296/0.431967/0.389558/0.355104/0.036997/0.0048/0.116644/0.575989/0.394243/0.001779/0.558212/0.428477/0.000593/0.003251/0.109414/0.423246/0.337758/4.8e-05/0.41552/0.594109/0.024442/0.0/0.545694/0.067263/0.149309/0.296983/0.372919;0.075432/0.054506/0.051746/0.051019/0.047412;0.870447/0.583256/0.480296/0.394243/0.372919;3.962348258312918,0.8339885646398719,-1.007793362480925,-0.2184625022447242,1.5379335089084878,-1.2219682106178884,2.086643429391695,0.3990205524591274,0.7373856257481506,1.0031905822232812,-0.9170014086173379,-0.33301527269660747,-0.06658958552078464,-0.7441993918064447,-1.7580419581499847,-1.0709039252833055,-0.13633235006261368,1.0671874518563818,1.416036010040315,-0.6764373579911961,-0.2528779273230124,1.3864902327515567,0.7124389429934609,-0.9134811966593819,0.3126317086033736,-1.9008880944614903,-2.1061867267013232,1.5131046708525724,-2.3973883765155226,-2.3075623322269703,-1.0309901352510602,-1.3807585547892005,-0.7927658302926817,1.8324112437069218,-2.0212897106163914,0.331815038322927,-0.736575562543405,1.6872952076183398,0.03438295917628417,0.5946222219955912,0.11178981004178723,0.692489770862007,-0.09038918989431771,-0.606886238434369,-0.46209764504059364,-0.42221745297613755,0.5063538220682972,1.5681129390097743,0.013499993124852089,0.34068565460125017,-0.8915367697414908,0.1786107731238437,-1.2846452336563858,0.5293864074800793,-2.5468149827751407,-0.7824093689987637,0.8329464259317579,1.7082185787293795,-2.476167995979677,1.041681924654354,0.08063287253346466,-2.0299094422822788,-0.939714893149719,-0.18914089737186826,0.9099712287743175,2.1049416198062456,0.5903387781059164,0.18602790852412465,0.0854971117344111,0.12282087252184085,1.7418879508129845,3.3859857531984097,1.6983552639033075,-0.10154510393714372,-3.3244806189269824,0.7687531498359867,-1.6848216935513642,1.143928385066737,0.3263817179705776,-0.9152986357626633,0.5772500589811952,2.931823907634211,-1.7857715708612139,-1.1335627355323095,-2.2465359582079905,-1.2191013640188155,1.5003515610029745,2.584722186912842,0.3017153957988893,-0.8587770921200077,-0.7945476213599855,0.39132328602899025,-0.5205334053213101,-2.159059439545565,-2.2765947275779777,1.2067226317256237,-0.5804265724323426,-0.33935830296672576,-1.7946001234243,0.0030900835754571615,-0.026472235899217628,-0.2821399339197717,-0.6410193333275724,1.3417567746953152,-0.9309624072823499,-1.6260781611314261,-0.6820815803750979,-1.7174767748909223,0.06401366616456539,-1.1495324016863508,-0.9163725745183509,0.9392985001092633,-3.9513778266017074,-2.8201124160381625,0.23506350229761397,1.1387226370327865,-3.1016708053935154,3.298505927969922,0.7766160888724718,0.10264872521571566,-0.20715516305068077,-1.273809416597154,-0.6002019478551751,1.4031579019546652,1.9029536816220445,-1.6360852959255465,-0.376977191392729,-0.5109650585774372,0.17302844324286124,-2.2171353285480344,0.7725678136485881,-0.33906538130969455,0.39022272738644076,1.4188424724732354,0.127492568140596,-0.5553945032705838,-1.945879927611846,-0.27144054610888757,0.5726981221854851,-1.30328968050792,-0.23133929678812926,-1.2075304087812415,-0.4070849449662902,0.6211555251563001,0.9006091058868869,0.371954948120803,2.9572989873489886,0.2463547675475711,0.36937298007688835,-1.4189899371993233,-0.007316571290008678,-0.015807857067996922,0.1535014596130742,-0.08618296526915417,-2.404695951179009,-1.9490406263211573,-0.8489746980400449,-1.625848979449617;3.4808065776743202,0.8723372919804471,-0.4293885430846588,1.6128651979442328,0.8318245037690412,-1.2453068219403038,2.0560628672339445,-0.4866284179142582,-0.7133791044129464,0.8010172661180419,1.4424108573847378,-0.6103551075070955,-0.33607871592092176,-0.5521695245585503,-2.7977532815928297,-0.9489672034263006,-2.1090291179007346,1.3862290758476772,1.532797521543101,0.12739393906015883,-1.3017290374098225,0.9413449165405718,2.1919640940881613,-0.9988376871432829,-0.9115548171311805,-0.8819451844821791,-0.8948716360537634,0.7359859480473583,-1.5282052389177028,-2.116501696541168,-0.10224040750268937,0.09096539428520323,-1.9511964654913818,0.9063667163114919,-0.3830722727934296,0.39087216407308617,-0.09551086209198983,0.07690072671678563,-2.144346315606136,0.7592810526736657,0.29987936221110745,0.6841510046985967,0.9757755996708546,-1.7063235568486457,-1.3183123260116705,0.2633782406049863,0.7085895783107468,0.5707101606332952,-0.28681229405074504,-1.1778461179397661,0.4937736947171985,0.9726388243685711,-1.0831866479660615,-0.2841487424073051,-1.7310396008811508,0.5148383782141979,2.1244127611160812,0.8191727403948448,-2.0575899096911034,1.652299783069465,-0.1742536578452664,-1.397142366975874,0.4386134895796823,0.5543735539674428,0.9206246507358162,1.739202297871384,1.984850583755654,-0.8791051450211873,-1.1353619629367668,-0.9865315127971894,0.4147591393272914,2.5052064922767885,0.9333584837796104,0.14839077568167225,-3.665872786919659,1.1595270831190352,-1.8995521773218804,1.6791254526106865,0.8369622308569841,-0.2787848019463761,-0.35232972795107964,1.5303121657301522,-1.0852627657914886,-1.097556802939968,-2.2410361277878104,0.30309142568239106,1.766974713357016,1.4101536994115342,1.6901863993420951,-1.66844628371785,-3.1185637045974692,-0.07150675433025971,-0.29102217953127785,-2.468022185728434,-2.209678430291211,0.5595790499900356,-0.4106524460931102,-1.1650189015083812,-2.414348030627518,0.48596529667899124,-1.7389824383905492,-0.130119524374894,-0.673523220388486,1.036760224464647,-1.5078116966889867,-2.38030231596883,1.7315177337150025,-0.4158392307493001,1.197024085641991,-2.6359819441903043,-1.5029172256508878,-0.62341844668839,-1.7763310825202934,-2.1838903735046222,2.5438394435997687,-1.115223010031041,-1.6939649215478008,3.106131119206164,0.5461515206340716,0.8305627840175557,-0.2820627484522819,1.4527155113088093,1.8397980495908186,-0.79069820211579,1.3183284360356766,-2.0791958202943137,-0.05596644222363596,-0.5543298899183197,0.5039581261403177,-2.12557653857707,-0.5140396887876956,-1.2005417486665866,0.6160799490103331,0.8500832562407705,-1.7105345194567676,-0.573799697463271,-0.45887724737028646,-0.42630540311469145,0.28243380563304055,-0.33833115597464386,-0.5953100586126833,-1.874630652437709,-1.5670740907654928,0.6620831833619711,0.7959972645297522,-0.66012443648237,3.3983162667910882,-0.5593194951991675,-0.049495828510796855,-1.815687655577179,0.04898795334449846,-1.9244571187924735,2.342469956025628,-0.5267219926347473,-0.8791652150709732,-0.7788196078283778,-0.690777679366964,-0.6739376972334357
3;108;57743.97560715675;3877;5342;0.047412;0.372919;0.053087/0.048803/0.04952/0.055179/0.077804/0.067019/0.051518/0.088552/0.074803/0.136727/0.083971/0.09831/0.060543/0.049126/0.05182/0.079528/0.053686/0.073662/0.104357/0.049769/0.055292/0.060794/0.059828/0.080378/0.058825/0.06107/0.06245/0.06275/0.060489/0.049707/0.133584/0.057005/0.051755/0.0732/0.131105/0.081623/0.09437/0.098791/0.054528/0.060243/0.090501/0.134462/0.054506/0.055342/0.056518/0.081956/0.061979/0.084655/0.079567/0.059445/0.05097/0.051158/0.060583/0.082967/0.053388/0.075432/0.084309/0.052768/0.077479/0.051033/0.056304/0.054902/0.050478/0.078437/0.068483/0.060286/0.113741/0.12735/0.058661/0.051716/0.050985/0.074307/0.051746/0.076651/0.058613/0.075266/0.051352/0.057443/0.057796/0.123068/0.051019/0.056909/0.065789/0.099093/0.050579/0.057047/0.059733/0.144366/0.061308/0.04891/0.085497/0.079944/0.050373/0.050276/0.075787/0.051132/0.050267/0.07983/0.047412/0.056818;0.165537/0.0/0.0/0.036223/0.388812/0.383887/0.144088/0.415109/0.325298/0.580559/0.376113/0.652556/0.023409/0.0/0.0/0.341793/0.023476/0.347731/0.431652/0.0/0.294564/0.044198/0.227244/0.390189/0.312924/0.118613/0.328826/0.247851/0.016361/0.006445/0.441052/0.011322/0.435754/0.504203/0.418006/0.408386/0.42012/0.509912/0.000143/0.342721/0.60153/0.516988/0.583256/9.6e-05/0.005374/0.422252/0.294124/0.397648/0.361301/0.011781/0.226153/0.212795/0.268907/0.506995/0.005766/0.870447/0.403529/1e-05/0.36525/0.036185/0.345551/6.7e-05/0.03868/0.364399/0.280928/0.37312/0.4177/0.709778/0.103246/0.007813/0.0/0.355678/0.480296/0.431967/0.389558/0.355104/0.036997/0.0048/0.116644/0.575989/0.394243/0.001779/0.558212/0.428477/0.000593/0.003251/0.109414/0.423246/0.337758/4.8e-05/0.41552/0.594109/0.024442/0.0/0.545694/0.067263/0.149309/0.296983/0.372919/0.326847;0.075432/0.054506/0.051746/0.051019/0.047412;0.870447/0.583256/0.480296/0.394243/0.372919;3.962348258312918,0.8339885646398719,-1.007793362480925,-0.2184625022447242,1.5379335089084878,-1.2219682106178884,2.086643429391695,0.3990205524591274,0.7373856257481506,1.0031905822232812,-0.9170014086173379,-0.33301527269660747,-0.06658958552078464,-0.7441993918064447,-1.7580419581499847,-1.0709039252833055,-0.13633235006261368,1.0671874518563818,1.416036010040315,-0.6764373579911961,-0.2528779273230124,1.3864902327515567,0.7124389429934609,-0.9134811966593819,0.3126317086033736,-1.9008880944614903,-2.1061867267013232,1.5131046708525724,-2.3973883765155226,-2.3075623322269703,-1.0309901352510602,-1.3807585547892005,-0.7927658302926817,1.8324112437069218,-2.0212897106163914,0.331815038322927,-0.736575562543405,1.6872952076183398,0.03438295917628417,0.5946222219955912,0.11178981004178723,0.692489770862007,-0.09038918989431771,-0.606886238434369,-0.46209764504059364,-0.42221745297613755,0.5063538220682972,1.5681129390097743,0.013499993124852089,0.34068565460125017,-0.8915367697414908,0.1786107731238437,-1.2846452336563858,0.5293864074800793,-2.5468149827751407,-0.7824093689987637,0.8329464259317579,1.7082185787293795,-2.476167995979677,1.041681924654354,0.08063287253346466,-2.0299094422822788,-0.939714893149719,-0.18914089737186826,0.9099712287743175,2.1049416198062456,0.5903387781059164,0.18602790852412465,0.0854971117344111,0.12282087252184085,1.7418879508129845,3.3859857531984097,1.6983552639033075,-0.10154510393714372,-3.3244806189269824,0.7687531498359867,-1.6848216935513642,1.143928385066737,0.3263817179705776,-0.9152986357626633,0.5772500589811952,2.931823907634211,-1.7857715708612139,-1.1335627355323095,-2.2465359582079905,-1.2191013640188155,1.5003515610029745,2.584722186912842,0.3017153957988893,-0.8587770921200077,-0.7945476213599855,0.39132328602899025,-0.5205334053213101,-2.159059439545565,-2.2765947275779777,1.2067226317256237,-0.5804265724323426,-0.33935830296672576,-1.7946001234243,0.0030900835754571615,-0.026472235899217628,-0.2821399339197717,-0.6410193333275724,1.3417567746953152,-0.9309624072823499,-1.6260781611314261,-0.6820815803750979,-1.7174767748909223,0.06401366616456539,-1.1495324016863508,-0.9163725745183509,0.9392985001092633,-3.9513778266017074,-2.8201124160381625,0.23506350229761397,1.1387226370327865,-3.1016708053935154,3.298505927969922,0.7766160888724718,0.10264872521571566,-0.20715516305068077,-1.273809416597154,-0.6002019478551751,1.4031579019546652,1.9029536816220445,-1.6360852959255465,-0.376977191392729,-0.5109650585774372,0.17302844324286124,-2.2171353285480344,0.7725678136485881,-0.33906538130969455,0.39022272738644076,1.4188424724732354,0.127492568140596,-0.5553945032705838,-1.945879927611846,-0.27144054610888757,0.5726981221854851,-1.30328968050792,-0.23133929678812926,-1.2075304087812415,-0.4070849449662902,0.6211555251563001,0.9006091058868869,0.371954948120803,2.9572989873489886,0.2463547675475711,0.36937298007688835,-1.4189899371993233,-0.007316571290008678,-0.015807857067996922,0.1535014596130742,-0.08618296526915417,-2.404695951179009,-1.9490406263211573,-0.8489746980400449,-1.625848979449617;3.4808065776743202,0.8723372919804471,-0.4293885430846588,1.6128651979442328,0.8318245037690412,-1.2453068219403038,2.0560628672339445,-0.4866284179142582,-0.7133791044129464,0.8010172661180419,1.4424108573847378,-0.6103551075070955,-0.33607871592092176,-0.5521695245585503,-2.7977532815928297,-0.9489672034263006,-2.1090291179007346,1.3862290758476772,1.532797521543101,0.12739393906015883,-1.3017290374098225,0.9413449165405718,2.1919640940881613,-0.9988376871432829,-0.9115548171311805,-0.8819451844821791,-0.8948716360537634,0.7359859480473583,-1.5282052389177028,-2.116501696541168,-0.10224040750268937,0.09096539428520323,-1.9511964654913818,0.9063667163114919,-0.3830722727934296,0.39087216407308617,-0.09551086209198983,0.07690072671678563,-2.144346315606136,0.7592810526736657,0.29987936221110745,0.6841510046985967,0.9757755996708546,-1.7063235568486457,-1.3183123260116705,0.2633782406049863,0.7085895783107468,0.5707101606332952,-0.28681229405074504,-1.1778461179397661,0.4937736947171985,0.9726388243685711,-1.0831866479660615,-0.2841487424073051,-1.7310396008811508,0.5148383782141979,2.1244127611160812,0.8191727403948448,-2.0575899096911034,1.652299783069465,-0.1742536578452664,-1.397142366975874,0.4386134895796823,0.5543735539674428,0.9206246507358162,1.739202297871384,1.984850583755654,-0.8791051450211873,-1.1353619629367668,-0.9865315127971894,0.4147591393272914,2.5052064922767885,0.9333584837796104,0.14839077568167225,-3.665872786919659,1.1595270831190352,-1.8995521773218804,1.6791254526106865,0.8369622308569841,-0.2787848019463761,-0.35232972795107964,1.5303121657301522,-1.0852627657914886,-1.097556802939968,-2.2410361277878104,0.30309142568239106,1.766974713357016,1.4101536994115342,1.6901863993420951,-1.66844628371785,-3.1185637045974692,-0.07150675433025971,-0.29102217953127785,-2.468022185728434,-2.209678430291211,0.5595790499900356,-0.4106524460931102,-1.1650189015083812,-2.414348030627518,0.48596529667899124,-1.7389824383905492,-0.130119524374894,-0.673523220388486,1.036760224464647,-1.5078116966889867,-2.38030231596883,1.7315177337150025,-0.4158392307493001,1.197024085641991,-2.6359819441903043,-1.5029172256508878,-0.62341844668839,-1.7763310825202934,-2.1838903735046222,2.5438394435997687,-1.115223010031041,-1.6939649215478008,3.106131119206164,0.5461515206340716,0.8305627840175557,-0.2820627484522819,1.4527155113088093,1.8397980495908186,-0.79069820211579,1.3183284360356766,-2.0791958202943137,-0.05596644222363596,-0.5543298899183197,0.5039581261403177,-2.12557653857707,-0.5140396887876956,-1.2005417486665866,0.6160799490103331,0.8500832562407705,-1.7105345194567676,-0.573799697463271,-0.45887724737028646,-0.42630540311469145,0.28243380563304055,-0.33833115597464386,-0.5953100586126833,-1.874630652437709,-1.5670740907654928,0.6620831833619711,0.7959972645297522,-0.66012443648237,3.3983162667910882,-0.5593194951991675,-0.049495828510796855,-1.815687655577179,0.04898795334449846,-1.9244571187924735,2.342469956025628,-0.5267219926347473,-0.8791652150709732,-0.7788196078283778,-0.690777679366964,-0.6739376972334357
3;109;58296.04422688484;3877;5342;0.047412;0.372919;0.053087/0.048803/0.04952/0.055179/0.077804/0.067019/0.051518/0.088552/0.074803/0.136727/0.083971/0.09831/0.060543/0.049126/0.05182/0.079528/0.053686/0.073662/0.104357/0.049769/0.055292/0.060794/0.059828/0.080378/0.058825/0.06107/0.06245/0.06275/0.060489/0.049707/0.133584/0.057005/0.051755/0.0732/0.131105/0.081623/0.09437/0.098791/0.054528/0.060243/0.090501/0.134462/0.054506/0.055342/0.056518/0.081956/0.061979/0.084655/0.079567/0.059445/0.05097/0.051158/0.060583/0.082967/0.053388/0.075432/0.084309/0.052768/0.077479/0.051033/0.056304/0.054902/0.050478/0.078437/0.068483/0.060286/0.113741/0.12735/0.058661/0.051716/0.050985/0.074307/0.051746/0.076651/0.058613/0.075266/0.051352/0.057796/0.123068/0.051019/0.056909/0.065789/0.099093/0.050579/0.059733/0.144366/0.061308/0.04891/0.085497/0.079944/0.050373/0.050276/0.075787/0.051132/0.050267/0.07983/0.047412/0.056818/0.052665/0.053368;0.165537/0.0/0.0/0.036223/0.388812/0.383887/0.144088/0.415109/0.325298/0.580559/0.376113/0.652556/0.023409/0.0/0.0/0.341793/0.023476/0.347731/0.431652/0.0/0.294564/0.044198/0.227244/0.390189/0.312924/0.118613/0.328826/0.247851/0.016361/0.006445/0.441052/0.011322/0.435754/0.504203/0.418006/0.408386/0.42012/0.509912/0.000143/0.342721/0.60153/0.516988/0.583256/9.6e-05/0.005374/0.422252/0.294124/0.397648/0.361301/0.011781/0.226153/0.212795/0.268907/0.506995/0.005766/0.870447/0.403529/1e-05/0.36525/0.036185/0.345551/6.7e-05/0.03868/0.364399/0.280928/0.37312/0.4177/0.709778/0.103246/0.007813/0.0/0.355678/0.480296/0.431967/0.389558/0.355104/0.036997/0.116644/0.575989/0.394243/0.001779/0.558212/0.428477/0.000593/0.109414/0.423246/0.337758/4.8e-05/0.41552/0.594109/0.024442/0.0/0.545694/0.067263/0.149309/0.296983/0.372919/0.326847/0.014583/0.238661;0.075432/0.054506/0.051746/0.051019/0.047412;0.870447/0.583256/0.480296/0.394243/0.372919;3.962348258312918,0.8339885646398719,-1.007793362480925,-0.2184625022447242,1.5379335089084878,-1.2219682106178884,2.086643429391695,0.3990205524591274,0.7373856257481506,1.0031905822232812,-0.9170014086173379,-0.33301527269660747,-0.06658958552078464,-0.7441993918064447,-1.7580419581499847,-1.0709039252833055,-0.13633235006261368,1.0671874518563818,1.416036010040315,-0.6764373579911961,-0.2528779273230124,1.3864902327515567,0.7124389429934609,-0.9134811966593819,0.3126317086033736,-1.9008880944614903,-2.1061867267013232,1.5131046708525724,-2.3973883765155226,-2.3075623322269703,-1.0309901352510602,-1.3807585547892005,-0.7927658302926817,1.8324112437069218,-2.0212897106163914,0.331815038322927,-0.736575562543405,1.6872952076183398,0.03438295917628417,0.5946222219955912,0.11178981004178723,0.692489770862007,-0.09038918989431771,-0.606886238434369,-0.46209764504059364,-0.42221745297613755,0.5063538220682972,1.5681129390097743,0.013499993124852089,0.34068565460125017,-0.8915367697414908,0.1786107731238437,-1.2846452336563858,0.5293864074800793,-2.5468149827751407,-0.7824093689987637,0.8329464259317579,1.7082185787293795,-2.476167995979677,1.041681924654354,0.08063287253346466,-2.0299094422822788,-0.939714893149719,-0.18914089737186826,0.9099712287743175,2.1049416198062456,0.5903387781059164,0.18602790852412465,0.0854971117344111,0.12282087252184085,1.7418879508129845,3.3859857531984097,1.6983552639033075,-0.10154510393714372,-3.3244806189269824,0.7687531498359867,-1.6848216935513642,1.143928385066737,0.3263817179705776,-0.9152986357626633,0.5772500589811952,2.931823907634211,-1.7857715708612139,-1.1335627355323095,-2.2465359582079905,-1.2191013640188155,1.5003515610029745,2.584722186912842,0.3017153957988893,-0.8587770921200077,-0.7945476213599855,0.39132328602899025,-0.5205334053213101,-2.159059439545565,-2.2765947275779777,1.2067226317256237,-0.5804265724323426,-0.33935830296672576,-1.7946001234243,0.0030900835754571615,-0.026472235899217628,-0.2821399339197717,-0.6410193333275724,1.3417567746953152,-0.9309624072823499,-1.6260781611314261,-0.6820815803750979,-1.7174767748909223,0.06401366616456539,-1.1495324016863508,-0.9163725745183509,0.9392985001092633,-3.9513778266017074,-2.8201124160381625,0.23506350229761397,1.1387226370327865,-3.1016708053935154,3.298505927969922,0.7766160888724718,0.10264872521571566,-0.20715516305068077,-1.273809416597154,-0.6002019478551751,1.4031579019546652,1.9029536816220445,-1.6360852959255465,-0.376977191392729,-0.5109650585774372,0.17302844324286124,-2.2171353285480344,0.7725678136485881,-0.33906538130969455,0.39022272738644076,1.4188424724732354,0.127492568140596,-0.5553945032705838,-1.945879927611846,-0.27144054610888757,0.5726981221854851,-1.30328968050792,-0.23133929678812926,-1.2075304087812415,-0.4070849449662902,0.6211555251563001,0.9006091058868869,0.371954948120803,2.9572989873489886,0.2463547675475711,0.36937298007688835,-1.4189899371993233,-0.007316571290008678,-0.015807857067996922,0.1535014596130742,-0.08618296526915417,-2.404695951179009,-1.9490406263211573,-0.8489746980400449,-1.625848979449617;3.4808065776743202,0.8723372919804471,-0.4293885430846588,1.6128651979442328,0.8318245037690412,-1.2453068219403038,2.0560628672339445,-0.4866284179142582,-0.7133791044129464,0.8010172661180419,1.4424108573847378,-0.6103551075070955,-0.33607871592092176,-0.5521695245585503,-2.7977532815928297,-0.9489672034263006,-2.1090291179007346,1.3862290758476772,1.532797521543101,0.12739393906015883,-1.3017290374098225,0.9413449165405718,2.1919640940881613,-0.9988376871432829,-0.9115548171311805,-0.8819451844821791,-0.8948716360537634,0.7359859480473583,-1.5282052389177028,-2.116501696541168,-0.10224040750268937,0.09096539428520323,-1.9511964654913818,0.9063667163114919,-0.3830722727934296,0.39087216407308617,-0.09551086209198983,0.07690072671678563,-2.144346315606136,0.7592810526736657,0.29987936221110745,0.6841510046985967,0.9757755996708546,-1.7063235568486457,-1.3183123260116705,0.2633782406049863,0.7085895783107468,0.5707101606332952,-0.28681229405074504,-1.1778461179397661,0.4937736947171985,0.9726388243685711,-1.0831866479660615,-0.2841487424073051,-1.7310396008811508,0.5148383782141979,2.1244127611160812,0.8191727403948448,-2.0575899096911034,1.652299783069465,-0.1742536578452664,-1.397142366975874,0.4386134895796823,0.5543735539674428,0.9206246507358162,1.739202297871384,1.984850583755654,-0.8791051450211873,-1.1353619629367668,-0.9865315127971894,0.4147591393272914,2.5052064922767885,0.9333584837796104,0.14839077568167225,-3.665872786919659,1.1595270831190352,-1.8995521773218804,1.6791254526106865,0.8369622308569841,-0.2787848019463761,-0.35232972795107964,1.5303121657301522,-1.0852627657914886,-1.097556802939968,-2.2410361277878104,0.30309142568239106,1.766974713357016,1.4101536994115342,1.6901863993420951,-1.66844628371785,-3.1185637045974692,-0.07150675433025971,-0.29102217953127785,-2.468022185728434,-2.209678430291211,0.5595790499900356,-0.4106524460931102,-1.1650189015083812,-2.414348030627518,0.48596529667899124,-1.7389824383905492,-0.130119524374894,-0.673523220388486,1.036760224464647,-1.5078116966889867,-2.38030231596883,1.7315177337150025,-0.4158392307493001,1.197024085641991,-2.6359819441903043,-1.5029172256508878,-0.62341844668839,-1.7763310825202934,-2.1838903735046222,2.5438394435997687,-1.115223010031041,-1.6939649215478008,3.106131119206164,0.5461515206340716,0.8305627840175557,-0.2820627484522819,1.4527155113088093,1.8397980495908186,-0.79069820211579,1.3183284360356766,-2.0791958202943137,-0.05596644222363596,-0.5543298899183197,0.5039581261403177,-2.12557653857707,-0.5140396887876956,-1.2005417486665866,0.6160799490103331,0.8500832562407705,-1.7105345194567676,-0.573799697463271,-0.45887724737028646,-0.42630540311469145,0.28243380563304055,-0.33833115597464386,-0.5953100586126833,-1.874630652437709,-1.5670740907654928,0.6620831833619711,0.7959972645297522,-0.66012443648237,3.3983162667910882,-0.5593194951991675,-0.049495828510796855,-1.815687655577179,0.04898795334449846,-1.9244571187924735,2.342469956025628,-0.5267219926347473,-0.8791652150709732,-0.7788196078283778,-0.690777679366964,-0.6739376972334357
3;110;58846.90946149826;3877;5342;0.047412;0.372919;0.053087/0.048803/0.04952/0.055179/0.077804/0.067019/0.051518/0.088552/0.074803/0.136727/0.083971/0.09831/0.060543/0.049126/0.05182/0.079528/0.053686/0.073662/0.104357/0.049769/0.055292/0.060794/0.059828/0.080378/0.058825/0.06107/0.06245/0.06275/0.060489/0.049707/0.133584/0.057005/0.051755/0.0732/0.131105/0.081623/0.09437/0.098791/0.054528/0.060243/0.090501/0.134462/0.054506/0.055342/0.056518/0.081956/0.061979/0.084655/0.079567/0.059445/0.05097/0.051158/0.060583/0.082967/0.053388/0.075432/0.084309/0.052768/0.077479/0.051033/0.056304/0.054902/0.050478/0.078437/0.068483/0.060286/0.113741/0.12735/0.058661/0.051716/0.050985/0.074307/0.051746/0.076651/0.058613/0.075266/0.051352/0.057796/0.123068/0.051019/0.065789/0.099093/0.050579/0.059733/0.144366/0.061308/0.04891/0.085497/0.079944/0.050373/0.050276/0.075787/0.051132/0.050267/0.047412/0.056818/0.052665/0.053368/0.074626/0.090025;0.165537/0.0/0.0/0.036223/0.388812/0.383887/0.144088/0.415109/0.325298/0.580559/0.376113/0.652556/0.023409/0.0/0.0/0.341793/0.023476/0.347731/0.431652/0.0/0.294564/0.044198/0.227244/0.390189/0.312924/0.118613/0.328826/0.247851/0.016361/0.006445/0.441052/0.011322/0.435754/0.504203/0.418006/0.408386/0.42012/0.509912/0.000143/0.342721/0.60153/0.516988/0.583256/9.6e-05/0.005374/0.422252/0.294124/0.397648/0.361301/0.011781/0.226153/0.212795/0.268907/0.506995/0.005766/0.870447/0.403529/1e-05/0.36525/0.036185/0.345551/6.7e-05/0.03868/0.364399/0.280928/0.37312/0.4177/0.709778/0.103246/0.007813/0.0/0.355678/0.480296/0.431967/0.389558/0.355104/0.036997/0.116644/0.575989/0.394243/0.558212/0.428477/0.000593/0.109414/0.423246/0.337758/4.8e-05/0.41552/0.594109/0.024442/0.0/0.545694/0.067263/0.149309/0.372919/0.326847/0.014583/0.238661/0.411246/0.420492;0.075432/0.054506/0.051746/0.051019/0.047412;0.870447/0.583256/0.480296/0.394243/0.372919;3.962348258312918,0.8339885646398719,-1.007793362480925,-0.2184625022447242,1.5379335089084878,-1.2219682106178884,2.086643429391695,0.3990205524591274,0.7373856257481506,1.0031905822232812,-0.9170014086173379,-0.33301527269660747,-0.06658958552078464,-0.7441993918064447,-1.7580419581499847,-1.0709039252833055,-0.13633235006261368,1.0671874518563818,1.416036010040315,-0.6764373579911961,-0.2528779273230124,1.3864902327515567,0.7124389429934609,-0.9134811966593819,0.3126317086033736,-1.9008880944614903,-2.1061867267013232,1.5131046708525724,-2.3973883765155226,-2.3075623322269703,-1.0309901352510602,-1.3807585547892005,-0.7927658302926817,1.8324112437069218,-2.0212897106163914,0.331815038322927,-0.736575562543405,1.6872952076183398,0.03438295917628417,0.5946222219955912,0.11178981004178723,0.692489770862007,-0.09038918989431771,-0.606886238434369,-0.46209764504059364,-0.42221745297613755,0.5063538220682972,1.5681129390097743,0.013499993124852089,0.34068565460125017,-0.8915367697414908,0.1786107731238437,-1.2846452336563858,0.5293864074800793,-2.5468149827751407,-0.7824093689987637,0.8329464259317579,1.7082185787293795,-2.476167995979677,1.041681924654354,0.08063287253346466,-2.0299094422822788,-0.939714893149719,-0.18914089737186826,0.9099712287743175,2.1049416198062456,0.5903387781059164,0.18602790852412465,0.0854971117344111,0.12282087252184085,1.7418879508129845,3.3859857531984097,1.6983552639033075,-0.10154510393714372,-3.3244806189269824,0.7687531498359867,-1.6848216935513642,1.143928385066737,0.3263817179705776,-0.9152986357626633,0.5772500589811952,2.931823907634211,-1.7857715708612139,-1.1335627355323095,-2.2465359582079905,-1.2191013640188155,1.5003515610029745,2.584722186912842,0.3017153957988893,-0.8587770921200077,-0.7945476213599855,0.39132328602899025,-0.5205334053213101,-2.159059439545565,-2.2765947275779777,1.2067226317256237,-0.5804265724323426,-0.33935830296672576,-1.7946001234243,0.0030900835754571615,-0.026472235899217628,-0.2821399339197717,-0.6410193333275724,1.3417567746953152,-0.9309624072823499,-1.6260781611314261,-0.6820815803750979,-1.7174767748909223,0.06401366616456539,-1.1495324016863508,-0.9163725745183509,0.9392985001092633,-3.9513778266017074,-2.8201124160381625,0.23506350229761397,1.1387226370327865,-3.1016708053935154,3.298505927969922,0.7766160888724718,0.10264872521571566,-0.20715516305068077,-1.273809416597154,-0.6002019478551751,1.4031579019546652,1.9029536816220445,-1.6360852959255465,-0.376977191392729,-0.5109650585774372,0.17302844324286124,-2.2171353285480344,0.7725678136485881,-0.33906538130969455,0.39022272738644076,1.4188424724732354,0.127492568140596,-0.5553945032705838,-1.945879927611846,-0.27144054610888757,0.5726981221854851,-1.30328968050792,-0.23133929678812926,-1.2075304087812415,-0.4070849449662902,0.6211555251563001,0.9006091058868869,0.371954948120803,2.9572989873489886,0.2463547675475711,0.36937298007688835,-1.4189899371993233,-0.007316571290008678,-0.015807857067996922,0.1535014596130742,-0.08618296526915417,-2.404695951179009,-1.9490406263211573,-0.8489746980400449,-1.625848979449617;3.4808065776743202,0.8723372919804471,-0.4293885430846588,1.6128651979442328,0.8318245037690412,-1.2453068219403038,2.0560628672339445,-0.4866284179142582,-0.7133791044129464,0.8010172661180419,1.4424108573847378,-0.6103551075070955,-0.33607871592092176,-0.5521695245585503,-2.7977532815928297,-0.9489672034263006,-2.1090291179007346,1.3862290758476772,1.532797521543101,0.12739393906015883,-1.3017290374098225,0.9413449165405718,2.1919640940881613,-0.9988376871432829,-0.9115548171311805,-0.8819451844821791,-0.8948716360537634,0.7359859480473583,-1.5282052389177028,-2.116501696541168,-0.10224040750268937,0.09096539428520323,-1.9511964654913818,0.9063667163114919,-0.3830722727934296,0.39087216407308617,-0.09551086209198983,0.07690072671678563,-2.144346315606136,0.7592810526736657,0.29987936221110745,0.6841510046985967,0.9757755996708546,-1.7063235568486457,-1.3183123260116705,0.2633782406049863,0.7085895783107468,0.5707101606332952,-0.28681229405074504,-1.1778461179397661,0.4937736947171985,0.9726388243685711,-1.0831866479660615,-0.2841487424073051,-1.7310396008811508,0.5148383782141979,2.1244127611160812,0.8191727403948448,-2.0575899096911034,1.652299783069465,-0.1742536578452664,-1.397142366975874,0.4386134895796823,0.5543735539674428,0.9206246507358162,1.739202297871384,1.984850583755654,-0.8791051450211873,-1.1353619629367668,-0.9865315127971894,0.4147591393272914,2.5052064922767885,0.9333584837796104,0.14839077568167225,-3.665872786919659,1.1595270831190352,-1.8995521773218804,1.6791254526106865,0.8369622308569841,-0.2787848019463761,-0.35232972795107964,1.5303121657301522,-1.0852627657914886,-1.097556802939968,-2.2410361277878104,0.30309142568239106,1.766974713357016,1.4101536994115342,1.6901863993420951,-1.66844628371785,-3.1185637045974692,-0.07150675433025971,-0.29102217953127785,-2.468022185728434,-2.209678430291211,0.5595790499900356,-0.4106524460931102,-1.1650189015083812,-2.414348030627518,0.48596529667899124,-1.7389824383905492,-0.130119524374894,-0.673523220388486,1.036760224464647,-1.5078116966889867,-2.38030231596883,1.7315177337150025,-0.4158392307493001,1.197024085641991,-2.6359819441903043,-1.5029172256508878,-0.62341844668839,-1.7763310825202934,-2.1838903735046222,2.5438394435997687,-1.115223010031041,-1.6939649215478008,3.106131119206164,0.5461515206340716,0.8305627840175557,-0.2820627484522819,1.4527155113088093,1.8397980495908186,-0.79069820211579,1.3183284360356766,-2.0791958202943137,-0.05596644222363596,-0.5543298899183197,0.5039581261403177,-2.12557653857707,-0.5140396887876956,-1.2005417486665866,0.6160799490103331,0.8500832562407705,-1.7105345194567676,-0.573799697463271,-0.45887724737028646,-0.42630540311469145,0.28243380563304055,-0.33833115597464386,-0.5953100586126833,-1.874630652437709,-1.5670740907654928,0.6620831833619711,0.7959972645297522,-0.66012443648237,3.3983162667910882,-0.5593194951991675,-0.049495828510796855,-1.815687655577179,0.04898795334449846,-1.9244571187924735,2.342469956025628,-0.5267219926347473,-0.8791652150709732,-0.7788196078283778,-0.690777679366964,-0.6739376972334357
3;111;59382.28033065796;3877;5342;0.047412;0.372919;0.053087/0.048803/0.04952/0.055179/0.077804/0.067019/0.051518/0.088552/0.074803/0.136727/0.083971/0.09831/0.060543/0.049126/0.05182/0.053686/0.073662/0.104357/0.049769/0.055292/0.060794/0.059828/0.080378/0.058825/0.06107/0.06245/0.06275/0.060489/0.049707/0.133584/0.057005/0.051755/0.0732/0.131105/0.081623/0.09437/0.098791/0.054528/0.060243/0.090501/0.134462/0.054506/0.056518/0.081956/0.061979/0.084655/0.059445/0.05097/0.051158/0.060583/0.082967/0.053388/0.075432/0.084309/0.052768/0.077479/0.051033/0.056304/0.054902/0.050478/0.078437/0.068483/0.060286/0.12735/0.058661/0.051716/0.050985/0.074307/0.051746/0.076651/0.058613/0.075266/0.051352/0.057796/0.123068/0.051019/0.065789/0.099093/0.050579/0.059733/0.144366/0.061308/0.04891/0.085497/0.079944/0.050373/0.050276/0.075787/0.051132/0.050267/0.047412/0.056818/0.052665/0.053368/0.074626/0.090025/0.077382/0.056345/0.102207/0.055151;0.165537/0.0/0.0/0.036223/0.388812/0.383887/0.144088/0.415109/0.325298/0.580559/0.376113/0.652556/0.023409/0.0/0.0/0.023476/0.347731/0.431652/0.0/0.294564/0.044198/0.227244/0.390189/0.312924/0.118613/0.328826/0.247851/0.016361/0.006445/0.441052/0.011322/0.435754/0.504203/0.418006/0.408386/0.42012/0.509912/0.000143/0.342721/0.60153/0.516988/0.583256/0.005374/0.422252/0.294124/0.397648/0.011781/0.226153/0.212795/0.268907/0.506995/0.005766/0.870447/0.403529/1e-05/0.36525/0.036185/0.345551/6.7e-05/0.03868/0.364399/0.280928/0.37312/0.709778/0.103246/0.007813/0.0/0.355678/0.480296/0.431967/0.389558/0.355104/0.036997/0.116644/0.575989/0.394243/0.558212/0.428477/0.000593/0.109414/0.423246/0.337758/4.8e-05/0.41552/0.594109/0.024442/0.0/0.545694/0.067263/0.149309/0.372919/0.326847/0.014583/0.238661/0.411246/0.420492/0.385752/0.025541/0.514062/0.001826;0.075432/0.054506/0.051746/0.051019/0.047412;0.870447/0.583256/0.480296/0.394243/0.372919;3.962348258312918,0.8339885646398719,-1.007793362480925,-0.2184625022447242,1.5379335089084878,-1.2219682106178884,2.086643429391695,0.3990205524591274,0.7373856257481506,1.0031905822232812,-0.9170014086173379,-0.33301527269660747,-0.06658958552078464,-0.7441993918064447,-1.7580419581499847,-1.0709039252833055,-0.13633235006261368,1.0671874518563818,1.416036010040315,-0.6764373579911961,-0.2528779273230124,1.3864902327515567,0.7124389429934609,-0.9134811966593819,0.3126317086033736,-1.9008880944614903,-2.1061867267013232,1.5131046708525724,-2.3973883765155226,-2.3075623322269703,-1.0309901352510602,-1.3807585547892005,-0.7927658302926817,1.8324112437069218,-2.0212897106163914,0.331815038322927,-0.736575562543405,1.6872952076183398,0.03438295917628417,0.5946222219955912,0.11178981004178723,0.692489770862007,-0.09038918989431771,-0.606886238434369,-0.46209764504059364,-0.42221745297613755,0.5063538220682972,1.5681129390097743,0.013499993124852089,0.34068565460125017,-0.8915367697414908,0.1786107731238437,-1.2846452336563858,0.5293864074800793,-2.5468149827751407,-0.7824093689987637,0.8329464259317579,1.7082185787293795,-2.476167995979677,1.041681924654354,0.08063287253346466,-2.0299094422822788,-0.939714893149719,-0.18914089737186826,0.9099712287743175,2.1049416198062456,0.5903387781059164,0.18602790852412465,0.0854971117344111,0.12282087252184085,1.7418879508129845,3.3859857531984097,1.6983552639033075,-0.10154510393714372,-3.3244806189269824,0.7687531498359867,-1.6848216935513642,1.143928385066737,0.3263817179705776,-0.9152986357626633,0.5772500589811952,2.931823907634211,-1.7857715708612139,-1.1335627355323095,-2.2465359582079905,-1.2191013640188155,1.5003515610029745,2.584722186912842,0.3017153957988893,-0.8587770921200077,-0.7945476213599855,0.39132328602899025,-0.5205334053213101,-2.159059439545565,-2.2765947275779777,1.2067226317256237,-0.5804265724323426,-0.33935830296672576,-1.7946001234243,0.0030900835754571615,-0.026472235899217628,-0.2821399339197717,-0.6410193333275724,1.3417567746953152,-0.9309624072823499,-1.6260781611314261,-0.6820815803750979,-1.7174767748909223,0.06401366616456539,-1.1495324016863508,-0.9163725745183509,0.9392985001092633,-3.9513778266017074,-2.8201124160381625,0.23506350229761397,1.1387226370327865,-3.1016708053935154,3.298505927969922,0.7766160888724718,0.10264872521571566,-0.20715516305068077,-1.273809416597154,-0.6002019478551751,1.4031579019546652,1.9029536816220445,-1.6360852959255465,-0.376977191392729,-0.5109650585774372,0.17302844324286124,-2.2171353285480344,0.7725678136485881,-0.33906538130969455,0.39022272738644076,1.4188424724732354,0.127492568140596,-0.5553945032705838,-1.945879927611846,-0.27144054610888757,0.5726981221854851,-1.30328968050792,-0.23133929678812926,-1.2075304087812415,-0.4070849449662902,0.6211555251563001,0.9006091058868869,0.371954948120803,2.9572989873489886,0.2463547675475711,0.36937298007688835,-1.4189899371993233,-0.007316571290008678,-0.015807857067996922,0.1535014596130742,-0.08618296526915417,-2.404695951179009,-1.9490406263211573,-0.8489746980400449,-1.625848979449617;3.4808065776743202,0.8723372919804471,-0.4293885430846588,1.6128651979442328,0.8318245037690412,-1.2453068219403038,2.0560628672339445,-0.4866284179142582,-0.7133791044129464,0.8010172661180419,1.4424108573847378,-0.6103551075070955,-0.33607871592092176,-0.5521695245585503,-2.7977532815928297,-0.9489672034263006,-2.1090291179007346,1.3862290758476772,1.532797521543101,0.12739393906015883,-1.3017290374098225,0.9413449165405718,2.1919640940881613,-0.9988376871432829,-0.9115548171311805,-0.8819451844821791,-0.8948716360537634,0.7359859480473583,-1.5282052389177028,-2.116501696541168,-0.10224040750268937,0.09096539428520323,-1.9511964654913818,0.9063667163114919,-0.3830722727934296,0.39087216407308617,-0.09551086209198983,0.07690072671678563,-2.144346315606136,0.7592810526736657,0.29987936221110745,0.6841510046985967,0.9757755996708546,-1.7063235568486457,-1.3183123260116705,0.2633782406049863,0.7085895783107468,0.5707101606332952,-0.28681229405074504,-1.1778461179397661,0.4937736947171985,0.9726388243685711,-1.0831866479660615,-0.2841487424073051,-1.7310396008811508,0.5148383782141979,2.1244127611160812,0.8191727403948448,-2.0575899096911034,1.652299783069465,-0.1742536578452664,-1.397142366975874,0.4386134895796823,0.5543735539674428,0.9206246507358162,1.739202297871384,1.984850583755654,-0.8791051450211873,-1.1353619629367668,-0.9865315127971894,0.4147591393272914,2.5052064922767885,0.9333584837796104,0.14839077568167225,-3.665872786919659,1.1595270831190352,-1.8995521773218804,1.6791254526106865,0.8369622308569841,-0.2787848019463761,-0.35232972795107964,1.5303121657301522,-1.0852627657914886,-1.097556802939968,-2.2410361277878104,0.30309142568239106,1.766974713357016,1.4101536994115342,1.6901863993420951,-1.66844628371785,-3.1185637045974692,-0.07150675433025971,-0.29102217953127785,-2.468022185728434,-2.209678430291211,0.5595790499900356,-0.4106524460931102,-1.1650189015083812,-2.414348030627518,0.48596529667899124,-1.7389824383905492,-0.130119524374894,-0.673523220388486,1.036760224464647,-1.5078116966889867,-2.38030231596883,1.7315177337150025,-0.4158392307493001,1.197024085641991,-2.6359819441903043,-1.5029172256508878,-0.62341844668839,-1.7763310825202934,-2.1838903735046222,2.5438394435997687,-1.115223010031041,-1.6939649215478008,3.106131119206164,0.5461515206340716,0.8305627840175557,-0.2820627484522819,1.4527155113088093,1.8397980495908186,-0.79069820211579,1.3183284360356766,-2.0791958202943137,-0.05596644222363596,-0.5543298899183197,0.5039581261403177,-2.12557653857707,-0.5140396887876956,-1.2005417486665866,0.6160799490103331,0.8500832562407705,-1.7105345194567676,-0.573799697463271,-0.45887724737028646,-0.42630540311469145,0.28243380563304055,-0.33833115597464386,-0.5953100586126833,-1.874630652437709,-1.5670740907654928,0.6620831833619711,0.7959972645297522,-0.66012443648237,3.3983162667910882,-0.5593194951991675,-0.049495828510796855,-1.815687655577179,0.04898795334449846,-1.9244571187924735,2.342469956025628,-0.5267219926347473,-0.8791652150709732,-0.7788196078283778,-0.690777679366964,-0.6739376972334357
3;112;59930.50988936424;3877;5342;0.047412;0.372919;0.053087/0.048803/0.04952/0.055179/0.077804/0.067019/0.051518/0.088552/0.074803/0.136727/0.083971/0.09831/0.060543/0.049126/0.053686/0.073662/0.104357/0.049769/0.055292/0.060794/0.059828/0.080378/0.058825/0.06107/0.06245/0.06275/0.060489/0.049707/0.133584/0.057005/0.051755/0.0732/0.081623/0.09437/0.098791/0.054528/0.060243/0.090501/0.134462/0.054506/0.056518/0.081956/0.061979/0.084655/0.059445/0.05097/0.051158/0.060583/0.082967/0.053388/0.075432/0.084309/0.052768/0.077479/0.051033/0.056304/0.050478/0.078437/0.068483/0.060286/0.12735/0.058661/0.051716/0.050985/0.074307/0.051746/0.076651/0.058613/0.075266/0.051352/0.057796/0.123068/0.051019/0.065789/0.099093/0.050579/0.059733/0.144366/0.061308/0.04891/0.085497/0.079944/0.050373/0.050276/0.075787/0.051132/0.050267/0.047412/0.056818/0.052665/0.053368/0.074626/0.090025/0.077382/0.056345/0.102207/0.055151/0.050769/0.054012/0.050133;0.165537/0.0/0.0/0.036223/0.388812/0.383887/0.144088/0.415109/0.325298/0.580559/0.376113/0.652556/0.023409/0.0/0.023476/0.347731/0.431652/0.0/0.294564/0.044198/0.227244/0.390189/0.312924/0.118613/0.328826/0.247851/0.016361/0.006445/0.441052/0.011322/0.435754/0.504203/0.408386/0.42012/0.509912/0.000143/0.342721/0.60153/0.516988/0.583256/0.005374/0.422252/0.294124/0.397648/0.011781/0.226153/0.212795/0.268907/0.506995/0.005766/0.870447/0.403529/1e-05/0.36525/0.036185/0.345551/0.03868/0.364399/0.280928/0.37312/0.709778/0.103246/0.007813/0.0/0.355678/0.480296/0.431967/0.389558/0.355104/0.036997/0.116644/0.575989/0.394243/0.558212/0.428477/0.000593/0.109414/0.423246/0.337758/4.8e-05/0.41552/0.594109/0.024442/0.0/0.545694/0.067263/0.149309/0.372919/0.326847/0.014583/0.238661/0.411246/0.420492/0.385752/0.025541/0.514062/0.001826/0.0/0.179173/0.054;0.075432/0.054506/0.051746/0.051019/0.047412;0.870447/0.583256/0.480296/0.394243/0.372919;3.962348258312918,0.8339885646398719,-1.007793362480925,-0.2184625022447242,1.5379335089084878,-1.2219682106178884,2.086643429391695,0.3990205524591274,0.7373856257481506,1.0031905822232812,-0.9170014086173379,-0.33301527269660747,-0.06658958552078464,-0.7441993918064447,-1.7580419581499847,-1.0709039252833055,-0.13633235006261368,1.0671874518563818,1.416036010040315,-0.6764373579911961,-0.2528779273230124,1.3864902327515567,0.7124389429934609,-0.9134811966593819,0.3126317086033736,-1.9008880944614903,-2.1061867267013232,1.5131046708525724,-2.3973883765155226,-2.3075623322269703,-1.0309901352510602,-1.3807585547892005,-0.7927658302926817,1.8324112437069218,-2.0212897106163914,0.331815038322927,-0.736575562543405,1.6872952076183398,0.03438295917628417,0.5946222219955912,0.11178981004178723,0.692489770862007,-0.09038918989431771,-0.606886238434369,-0.46209764504059364,-0.42221745297613755,0.5063538220682972,1.5681129390097743,0.013499993124852089,0.34068565460125017,-0.8915367697414908,0.1786107731238437,-1.2846452336563858,0.5293864074800793,-2.5468149827751407,-0.7824093689987637,0.8329464259317579,1.7082185787293795,-2.476167995979677,1.041681924654354,0.08063287253346466,-2.0299094422822788,-0.939714893149719,-0.18914089737186826,0.9099712287743175,2.1049416198062456,0.5903387781059164,0.18602790852412465,0.0854971117344111,0.12282087252184085,1.7418879508129845,3.3859857531984097,1.6983552639033075,-0.10154510393714372,-3.3244806189269824,0.7687531498359867,-1.6848216935513642,1.143928385066737,0.3263817179705776,-0.9152986357626633,0.5772500589811952,2.931823907634211,-1.7857715708612139,-1.1335627355323095,-2.2465359582079905,-1.2191013640188155,1.5003515610029745,2.584722186912842,0.3017153957988893,-0.8587770921200077,-0.7945476213599855,0.39132328602899025,-0.5205334053213101,-2.159059439545565,-2.2765947275779777,1.2067226317256237,-0.5804265724323426,-0.33935830296672576,-1.7946001234243,0.0030900835754571615,-0.026472235899217628,-0.2821399339197717,-0.6410193333275724,1.3417567746953152,-0.9309624072823499,-1.6260781611314261,-0.6820815803750979,-1.7174767748909223,0.06401366616456539,-1.1495324016863508,-0.9163725745183509,0.9392985001092633,-3.9513778266017074,-2.8201124160381625,0.23506350229761397,1.1387226370327865,-3.1016708053935154,3.298505927969922,0.7766160888724718,0.10264872521571566,-0.20715516305068077,-1.273809416597154,-0.6002019478551751,1.4031579019546652,1.9029536816220445,-1.6360852959255465,-0.376977191392729,-0.5109650585774372,0.17302844324286124,-2.2171353285480344,0.7725678136485881,-0.33906538130969455,0.39022272738644076,1.4188424724732354,0.127492568140596,-0.5553945032705838,-1.945879927611846,-0.27144054610888757,0.5726981221854851,-1.30328968050792,-0.23133929678812926,-1.2075304087812415,-0.4070849449662902,0.6211555251563001,0.9006091058868869,0.371954948120803,2.9572989873489886,0.2463547675475711,0.36937298007688835,-1.4189899371993233,-0.007316571290008678,-0.015807857067996922,0.1535014596130742,-0.08618296526915417,-2.404695951179009,-1.9490406263211573,-0.8489746980400449,-1.625848979449617;3.4808065776743202,0.8723372919804471,-0.4293885430846588,1.6128651979442328,0.8318245037690412,-1.2453068219403038,2.0560628672339445,-0.4866284179142582,-0.7133791044129464,0.8010172661180419,1.4424108573847378,-0.6103551075070955,-0.33607871592092176,-0.5521695245585503,-2.7977532815928297,-0.9489672034263006,-2.1090291179007346,1.3862290758476772,1.532797521543101,0.12739393906015883,-1.3017290374098225,0.9413449165405718,2.1919640940881613,-0.9988376871432829,-0.9115548171311805,-0.8819451844821791,-0.8948716360537634,0.7359859480473583,-1.5282052389177028,-2.116501696541168,-0.10224040750268937,0.09096539428520323,-1.9511964654913818,0.9063667163114919,-0.3830722727934296,0.39087216407308617,-0.09551086209198983,0.07690072671678563,-2.144346315606136,0.7592810526736657,0.29987936221110745,0.6841510046985967,0.9757755996708546,-1.7063235568486457,-1.3183123260116705,0.2633782406049863,0.7085895783107468,0.5707101606332952,-0.28681229405074504,-1.1778461179397661,0.4937736947171985,0.9726388243685711,-1.0831866479660615,-0.2841487424073051,-1.7310396008811508,0.5148383782141979,2.1244127611160812,0.8191727403948448,-2.0575899096911034,1.652299783069465,-0.1742536578452664,-1.397142366975874,0.4386134895796823,0.5543735539674428,0.9206246507358162,1.739202297871384,1.984850583755654,-0.8791051450211873,-1.1353619629367668,-0.9865315127971894,0.4147591393272914,2.5052064922767885,0.9333584837796104,0.14839077568167225,-3.665872786919659,1.1595270831190352,-1.8995521773218804,1.6791254526106865,0.8369622308569841,-0.2787848019463761,-0.35232972795107964,1.5303121657301522,-1.0852627657914886,-1.097556802939968,-2.2410361277878104,0.30309142568239106,1.766974713357016,1.4101536994115342,1.6901863993420951,-1.66844628371785,-3.1185637045974692,-0.07150675433025971,-0.29102217953127785,-2.468022185728434,-2.209678430291211,0.5595790499900356,-0.4106524460931102,-1.1650189015083812,-2.414348030627518,0.48596529667899124,-1.7389824383905492,-0.130119524374894,-0.673523220388486,1.036760224464647,-1.5078116966889867,-2.38030231596883,1.7315177337150025,-0.4158392307493001,1.197024085641991,-2.6359819441903043,-1.5029172256508878,-0.62341844668839,-1.7763310825202934,-2.1838903735046222,2.5438394435997687,-1.115223010031041,-1.6939649215478008,3.106131119206164,0.5461515206340716,0.8305627840175557,-0.2820627484522819,1.4527155113088093,1.8397980495908186,-0.79069820211579,1.3183284360356766,-2.0791958202943137,-0.05596644222363596,-0.5543298899183197,0.5039581261403177,-2.12557653857707,-0.5140396887876956,-1.2005417486665866,0.6160799490103331,0.8500832562407705,-1.7105345194567676,-0.573799697463271,-0.45887724737028646,-0.42630540311469145,0.28243380563304055,-0.33833115597464386,-0.5953100586126833,-1.874630652437709,-1.5670740907654928,0.6620831833619711,0.7959972645297522,-0.66012443648237,3.3983162667910882,-0.5593194951991675,-0.049495828510796855,-1.815687655577179,0.04898795334449846,-1.9244571187924735,2.342469956025628,-0.5267219926347473,-0.8791652150709732,-0.7788196078283778,-0.690777679366964,-0.6739376972334357
3;113;60482.53588104248;3877;5342;0.047412;0.372919;0.053087/0.048803/0.04952/0.055179/0.077804/0.067019/0.051518/0.088552/0.074803/0.136727/0.083971/0.09831/0.060543/0.049126/0.053686/0.073662/0.104357/0.049769/0.055292/0.059828/0.080378/0.058825/0.06245/0.060489/0.049707/0.133584/0.057005/0.051755/0.0732/0.081623/0.09437/0.098791/0.054528/0.060243/0.090501/0.134462/0.054506/0.056518/0.081956/0.061979/0.084655/0.059445/0.05097/0.051158/0.060583/0.082967/0.053388/0.075432/0.084309/0.052768/0.077479/0.051033/0.056304/0.050478/0.078437/0.068483/0.060286/0.12735/0.058661/0.051716/0.074307/0.051746/0.076651/0.058613/0.075266/0.051352/0.057796/0.123068/0.051019/0.065789/0.099093/0.050579/0.059733/0.144366/0.061308/0.04891/0.085497/0.079944/0.050373/0.050276/0.075787/0.051132/0.050267/0.047412/0.056818/0.052665/0.053368/0.074626/0.090025/0.077382/0.056345/0.102207/0.055151/0.050769/0.054012/0.050133/0.05195/0.050343/0.059555/0.055821;0.165537/0.0/0.0/0.036223/0.388812/0.383887/0.144088/0.415109/0.325298/0.580559/0.376113/0.652556/0.023409/0.0/0.023476/0.347731/0.431652/0.0/0.294564/0.227244/0.390189/0.312924/0.328826/0.016361/0.006445/0.441052/0.011322/0.435754/0.504203/0.408386/0.42012/0.509912/0.000143/0.342721/0.60153/0.516988/0.583256/0.005374/0.422252/0.294124/0.397648/0.011781/0.226153/0.212795/0.268907/0.506995/0.005766/0.870447/0.403529/1e-05/0.36525/0.036185/0.345551/0.03868/0.364399/0.280928/0.37312/0.709778/0.103246/0.007813/0.355678/0.480296/0.431967/0.389558/0.355104/0.036997/0.116644/0.575989/0.394243/0.558212/0.428477/0.000593/0.109414/0.423246/0.337758/4.8e-05/0.41552/0.594109/0.024442/0.0/0.545694/0.067263/0.149309/0.372919/0.326847/0.014583/0.238661/0.411246/0.420492/0.385752/0.025541/0.514062/0.001826/0.0/0.179173/0.054/0.000115/0.467062/0.314148/0.078652;0.075432/0.054506/0.051746/0.050343/0.047412;0.870447/0.583256/0.480296/0.467062/0.372919;3.962348258312918,0.8339885646398719,-1.007793362480925,-0.2184625022447242,1.5379335089084878,-1.2219682106178884,2.086643429391695,0.3990205524591274,0.7373856257481506,1.0031905822232812,-0.9170014086173379,-0.33301527269660747,-0.06658958552078464,-0.7441993918064447,-1.7580419581499847,-1.0709039252833055,-0.13633235006261368,1.0671874518563818,1.416036010040315,-0.6764373579911961,-0.2528779273230124,1.3864902327515567,0.7124389429934609,-0.9134811966593819,0.3126317086033736,-1.9008880944614903,-2.1061867267013232,1.5131046708525724,-2.3973883765155226,-2.3075623322269703,-1.0309901352510602,-1.3807585547892005,-0.7927658302926817,1.8324112437069218,-2.0212897106163914,0.331815038322927,-0.736575562543405,1.6872952076183398,0.03438295917628417,0.5946222219955912,0.11178981004178723,0.692489770862007,-0.09038918989431771,-0.606886238434369,-0.46209764504059364,-0.42221745297613755,0.5063538220682972,1.5681129390097743,0.013499993124852089,0.34068565460125017,-0.8915367697414908,0.1786107731238437,-1.2846452336563858,0.5293864074800793,-2.5468149827751407,-0.7824093689987637,0.8329464259317579,1.7082185787293795,-2.476167995979677,1.041681924654354,0.08063287253346466,-2.0299094422822788,-0.939714893149719,-0.18914089737186826,0.9099712287743175,2.1049416198062456,0.5903387781059164,0.18602790852412465,0.0854971117344111,0.12282087252184085,1.7418879508129845,3.3859857531984097,1.6983552639033075,-0.10154510393714372,-3.3244806189269824,0.7687531498359867,-1.6848216935513642,1.143928385066737,0.3263817179705776,-0.9152986357626633,0.5772500589811952,2.931823907634211,-1.7857715708612139,-1.1335627355323095,-2.2465359582079905,-1.2191013640188155,1.5003515610029745,2.584722186912842,0.3017153957988893,-0.8587770921200077,-0.7945476213599855,0.39132328602899025,-0.5205334053213101,-2.159059439545565,-2.2765947275779777,1.2067226317256237,-0.5804265724323426,-0.33935830296672576,-1.7946001234243,0.0030900835754571615,-0.026472235899217628,-0.2821399339197717,-0.6410193333275724,1.3417567746953152,-0.9309624072823499,-1.6260781611314261,-0.6820815803750979,-1.7174767748909223,0.06401366616456539,-1.1495324016863508,-0.9163725745183509,0.9392985001092633,-3.9513778266017074,-2.8201124160381625,0.23506350229761397,1.1387226370327865,-3.1016708053935154,3.298505927969922,0.7766160888724718,0.10264872521571566,-0.20715516305068077,-1.273809416597154,-0.6002019478551751,1.4031579019546652,1.9029536816220445,-1.6360852959255465,-0.376977191392729,-0.5109650585774372,0.17302844324286124,-2.2171353285480344,0.7725678136485881,-0.33906538130969455,0.39022272738644076,1.4188424724732354,0.127492568140596,-0.5553945032705838,-1.945879927611846,-0.27144054610888757,0.5726981221854851,-1.30328968050792,-0.23133929678812926,-1.2075304087812415,-0.4070849449662902,0.6211555251563001,0.9006091058868869,0.371954948120803,2.9572989873489886,0.2463547675475711,0.36937298007688835,-1.4189899371993233,-0.007316571290008678,-0.015807857067996922,0.1535014596130742,-0.08618296526915417,-2.404695951179009,-1.9490406263211573,-0.8489746980400449,-1.625848979449617;3.4808065776743202,0.8723372919804471,-0.4293885430846588,1.6128651979442328,0.8318245037690412,-1.2453068219403038,2.0560628672339445,-0.4866284179142582,-0.7133791044129464,0.8010172661180419,1.4424108573847378,-0.6103551075070955,-0.33607871592092176,-0.5521695245585503,-2.7977532815928297,-0.9489672034263006,-2.1090291179007346,1.3862290758476772,1.532797521543101,0.12739393906015883,-1.3017290374098225,0.9413449165405718,2.1919640940881613,-0.9988376871432829,-0.9115548171311805,-0.8819451844821791,-0.8948716360537634,0.7359859480473583,-1.5282052389177028,-2.116501696541168,-0.10224040750268937,0.09096539428520323,-1.9511964654913818,0.9063667163114919,-0.3830722727934296,0.39087216407308617,-0.09551086209198983,0.07690072671678563,-2.144346315606136,0.7592810526736657,0.29987936221110745,0.6841510046985967,0.9757755996708546,-1.7063235568486457,-1.3183123260116705,0.2633782406049863,0.7085895783107468,0.5707101606332952,-0.28681229405074504,-1.1778461179397661,0.4937736947171985,0.9726388243685711,-1.0831866479660615,-0.2841487424073051,-1.7310396008811508,0.5148383782141979,2.1244127611160812,0.8191727403948448,-2.0575899096911034,1.652299783069465,-0.1742536578452664,-1.397142366975874,0.4386134895796823,0.5543735539674428,0.9206246507358162,1.739202297871384,1.984850583755654,-0.8791051450211873,-1.1353619629367668,-0.9865315127971894,0.4147591393272914,2.5052064922767885,0.9333584837796104,0.14839077568167225,-3.665872786919659,1.1595270831190352,-1.8995521773218804,1.6791254526106865,0.8369622308569841,-0.2787848019463761,-0.35232972795107964,1.5303121657301522,-1.0852627657914886,-1.097556802939968,-2.2410361277878104,0.30309142568239106,1.766974713357016,1.4101536994115342,1.6901863993420951,-1.66844628371785,-3.1185637045974692,-0.07150675433025971,-0.29102217953127785,-2.468022185728434,-2.209678430291211,0.5595790499900356,-0.4106524460931102,-1.1650189015083812,-2.414348030627518,0.48596529667899124,-1.7389824383905492,-0.130119524374894,-0.673523220388486,1.036760224464647,-1.5078116966889867,-2.38030231596883,1.7315177337150025,-0.4158392307493001,1.197024085641991,-2.6359819441903043,-1.5029172256508878,-0.62341844668839,-1.7763310825202934,-2.1838903735046222,2.5438394435997687,-1.115223010031041,-1.6939649215478008,3.106131119206164,0.5461515206340716,0.8305627840175557,-0.2820627484522819,1.4527155113088093,1.8397980495908186,-0.79069820211579,1.3183284360356766,-2.0791958202943137,-0.05596644222363596,-0.5543298899183197,0.5039581261403177,-2.12557653857707,-0.5140396887876956,-1.2005417486665866,0.6160799490103331,0.8500832562407705,-1.7105345194567676,-0.573799697463271,-0.45887724737028646,-0.42630540311469145,0.28243380563304055,-0.33833115597464386,-0.5953100586126833,-1.874630652437709,-1.5670740907654928,0.6620831833619711,0.7959972645297522,-0.66012443648237,3.3983162667910882,-0.5593194951991675,-0.049495828510796855,-1.815687655577179,0.04898795334449846,-1.9244571187924735,2.342469956025628,-0.5267219926347473,-0.8791652150709732,-0.7788196078283778,-0.690777679366964,-0.6739376972334357
3;114;61034.228290081024;3877;5342;0.047412;0.372919;0.053087/0.048803/0.04952/0.055179/0.077804/0.067019/0.051518/0.088552/0.074803/0.136727/0.083971/0.09831/0.049126/0.053686/0.073662/0.104357/0.049769/0.055292/0.059828/0.080378/0.058825/0.06245/0.060489/0.049707/0.133584/0.057005/0.051755/0.0732/0.081623/0.09437/0.098791/0.060243/0.090501/0.134462/0.054506/0.081956/0.061979/0.084655/0.059445/0.05097/0.051158/0.060583/0.082967/0.053388/0.075432/0.084309/0.077479/0.051033/0.056304/0.050478/0.078437/0.068483/0.060286/0.12735/0.058661/0.051716/0.074307/0.051746/0.076651/0.058613/0.075266/0.051352/0.057796/0.123068/0.051019/0.065789/0.099093/0.050579/0.059733/0.144366/0.061308/0.04891/0.085497/0.079944/0.050373/0.050276/0.075787/0.051132/0.050267/0.047412/0.056818/0.052665/0.053368/0.074626/0.090025/0.077382/0.056345/0.102207/0.050769/0.054012/0.050133/0.05195/0.050343/0.059555/0.055821/0.079465/0.063915/0.051673/0.049265/0.098111;0.165537/0.0/0.0/0.036223/0.388812/0.383887/0.144088/0.415109/0.325298/0.580559/0.376113/0.652556/0.0/0.023476/0.347731/0.431652/0.0/0.294564/0.227244/0.390189/0.312924/0.328826/0.016361/0.006445/0.441052/0.011322/0.435754/0.504203/0.408386/0.42012/0.509912/0.342721/0.60153/0.516988/0.583256/0.422252/0.294124/0.397648/0.011781/0.226153/0.212795/0.268907/0.506995/0.005766/0.870447/0.403529/0.36525/0.036185/0.345551/0.03868/0.364399/0.280928/0.37312/0.709778/0.103246/0.007813/0.355678/0.480296/0.431967/0.389558/0.355104/0.036997/0.116644/0.575989/0.394243/0.558212/0.428477/0.000593/0.109414/0.423246/0.337758/4.8e-05/0.41552/0.594109/0.024442/0.0/0.545694/0.067263/0.149309/0.372919/0.326847/0.014583/0.238661/0.411246/0.420492/0.385752/0.025541/0.514062/0.0/0.179173/0.054/0.000115/0.467062/0.314148/0.078652/0.393717/0.106746/0.017958/0.224576/0.394071;0.075432/0.054506/0.051746/0.050343/0.047412;0.870447/0.583256/0.480296/0.467062/0.372919;3.962348258312918,0.8339885646398719,-1.007793362480925,-0.2184625022447242,1.5379335089084878,-1.2219682106178884,2.086643429391695,0.3990205524591274,0.7373856257481506,1.0031905822232812,-0.9170014086173379,-0.33301527269660747,-0.06658958552078464,-0.7441993918064447,-1.7580419581499847,-1.0709039252833055,-0.13633235006261368,1.0671874518563818,1.416036010040315,-0.6764373579911961,-0.2528779273230124,1.3864902327515567,0.7124389429934609,-0.9134811966593819,0.3126317086033736,-1.9008880944614903,-2.1061867267013232,1.5131046708525724,-2.3973883765155226,-2.3075623322269703,-1.0309901352510602,-1.3807585547892005,-0.7927658302926817,1.8324112437069218,-2.0212897106163914,0.331815038322927,-0.736575562543405,1.6872952076183398,0.03438295917628417,0.5946222219955912,0.11178981004178723,0.692489770862007,-0.09038918989431771,-0.606886238434369,-0.46209764504059364,-0.42221745297613755,0.5063538220682972,1.5681129390097743,0.013499993124852089,0.34068565460125017,-0.8915367697414908,0.1786107731238437,-1.2846452336563858,0.5293864074800793,-2.5468149827751407,-0.7824093689987637,0.8329464259317579,1.7082185787293795,-2.476167995979677,1.041681924654354,0.08063287253346466,-2.0299094422822788,-0.939714893149719,-0.18914089737186826,0.9099712287743175,2.1049416198062456,0.5903387781059164,0.18602790852412465,0.0854971117344111,0.12282087252184085,1.7418879508129845,3.3859857531984097,1.6983552639033075,-0.10154510393714372,-3.3244806189269824,0.7687531498359867,-1.6848216935513642,1.143928385066737,0.3263817179705776,-0.9152986357626633,0.5772500589811952,2.931823907634211,-1.7857715708612139,-1.1335627355323095,-2.2465359582079905,-1.2191013640188155,1.5003515610029745,2.584722186912842,0.3017153957988893,-0.8587770921200077,-0.7945476213599855,0.39132328602899025,-0.5205334053213101,-2.159059439545565,-2.2765947275779777,1.2067226317256237,-0.5804265724323426,-0.33935830296672576,-1.7946001234243,0.0030900835754571615,-0.026472235899217628,-0.2821399339197717,-0.6410193333275724,1.3417567746953152,-0.9309624072823499,-1.6260781611314261,-0.6820815803750979,-1.7174767748909223,0.06401366616456539,-1.1495324016863508,-0.9163725745183509,0.9392985001092633,-3.9513778266017074,-2.8201124160381625,0.23506350229761397,1.1387226370327865,-3.1016708053935154,3.298505927969922,0.7766160888724718,0.10264872521571566,-0.20715516305068077,-1.273809416597154,-0.6002019478551751,1.4031579019546652,1.9029536816220445,-1.6360852959255465,-0.376977191392729,-0.5109650585774372,0.17302844324286124,-2.2171353285480344,0.7725678136485881,-0.33906538130969455,0.39022272738644076,1.4188424724732354,0.127492568140596,-0.5553945032705838,-1.945879927611846,-0.27144054610888757,0.5726981221854851,-1.30328968050792,-0.23133929678812926,-1.2075304087812415,-0.4070849449662902,0.6211555251563001,0.9006091058868869,0.371954948120803,2.9572989873489886,0.2463547675475711,0.36937298007688835,-1.4189899371993233,-0.007316571290008678,-0.015807857067996922,0.1535014596130742,-0.08618296526915417,-2.404695951179009,-1.9490406263211573,-0.8489746980400449,-1.625848979449617;3.4808065776743202,0.8723372919804471,-0.4293885430846588,1.6128651979442328,0.8318245037690412,-1.2453068219403038,2.0560628672339445,-0.4866284179142582,-0.7133791044129464,0.8010172661180419,1.4424108573847378,-0.6103551075070955,-0.33607871592092176,-0.5521695245585503,-2.7977532815928297,-0.9489672034263006,-2.1090291179007346,1.3862290758476772,1.532797521543101,0.12739393906015883,-1.3017290374098225,0.9413449165405718,2.1919640940881613,-0.9988376871432829,-0.9115548171311805,-0.8819451844821791,-0.8948716360537634,0.7359859480473583,-1.5282052389177028,-2.116501696541168,-0.10224040750268937,0.09096539428520323,-1.9511964654913818,0.9063667163114919,-0.3830722727934296,0.39087216407308617,-0.09551086209198983,0.07690072671678563,-2.144346315606136,0.7592810526736657,0.29987936221110745,0.6841510046985967,0.9757755996708546,-1.7063235568486457,-1.3183123260116705,0.2633782406049863,0.7085895783107468,0.5707101606332952,-0.28681229405074504,-1.1778461179397661,0.4937736947171985,0.9726388243685711,-1.0831866479660615,-0.2841487424073051,-1.7310396008811508,0.5148383782141979,2.1244127611160812,0.8191727403948448,-2.0575899096911034,1.652299783069465,-0.1742536578452664,-1.397142366975874,0.4386134895796823,0.5543735539674428,0.9206246507358162,1.739202297871384,1.984850583755654,-0.8791051450211873,-1.1353619629367668,-0.9865315127971894,0.4147591393272914,2.5052064922767885,0.9333584837796104,0.14839077568167225,-3.665872786919659,1.1595270831190352,-1.8995521773218804,1.6791254526106865,0.8369622308569841,-0.2787848019463761,-0.35232972795107964,1.5303121657301522,-1.0852627657914886,-1.097556802939968,-2.2410361277878104,0.30309142568239106,1.766974713357016,1.4101536994115342,1.6901863993420951,-1.66844628371785,-3.1185637045974692,-0.07150675433025971,-0.29102217953127785,-2.468022185728434,-2.209678430291211,0.5595790499900356,-0.4106524460931102,-1.1650189015083812,-2.414348030627518,0.48596529667899124,-1.7389824383905492,-0.130119524374894,-0.673523220388486,1.036760224464647,-1.5078116966889867,-2.38030231596883,1.7315177337150025,-0.4158392307493001,1.197024085641991,-2.6359819441903043,-1.5029172256508878,-0.62341844668839,-1.7763310825202934,-2.1838903735046222,2.5438394435997687,-1.115223010031041,-1.6939649215478008,3.106131119206164,0.5461515206340716,0.8305627840175557,-0.2820627484522819,1.4527155113088093,1.8397980495908186,-0.79069820211579,1.3183284360356766,-2.0791958202943137,-0.05596644222363596,-0.5543298899183197,0.5039581261403177,-2.12557653857707,-0.5140396887876956,-1.2005417486665866,0.6160799490103331,0.8500832562407705,-1.7105345194567676,-0.573799697463271,-0.45887724737028646,-0.42630540311469145,0.28243380563304055,-0.33833115597464386,-0.5953100586126833,-1.874630652437709,-1.5670740907654928,0.6620831833619711,0.7959972645297522,-0.66012443648237,3.3983162667910882,-0.5593194951991675,-0.049495828510796855,-1.815687655577179,0.04898795334449846,-1.9244571187924735,2.342469956025628,-0.5267219926347473,-0.8791652150709732,-0.7788196078283778,-0.690777679366964,-0.6739376972334357
3;115;61583.21356225014;3877;5342;0.047412;0.372919;0.053087/0.048803/0.04952/0.055179/0.077804/0.067019/0.051518/0.088552/0.074803/0.136727/0.083971/0.09831/0.049126/0.053686/0.073662/0.104357/0.049769/0.055292/0.059828/0.080378/0.058825/0.06245/0.049707/0.133584/0.051755/0.0732/0.081623/0.09437/0.098791/0.060243/0.090501/0.134462/0.054506/0.081956/0.061979/0.084655/0.05097/0.051158/0.060583/0.082967/0.075432/0.084309/0.077479/0.051033/0.056304/0.050478/0.078437/0.068483/0.060286/0.12735/0.058661/0.051716/0.074307/0.051746/0.076651/0.058613/0.075266/0.051352/0.057796/0.123068/0.051019/0.065789/0.099093/0.050579/0.059733/0.144366/0.061308/0.04891/0.085497/0.079944/0.050373/0.050276/0.075787/0.051132/0.050267/0.047412/0.056818/0.052665/0.053368/0.074626/0.090025/0.077382/0.056345/0.102207/0.050769/0.054012/0.050133/0.05195/0.050343/0.059555/0.055821/0.079465/0.063915/0.051673/0.049265/0.098111/0.050257/0.067338/0.054346/0.050407;0.165537/0.0/0.0/0.036223/0.388812/0.383887/0.144088/0.415109/0.325298/0.580559/0.376113/0.652556/0.0/0.023476/0.347731/0.431652/0.0/0.294564/0.227244/0.390189/0.312924/0.328826/0.006445/0.441052/0.435754/0.504203/0.408386/0.42012/0.509912/0.342721/0.60153/0.516988/0.583256/0.422252/0.294124/0.397648/0.226153/0.212795/0.268907/0.506995/0.870447/0.403529/0.36525/0.036185/0.345551/0.03868/0.364399/0.280928/0.37312/0.709778/0.103246/0.007813/0.355678/0.480296/0.431967/0.389558/0.355104/0.036997/0.116644/0.575989/0.394243/0.558212/0.428477/0.000593/0.109414/0.423246/0.337758/4.8e-05/0.41552/0.594109/0.024442/0.0/0.545694/0.067263/0.149309/0.372919/0.326847/0.014583/0.238661/0.411246/0.420492/0.385752/0.025541/0.514062/0.0/0.179173/0.054/0.000115/0.467062/0.314148/0.078652/0.393717/0.106746/0.017958/0.224576/0.394071/0.0/0.425541/0.385561/0.04874;0.075432/0.054506/0.051746/0.050343/0.047412;0.870447/0.583256/0.480296/0.467062/0.372919;3.962348258312918,0.8339885646398719,-1.007793362480925,-0.2184625022447242,1.5379335089084878,-1.2219682106178884,2.086643429391695,0.3990205524591274,0.7373856257481506,1.0031905822232812,-0.9170014086173379,-0.33301527269660747,-0.06658958552078464,-0.7441993918064447,-1.7580419581499847,-1.0709039252833055,-0.13633235006261368,1.0671874518563818,1.416036010040315,-0.6764373579911961,-0.2528779273230124,1.3864902327515567,0.7124389429934609,-0.9134811966593819,0.3126317086033736,-1.9008880944614903,-2.1061867267013232,1.5131046708525724,-2.3973883765155226,-2.3075623322269703,-1.0309901352510602,-1.3807585547892005,-0.7927658302926817,1.8324112437069218,-2.0212897106163914,0.331815038322927,-0.736575562543405,1.6872952076183398,0.03438295917628417,0.5946222219955912,0.11178981004178723,0.692489770862007,-0.09038918989431771,-0.606886238434369,-0.46209764504059364,-0.42221745297613755,0.5063538220682972,1.5681129390097743,0.013499993124852089,0.34068565460125017,-0.8915367697414908,0.1786107731238437,-1.2846452336563858,0.5293864074800793,-2.5468149827751407,-0.7824093689987637,0.8329464259317579,1.7082185787293795,-2.476167995979677,1.041681924654354,0.08063287253346466,-2.0299094422822788,-0.939714893149719,-0.18914089737186826,0.9099712287743175,2.1049416198062456,0.5903387781059164,0.18602790852412465,0.0854971117344111,0.12282087252184085,1.7418879508129845,3.3859857531984097,1.6983552639033075,-0.10154510393714372,-3.3244806189269824,0.7687531498359867,-1.6848216935513642,1.143928385066737,0.3263817179705776,-0.9152986357626633,0.5772500589811952,2.931823907634211,-1.7857715708612139,-1.1335627355323095,-2.2465359582079905,-1.2191013640188155,1.5003515610029745,2.584722186912842,0.3017153957988893,-0.8587770921200077,-0.7945476213599855,0.39132328602899025,-0.5205334053213101,-2.159059439545565,-2.2765947275779777,1.2067226317256237,-0.5804265724323426,-0.33935830296672576,-1.7946001234243,0.0030900835754571615,-0.026472235899217628,-0.2821399339197717,-0.6410193333275724,1.3417567746953152,-0.9309624072823499,-1.6260781611314261,-0.6820815803750979,-1.7174767748909223,0.06401366616456539,-1.1495324016863508,-0.9163725745183509,0.9392985001092633,-3.9513778266017074,-2.8201124160381625,0.23506350229761397,1.1387226370327865,-3.1016708053935154,3.298505927969922,0.7766160888724718,0.10264872521571566,-0.20715516305068077,-1.273809416597154,-0.6002019478551751,1.4031579019546652,1.9029536816220445,-1.6360852959255465,-0.376977191392729,-0.5109650585774372,0.17302844324286124,-2.2171353285480344,0.7725678136485881,-0.33906538130969455,0.39022272738644076,1.4188424724732354,0.127492568140596,-0.5553945032705838,-1.945879927611846,-0.27144054610888757,0.5726981221854851,-1.30328968050792,-0.23133929678812926,-1.2075304087812415,-0.4070849449662902,0.6211555251563001,0.9006091058868869,0.371954948120803,2.9572989873489886,0.2463547675475711,0.36937298007688835,-1.4189899371993233,-0.007316571290008678,-0.015807857067996922,0.1535014596130742,-0.08618296526915417,-2.404695951179009,-1.9490406263211573,-0.8489746980400449,-1.625848979449617;3.4808065776743202,0.8723372919804471,-0.4293885430846588,1.6128651979442328,0.8318245037690412,-1.2453068219403038,2.0560628672339445,-0.4866284179142582,-0.7133791044129464,0.8010172661180419,1.4424108573847378,-0.6103551075070955,-0.33607871592092176,-0.5521695245585503,-2.7977532815928297,-0.9489672034263006,-2.1090291179007346,1.3862290758476772,1.532797521543101,0.12739393906015883,-1.3017290374098225,0.9413449165405718,2.1919640940881613,-0.9988376871432829,-0.9115548171311805,-0.8819451844821791,-0.8948716360537634,0.7359859480473583,-1.5282052389177028,-2.116501696541168,-0.10224040750268937,0.09096539428520323,-1.9511964654913818,0.9063667163114919,-0.3830722727934296,0.39087216407308617,-0.09551086209198983,0.07690072671678563,-2.144346315606136,0.7592810526736657,0.29987936221110745,0.6841510046985967,0.9757755996708546,-1.7063235568486457,-1.3183123260116705,0.2633782406049863,0.7085895783107468,0.5707101606332952,-0.28681229405074504,-1.1778461179397661,0.4937736947171985,0.9726388243685711,-1.0831866479660615,-0.2841487424073051,-1.7310396008811508,0.5148383782141979,2.1244127611160812,0.8191727403948448,-2.0575899096911034,1.652299783069465,-0.1742536578452664,-1.397142366975874,0.4386134895796823,0.5543735539674428,0.9206246507358162,1.739202297871384,1.984850583755654,-0.8791051450211873,-1.1353619629367668,-0.9865315127971894,0.4147591393272914,2.5052064922767885,0.9333584837796104,0.14839077568167225,-3.665872786919659,1.1595270831190352,-1.8995521773218804,1.6791254526106865,0.8369622308569841,-0.2787848019463761,-0.35232972795107964,1.5303121657301522,-1.0852627657914886,-1.097556802939968,-2.2410361277878104,0.30309142568239106,1.766974713357016,1.4101536994115342,1.6901863993420951,-1.66844628371785,-3.1185637045974692,-0.07150675433025971,-0.29102217953127785,-2.468022185728434,-2.209678430291211,0.5595790499900356,-0.4106524460931102,-1.1650189015083812,-2.414348030627518,0.48596529667899124,-1.7389824383905492,-0.130119524374894,-0.673523220388486,1.036760224464647,-1.5078116966889867,-2.38030231596883,1.7315177337150025,-0.4158392307493001,1.197024085641991,-2.6359819441903043,-1.5029172256508878,-0.62341844668839,-1.7763310825202934,-2.1838903735046222,2.5438394435997687,-1.115223010031041,-1.6939649215478008,3.106131119206164,0.5461515206340716,0.8305627840175557,-0.2820627484522819,1.4527155113088093,1.8397980495908186,-0.79069820211579,1.3183284360356766,-2.0791958202943137,-0.05596644222363596,-0.5543298899183197,0.5039581261403177,-2.12557653857707,-0.5140396887876956,-1.2005417486665866,0.6160799490103331,0.8500832562407705,-1.7105345194567676,-0.573799697463271,-0.45887724737028646,-0.42630540311469145,0.28243380563304055,-0.33833115597464386,-0.5953100586126833,-1.874630652437709,-1.5670740907654928,0.6620831833619711,0.7959972645297522,-0.66012443648237,3.3983162667910882,-0.5593194951991675,-0.049495828510796855,-1.815687655577179,0.04898795334449846,-1.9244571187924735,2.342469956025628,-0.5267219926347473,-0.8791652150709732,-0.7788196078283778,-0.690777679366964,-0.6739376972334357
3;116;62122.716393470764;3877;5342;0.047412;0.372919;0.053087/0.048803/0.04952/0.055179/0.077804/0.067019/0.051518/0.088552/0.074803/0.136727/0.083971/0.09831/0.049126/0.053686/0.073662/0.104357/0.049769/0.055292/0.059828/0.080378/0.058825/0.06245/0.049707/0.133584/0.051755/0.0732/0.081623/0.09437/0.098791/0.060243/0.090501/0.134462/0.054506/0.081956/0.061979/0.084655/0.05097/0.051158/0.060583/0.082967/0.075432/0.084309/0.077479/0.051033/0.056304/0.050478/0.078437/0.068483/0.060286/0.12735/0.058661/0.051716/0.074307/0.051746/0.076651/0.058613/0.075266/0.051352/0.057796/0.123068/0.051019/0.065789/0.099093/0.050579/0.059733/0.144366/0.061308/0.04891/0.085497/0.079944/0.050373/0.050276/0.075787/0.051132/0.050267/0.047412/0.056818/0.052665/0.053368/0.074626/0.090025/0.077382/0.056345/0.102207/0.050769/0.054012/0.050133/0.050343/0.059555/0.055821/0.079465/0.063915/0.051673/0.049265/0.098111/0.050257/0.067338/0.054346/0.050407/0.050025;0.165537/0.0/0.0/0.036223/0.388812/0.383887/0.144088/0.415109/0.325298/0.580559/0.376113/0.652556/0.0/0.023476/0.347731/0.431652/0.0/0.294564/0.227244/0.390189/0.312924/0.328826/0.006445/0.441052/0.435754/0.504203/0.408386/0.42012/0.509912/0.342721/0.60153/0.516988/0.583256/0.422252/0.294124/0.397648/0.226153/0.212795/0.268907/0.506995/0.870447/0.403529/0.36525/0.036185/0.345551/0.03868/0.364399/0.280928/0.37312/0.709778/0.103246/0.007813/0.355678/0.480296/0.431967/0.389558/0.355104/0.036997/0.116644/0.575989/0.394243/0.558212/0.428477/0.000593/0.109414/0.423246/0.337758/4.8e-05/0.41552/0.594109/0.024442/0.0/0.545694/0.067263/0.149309/0.372919/0.326847/0.014583/0.238661/0.411246/0.420492/0.385752/0.025541/0.514062/0.0/0.179173/0.054/0.467062/0.314148/0.078652/0.393717/0.106746/0.017958/0.224576/0.394071/0.0/0.425541/0.385561/0.04874/0.0;0.075432/0.054506/0.051746/0.050343/0.047412;0.870447/0.583256/0.480296/0.467062/0.372919;3.962348258312918,0.8339885646398719,-1.007793362480925,-0.2184625022447242,1.5379335089084878,-1.2219682106178884,2.086643429391695,0.3990205524591274,0.7373856257481506,1.0031905822232812,-0.9170014086173379,-0.33301527269660747,-0.06658958552078464,-0.7441993918064447,-1.7580419581499847,-1.0709039252833055,-0.13633235006261368,1.0671874518563818,1.416036010040315,-0.6764373579911961,-0.2528779273230124,1.3864902327515567,0.7124389429934609,-0.9134811966593819,0.3126317086033736,-1.9008880944614903,-2.1061867267013232,1.5131046708525724,-2.3973883765155226,-2.3075623322269703,-1.0309901352510602,-1.3807585547892005,-0.7927658302926817,1.8324112437069218,-2.0212897106163914,0.331815038322927,-0.736575562543405,1.6872952076183398,0.03438295917628417,0.5946222219955912,0.11178981004178723,0.692489770862007,-0.09038918989431771,-0.606886238434369,-0.46209764504059364,-0.42221745297613755,0.5063538220682972,1.5681129390097743,0.013499993124852089,0.34068565460125017,-0.8915367697414908,0.1786107731238437,-1.2846452336563858,0.5293864074800793,-2.5468149827751407,-0.7824093689987637,0.8329464259317579,1.7082185787293795,-2.476167995979677,1.041681924654354,0.08063287253346466,-2.0299094422822788,-0.939714893149719,-0.18914089737186826,0.9099712287743175,2.1049416198062456,0.5903387781059164,0.18602790852412465,0.0854971117344111,0.12282087252184085,1.7418879508129845,3.3859857531984097,1.6983552639033075,-0.10154510393714372,-3.3244806189269824,0.7687531498359867,-1.6848216935513642,1.143928385066737,0.3263817179705776,-0.9152986357626633,0.5772500589811952,2.931823907634211,-1.7857715708612139,-1.1335627355323095,-2.2465359582079905,-1.2191013640188155,1.5003515610029745,2.584722186912842,0.3017153957988893,-0.8587770921200077,-0.7945476213599855,0.39132328602899025,-0.5205334053213101,-2.159059439545565,-2.2765947275779777,1.2067226317256237,-0.5804265724323426,-0.33935830296672576,-1.7946001234243,0.0030900835754571615,-0.026472235899217628,-0.2821399339197717,-0.6410193333275724,1.3417567746953152,-0.9309624072823499,-1.6260781611314261,-0.6820815803750979,-1.7174767748909223,0.06401366616456539,-1.1495324016863508,-0.9163725745183509,0.9392985001092633,-3.9513778266017074,-2.8201124160381625,0.23506350229761397,1.1387226370327865,-3.1016708053935154,3.298505927969922,0.7766160888724718,0.10264872521571566,-0.20715516305068077,-1.273809416597154,-0.6002019478551751,1.4031579019546652,1.9029536816220445,-1.6360852959255465,-0.376977191392729,-0.5109650585774372,0.17302844324286124,-2.2171353285480344,0.7725678136485881,-0.33906538130969455,0.39022272738644076,1.4188424724732354,0.127492568140596,-0.5553945032705838,-1.945879927611846,-0.27144054610888757,0.5726981221854851,-1.30328968050792,-0.23133929678812926,-1.2075304087812415,-0.4070849449662902,0.6211555251563001,0.9006091058868869,0.371954948120803,2.9572989873489886,0.2463547675475711,0.36937298007688835,-1.4189899371993233,-0.007316571290008678,-0.015807857067996922,0.1535014596130742,-0.08618296526915417,-2.404695951179009,-1.9490406263211573,-0.8489746980400449,-1.625848979449617;3.4808065776743202,0.8723372919804471,-0.4293885430846588,1.6128651979442328,0.8318245037690412,-1.2453068219403038,2.0560628672339445,-0.4866284179142582,-0.7133791044129464,0.8010172661180419,1.4424108573847378,-0.6103551075070955,-0.33607871592092176,-0.5521695245585503,-2.7977532815928297,-0.9489672034263006,-2.1090291179007346,1.3862290758476772,1.532797521543101,0.12739393906015883,-1.3017290374098225,0.9413449165405718,2.1919640940881613,-0.9988376871432829,-0.9115548171311805,-0.8819451844821791,-0.8948716360537634,0.7359859480473583,-1.5282052389177028,-2.116501696541168,-0.10224040750268937,0.09096539428520323,-1.9511964654913818,0.9063667163114919,-0.3830722727934296,0.39087216407308617,-0.09551086209198983,0.07690072671678563,-2.144346315606136,0.7592810526736657,0.29987936221110745,0.6841510046985967,0.9757755996708546,-1.7063235568486457,-1.3183123260116705,0.2633782406049863,0.7085895783107468,0.5707101606332952,-0.28681229405074504,-1.1778461179397661,0.4937736947171985,0.9726388243685711,-1.0831866479660615,-0.2841487424073051,-1.7310396008811508,0.5148383782141979,2.1244127611160812,0.8191727403948448,-2.0575899096911034,1.652299783069465,-0.1742536578452664,-1.397142366975874,0.4386134895796823,0.5543735539674428,0.9206246507358162,1.739202297871384,1.984850583755654,-0.8791051450211873,-1.1353619629367668,-0.9865315127971894,0.4147591393272914,2.5052064922767885,0.9333584837796104,0.14839077568167225,-3.665872786919659,1.1595270831190352,-1.8995521773218804,1.6791254526106865,0.8369622308569841,-0.2787848019463761,-0.35232972795107964,1.5303121657301522,-1.0852627657914886,-1.097556802939968,-2.2410361277878104,0.30309142568239106,1.766974713357016,1.4101536994115342,1.6901863993420951,-1.66844628371785,-3.1185637045974692,-0.07150675433025971,-0.29102217953127785,-2.468022185728434,-2.209678430291211,0.5595790499900356,-0.4106524460931102,-1.1650189015083812,-2.414348030627518,0.48596529667899124,-1.7389824383905492,-0.130119524374894,-0.673523220388486,1.036760224464647,-1.5078116966889867,-2.38030231596883,1.7315177337150025,-0.4158392307493001,1.197024085641991,-2.6359819441903043,-1.5029172256508878,-0.62341844668839,-1.7763310825202934,-2.1838903735046222,2.5438394435997687,-1.115223010031041,-1.6939649215478008,3.106131119206164,0.5461515206340716,0.8305627840175557,-0.2820627484522819,1.4527155113088093,1.8397980495908186,-0.79069820211579,1.3183284360356766,-2.0791958202943137,-0.05596644222363596,-0.5543298899183197,0.5039581261403177,-2.12557653857707,-0.5140396887876956,-1.2005417486665866,0.6160799490103331,0.8500832562407705,-1.7105345194567676,-0.573799697463271,-0.45887724737028646,-0.42630540311469145,0.28243380563304055,-0.33833115597464386,-0.5953100586126833,-1.874630652437709,-1.5670740907654928,0.6620831833619711,0.7959972645297522,-0.66012443648237,3.3983162667910882,-0.5593194951991675,-0.049495828510796855,-1.815687655577179,0.04898795334449846,-1.9244571187924735,2.342469956025628,-0.5267219926347473,-0.8791652150709732,-0.7788196078283778,-0.690777679366964,-0.6739376972334357
3;117;62666.51781654358;3877;5342;0.047412;0.372919;0.053087/0.048803/0.04952/0.055179/0.077804/0.067019/0.051518/0.088552/0.074803/0.136727/0.083971/0.09831/0.049126/0.053686/0.073662/0.104357/0.049769/0.055292/0.059828/0.080378/0.058825/0.06245/0.049707/0.133584/0.051755/0.0732/0.081623/0.09437/0.098791/0.060243/0.090501/0.134462/0.054506/0.081956/0.061979/0.084655/0.05097/0.051158/0.060583/0.082967/0.075432/0.084309/0.077479/0.051033/0.056304/0.050478/0.078437/0.068483/0.060286/0.12735/0.058661/0.051716/0.074307/0.051746/0.076651/0.058613/0.075266/0.051352/0.057796/0.123068/0.051019/0.065789/0.099093/0.050579/0.059733/0.144366/0.061308/0.04891/0.085497/0.079944/0.050373/0.050276/0.075787/0.051132/0.050267/0.047412/0.056818/0.052665/0.053368/0.074626/0.090025/0.077382/0.056345/0.102207/0.054012/0.050133/0.050343/0.059555/0.055821/0.079465/0.051673/0.049265/0.098111/0.050257/0.067338/0.054346/0.050407/0.050025/0.054822/0.062458;0.165537/0.0/0.0/0.036223/0.388812/0.383887/0.144088/0.415109/0.325298/0.580559/0.376113/0.652556/0.0/0.023476/0.347731/0.431652/0.0/0.294564/0.227244/0.390189/0.312924/0.328826/0.006445/0.441052/0.435754/0.504203/0.408386/0.42012/0.509912/0.342721/0.60153/0.516988/0.583256/0.422252/0.294124/0.397648/0.226153/0.212795/0.268907/0.506995/0.870447/0.403529/0.36525/0.036185/0.345551/0.03868/0.364399/0.280928/0.37312/0.709778/0.103246/0.007813/0.355678/0.480296/0.431967/0.389558/0.355104/0.036997/0.116644/0.575989/0.394243/0.558212/0.428477/0.000593/0.109414/0.423246/0.337758/4.8e-05/0.41552/0.594109/0.024442/0.0/0.545694/0.067263/0.149309/0.372919/0.326847/0.014583/0.238661/0.411246/0.420492/0.385752/0.025541/0.514062/0.179173/0.054/0.467062/0.314148/0.078652/0.393717/0.017958/0.224576/0.394071/0.0/0.425541/0.385561/0.04874/0.0/0.399206/0.240717;0.075432/0.054506/0.051746/0.050343/0.047412;0.870447/0.583256/0.480296/0.467062/0.372919;3.962348258312918,0.8339885646398719,-1.007793362480925,-0.2184625022447242,1.5379335089084878,-1.2219682106178884,2.086643429391695,0.3990205524591274,0.7373856257481506,1.0031905822232812,-0.9170014086173379,-0.33301527269660747,-0.06658958552078464,-0.7441993918064447,-1.7580419581499847,-1.0709039252833055,-0.13633235006261368,1.0671874518563818,1.416036010040315,-0.6764373579911961,-0.2528779273230124,1.3864902327515567,0.7124389429934609,-0.9134811966593819,0.3126317086033736,-1.9008880944614903,-2.1061867267013232,1.5131046708525724,-2.3973883765155226,-2.3075623322269703,-1.0309901352510602,-1.3807585547892005,-0.7927658302926817,1.8324112437069218,-2.0212897106163914,0.331815038322927,-0.736575562543405,1.6872952076183398,0.03438295917628417,0.5946222219955912,0.11178981004178723,0.692489770862007,-0.09038918989431771,-0.606886238434369,-0.46209764504059364,-0.42221745297613755,0.5063538220682972,1.5681129390097743,0.013499993124852089,0.34068565460125017,-0.8915367697414908,0.1786107731238437,-1.2846452336563858,0.5293864074800793,-2.5468149827751407,-0.7824093689987637,0.8329464259317579,1.7082185787293795,-2.476167995979677,1.041681924654354,0.08063287253346466,-2.0299094422822788,-0.939714893149719,-0.18914089737186826,0.9099712287743175,2.1049416198062456,0.5903387781059164,0.18602790852412465,0.0854971117344111,0.12282087252184085,1.7418879508129845,3.3859857531984097,1.6983552639033075,-0.10154510393714372,-3.3244806189269824,0.7687531498359867,-1.6848216935513642,1.143928385066737,0.3263817179705776,-0.9152986357626633,0.5772500589811952,2.931823907634211,-1.7857715708612139,-1.1335627355323095,-2.2465359582079905,-1.2191013640188155,1.5003515610029745,2.584722186912842,0.3017153957988893,-0.8587770921200077,-0.7945476213599855,0.39132328602899025,-0.5205334053213101,-2.159059439545565,-2.2765947275779777,1.2067226317256237,-0.5804265724323426,-0.33935830296672576,-1.7946001234243,0.0030900835754571615,-0.026472235899217628,-0.2821399339197717,-0.6410193333275724,1.3417567746953152,-0.9309624072823499,-1.6260781611314261,-0.6820815803750979,-1.7174767748909223,0.06401366616456539,-1.1495324016863508,-0.9163725745183509,0.9392985001092633,-3.9513778266017074,-2.8201124160381625,0.23506350229761397,1.1387226370327865,-3.1016708053935154,3.298505927969922,0.7766160888724718,0.10264872521571566,-0.20715516305068077,-1.273809416597154,-0.6002019478551751,1.4031579019546652,1.9029536816220445,-1.6360852959255465,-0.376977191392729,-0.5109650585774372,0.17302844324286124,-2.2171353285480344,0.7725678136485881,-0.33906538130969455,0.39022272738644076,1.4188424724732354,0.127492568140596,-0.5553945032705838,-1.945879927611846,-0.27144054610888757,0.5726981221854851,-1.30328968050792,-0.23133929678812926,-1.2075304087812415,-0.4070849449662902,0.6211555251563001,0.9006091058868869,0.371954948120803,2.9572989873489886,0.2463547675475711,0.36937298007688835,-1.4189899371993233,-0.007316571290008678,-0.015807857067996922,0.1535014596130742,-0.08618296526915417,-2.404695951179009,-1.9490406263211573,-0.8489746980400449,-1.625848979449617;3.4808065776743202,0.8723372919804471,-0.4293885430846588,1.6128651979442328,0.8318245037690412,-1.2453068219403038,2.0560628672339445,-0.4866284179142582,-0.7133791044129464,0.8010172661180419,1.4424108573847378,-0.6103551075070955,-0.33607871592092176,-0.5521695245585503,-2.7977532815928297,-0.9489672034263006,-2.1090291179007346,1.3862290758476772,1.532797521543101,0.12739393906015883,-1.3017290374098225,0.9413449165405718,2.1919640940881613,-0.9988376871432829,-0.9115548171311805,-0.8819451844821791,-0.8948716360537634,0.7359859480473583,-1.5282052389177028,-2.116501696541168,-0.10224040750268937,0.09096539428520323,-1.9511964654913818,0.9063667163114919,-0.3830722727934296,0.39087216407308617,-0.09551086209198983,0.07690072671678563,-2.144346315606136,0.7592810526736657,0.29987936221110745,0.6841510046985967,0.9757755996708546,-1.7063235568486457,-1.3183123260116705,0.2633782406049863,0.7085895783107468,0.5707101606332952,-0.28681229405074504,-1.1778461179397661,0.4937736947171985,0.9726388243685711,-1.0831866479660615,-0.2841487424073051,-1.7310396008811508,0.5148383782141979,2.1244127611160812,0.8191727403948448,-2.0575899096911034,1.652299783069465,-0.1742536578452664,-1.397142366975874,0.4386134895796823,0.5543735539674428,0.9206246507358162,1.739202297871384,1.984850583755654,-0.8791051450211873,-1.1353619629367668,-0.9865315127971894,0.4147591393272914,2.5052064922767885,0.9333584837796104,0.14839077568167225,-3.665872786919659,1.1595270831190352,-1.8995521773218804,1.6791254526106865,0.8369622308569841,-0.2787848019463761,-0.35232972795107964,1.5303121657301522,-1.0852627657914886,-1.097556802939968,-2.2410361277878104,0.30309142568239106,1.766974713357016,1.4101536994115342,1.6901863993420951,-1.66844628371785,-3.1185637045974692,-0.07150675433025971,-0.29102217953127785,-2.468022185728434,-2.209678430291211,0.5595790499900356,-0.4106524460931102,-1.1650189015083812,-2.414348030627518,0.48596529667899124,-1.7389824383905492,-0.130119524374894,-0.673523220388486,1.036760224464647,-1.5078116966889867,-2.38030231596883,1.7315177337150025,-0.4158392307493001,1.197024085641991,-2.6359819441903043,-1.5029172256508878,-0.62341844668839,-1.7763310825202934,-2.1838903735046222,2.5438394435997687,-1.115223010031041,-1.6939649215478008,3.106131119206164,0.5461515206340716,0.8305627840175557,-0.2820627484522819,1.4527155113088093,1.8397980495908186,-0.79069820211579,1.3183284360356766,-2.0791958202943137,-0.05596644222363596,-0.5543298899183197,0.5039581261403177,-2.12557653857707,-0.5140396887876956,-1.2005417486665866,0.6160799490103331,0.8500832562407705,-1.7105345194567676,-0.573799697463271,-0.45887724737028646,-0.42630540311469145,0.28243380563304055,-0.33833115597464386,-0.5953100586126833,-1.874630652437709,-1.5670740907654928,0.6620831833619711,0.7959972645297522,-0.66012443648237,3.3983162667910882,-0.5593194951991675,-0.049495828510796855,-1.815687655577179,0.04898795334449846,-1.9244571187924735,2.342469956025628,-0.5267219926347473,-0.8791652150709732,-0.7788196078283778,-0.690777679366964,-0.6739376972334357
3;118;63212.04549765587;3877;5342;0.047412;0.372919;0.053087/0.048803/0.04952/0.055179/0.077804/0.067019/0.051518/0.088552/0.074803/0.136727/0.083971/0.09831/0.049126/0.053686/0.073662/0.104357/0.049769/0.055292/0.059828/0.080378/0.058825/0.06245/0.049707/0.133584/0.051755/0.0732/0.081623/0.09437/0.098791/0.060243/0.090501/0.134462/0.054506/0.081956/0.061979/0.084655/0.05097/0.051158/0.060583/0.082967/0.075432/0.084309/0.077479/0.051033/0.056304/0.050478/0.078437/0.068483/0.060286/0.12735/0.058661/0.051716/0.074307/0.051746/0.076651/0.058613/0.075266/0.051352/0.057796/0.123068/0.051019/0.065789/0.099093/0.050579/0.059733/0.144366/0.061308/0.04891/0.085497/0.079944/0.050373/0.050276/0.075787/0.051132/0.050267/0.047412/0.056818/0.052665/0.053368/0.074626/0.090025/0.077382/0.102207/0.054012/0.050133/0.050343/0.059555/0.055821/0.079465/0.051673/0.049265/0.098111/0.050257/0.067338/0.054346/0.050407/0.050025/0.054822/0.096904/0.050124;0.165537/0.0/0.0/0.036223/0.388812/0.383887/0.144088/0.415109/0.325298/0.580559/0.376113/0.652556/0.0/0.023476/0.347731/0.431652/0.0/0.294564/0.227244/0.390189/0.312924/0.328826/0.006445/0.441052/0.435754/0.504203/0.408386/0.42012/0.509912/0.342721/0.60153/0.516988/0.583256/0.422252/0.294124/0.397648/0.226153/0.212795/0.268907/0.506995/0.870447/0.403529/0.36525/0.036185/0.345551/0.03868/0.364399/0.280928/0.37312/0.709778/0.103246/0.007813/0.355678/0.480296/0.431967/0.389558/0.355104/0.036997/0.116644/0.575989/0.394243/0.558212/0.428477/0.000593/0.109414/0.423246/0.337758/4.8e-05/0.41552/0.594109/0.024442/0.0/0.545694/0.067263/0.149309/0.372919/0.326847/0.014583/0.238661/0.411246/0.420492/0.385752/0.514062/0.179173/0.054/0.467062/0.314148/0.078652/0.393717/0.017958/0.224576/0.394071/0.0/0.425541/0.385561/0.04874/0.0/0.399206/0.33378/0.327774;0.075432/0.054506/0.051746/0.050343/0.047412;0.870447/0.583256/0.480296/0.467062/0.372919;3.962348258312918,0.8339885646398719,-1.007793362480925,-0.2184625022447242,1.5379335089084878,-1.2219682106178884,2.086643429391695,0.3990205524591274,0.7373856257481506,1.0031905822232812,-0.9170014086173379,-0.33301527269660747,-0.06658958552078464,-0.7441993918064447,-1.7580419581499847,-1.0709039252833055,-0.13633235006261368,1.0671874518563818,1.416036010040315,-0.6764373579911961,-0.2528779273230124,1.3864902327515567,0.7124389429934609,-0.9134811966593819,0.3126317086033736,-1.9008880944614903,-2.1061867267013232,1.5131046708525724,-2.3973883765155226,-2.3075623322269703,-1.0309901352510602,-1.3807585547892005,-0.7927658302926817,1.8324112437069218,-2.0212897106163914,0.331815038322927,-0.736575562543405,1.6872952076183398,0.03438295917628417,0.5946222219955912,0.11178981004178723,0.692489770862007,-0.09038918989431771,-0.606886238434369,-0.46209764504059364,-0.42221745297613755,0.5063538220682972,1.5681129390097743,0.013499993124852089,0.34068565460125017,-0.8915367697414908,0.1786107731238437,-1.2846452336563858,0.5293864074800793,-2.5468149827751407,-0.7824093689987637,0.8329464259317579,1.7082185787293795,-2.476167995979677,1.041681924654354,0.08063287253346466,-2.0299094422822788,-0.939714893149719,-0.18914089737186826,0.9099712287743175,2.1049416198062456,0.5903387781059164,0.18602790852412465,0.0854971117344111,0.12282087252184085,1.7418879508129845,3.3859857531984097,1.6983552639033075,-0.10154510393714372,-3.3244806189269824,0.7687531498359867,-1.6848216935513642,1.143928385066737,0.3263817179705776,-0.9152986357626633,0.5772500589811952,2.931823907634211,-1.7857715708612139,-1.1335627355323095,-2.2465359582079905,-1.2191013640188155,1.5003515610029745,2.584722186912842,0.3017153957988893,-0.8587770921200077,-0.7945476213599855,0.39132328602899025,-0.5205334053213101,-2.159059439545565,-2.2765947275779777,1.2067226317256237,-0.5804265724323426,-0.33935830296672576,-1.7946001234243,0.0030900835754571615,-0.026472235899217628,-0.2821399339197717,-0.6410193333275724,1.3417567746953152,-0.9309624072823499,-1.6260781611314261,-0.6820815803750979,-1.7174767748909223,0.06401366616456539,-1.1495324016863508,-0.9163725745183509,0.9392985001092633,-3.9513778266017074,-2.8201124160381625,0.23506350229761397,1.1387226370327865,-3.1016708053935154,3.298505927969922,0.7766160888724718,0.10264872521571566,-0.20715516305068077,-1.273809416597154,-0.6002019478551751,1.4031579019546652,1.9029536816220445,-1.6360852959255465,-0.376977191392729,-0.5109650585774372,0.17302844324286124,-2.2171353285480344,0.7725678136485881,-0.33906538130969455,0.39022272738644076,1.4188424724732354,0.127492568140596,-0.5553945032705838,-1.945879927611846,-0.27144054610888757,0.5726981221854851,-1.30328968050792,-0.23133929678812926,-1.2075304087812415,-0.4070849449662902,0.6211555251563001,0.9006091058868869,0.371954948120803,2.9572989873489886,0.2463547675475711,0.36937298007688835,-1.4189899371993233,-0.007316571290008678,-0.015807857067996922,0.1535014596130742,-0.08618296526915417,-2.404695951179009,-1.9490406263211573,-0.8489746980400449,-1.625848979449617;3.4808065776743202,0.8723372919804471,-0.4293885430846588,1.6128651979442328,0.8318245037690412,-1.2453068219403038,2.0560628672339445,-0.4866284179142582,-0.7133791044129464,0.8010172661180419,1.4424108573847378,-0.6103551075070955,-0.33607871592092176,-0.5521695245585503,-2.7977532815928297,-0.9489672034263006,-2.1090291179007346,1.3862290758476772,1.532797521543101,0.12739393906015883,-1.3017290374098225,0.9413449165405718,2.1919640940881613,-0.9988376871432829,-0.9115548171311805,-0.8819451844821791,-0.8948716360537634,0.7359859480473583,-1.5282052389177028,-2.116501696541168,-0.10224040750268937,0.09096539428520323,-1.9511964654913818,0.9063667163114919,-0.3830722727934296,0.39087216407308617,-0.09551086209198983,0.07690072671678563,-2.144346315606136,0.7592810526736657,0.29987936221110745,0.6841510046985967,0.9757755996708546,-1.7063235568486457,-1.3183123260116705,0.2633782406049863,0.7085895783107468,0.5707101606332952,-0.28681229405074504,-1.1778461179397661,0.4937736947171985,0.9726388243685711,-1.0831866479660615,-0.2841487424073051,-1.7310396008811508,0.5148383782141979,2.1244127611160812,0.8191727403948448,-2.0575899096911034,1.652299783069465,-0.1742536578452664,-1.397142366975874,0.4386134895796823,0.5543735539674428,0.9206246507358162,1.739202297871384,1.984850583755654,-0.8791051450211873,-1.1353619629367668,-0.9865315127971894,0.4147591393272914,2.5052064922767885,0.9333584837796104,0.14839077568167225,-3.665872786919659,1.1595270831190352,-1.8995521773218804,1.6791254526106865,0.8369622308569841,-0.2787848019463761,-0.35232972795107964,1.5303121657301522,-1.0852627657914886,-1.097556802939968,-2.2410361277878104,0.30309142568239106,1.766974713357016,1.4101536994115342,1.6901863993420951,-1.66844628371785,-3.1185637045974692,-0.07150675433025971,-0.29102217953127785,-2.468022185728434,-2.209678430291211,0.5595790499900356,-0.4106524460931102,-1.1650189015083812,-2.414348030627518,0.48596529667899124,-1.7389824383905492,-0.130119524374894,-0.673523220388486,1.036760224464647,-1.5078116966889867,-2.38030231596883,1.7315177337150025,-0.4158392307493001,1.197024085641991,-2.6359819441903043,-1.5029172256508878,-0.62341844668839,-1.7763310825202934,-2.1838903735046222,2.5438394435997687,-1.115223010031041,-1.6939649215478008,3.106131119206164,0.5461515206340716,0.8305627840175557,-0.2820627484522819,1.4527155113088093,1.8397980495908186,-0.79069820211579,1.3183284360356766,-2.0791958202943137,-0.05596644222363596,-0.5543298899183197,0.5039581261403177,-2.12557653857707,-0.5140396887876956,-1.2005417486665866,0.6160799490103331,0.8500832562407705,-1.7105345194567676,-0.573799697463271,-0.45887724737028646,-0.42630540311469145,0.28243380563304055,-0.33833115597464386,-0.5953100586126833,-1.874630652437709,-1.5670740907654928,0.6620831833619711,0.7959972645297522,-0.66012443648237,3.3983162667910882,-0.5593194951991675,-0.049495828510796855,-1.815687655577179,0.04898795334449846,-1.9244571187924735,2.342469956025628,-0.5267219926347473,-0.8791652150709732,-0.7788196078283778,-0.690777679366964,-0.6739376972334357
3;119;63750.86889004707;3877;5342;0.047412;0.372919;0.053087/0.048803/0.04952/0.055179/0.077804/0.067019/0.051518/0.088552/0.074803/0.136727/0.083971/0.09831/0.049126/0.053686/0.073662/0.104357/0.049769/0.055292/0.059828/0.080378/0.058825/0.06245/0.049707/0.133584/0.051755/0.0732/0.081623/0.09437/0.098791/0.060243/0.090501/0.134462/0.054506/0.081956/0.061979/0.084655/0.05097/0.051158/0.060583/0.082967/0.075432/0.084309/0.077479/0.051033/0.056304/0.050478/0.078437/0.060286/0.12735/0.058661/0.051716/0.074307/0.051746/0.076651/0.058613/0.075266/0.051352/0.057796/0.123068/0.051019/0.065789/0.099093/0.050579/0.059733/0.144366/0.061308/0.04891/0.085497/0.079944/0.050373/0.050276/0.075787/0.051132/0.050267/0.047412/0.056818/0.052665/0.053368/0.074626/0.090025/0.077382/0.102207/0.054012/0.050133/0.050343/0.059555/0.055821/0.079465/0.051673/0.049265/0.098111/0.050257/0.067338/0.054346/0.050407/0.050025/0.054822/0.096904/0.050124/0.078107;0.165537/0.0/0.0/0.036223/0.388812/0.383887/0.144088/0.415109/0.325298/0.580559/0.376113/0.652556/0.0/0.023476/0.347731/0.431652/0.0/0.294564/0.227244/0.390189/0.312924/0.328826/0.006445/0.441052/0.435754/0.504203/0.408386/0.42012/0.509912/0.342721/0.60153/0.516988/0.583256/0.422252/0.294124/0.397648/0.226153/0.212795/0.268907/0.506995/0.870447/0.403529/0.36525/0.036185/0.345551/0.03868/0.364399/0.37312/0.709778/0.103246/0.007813/0.355678/0.480296/0.431967/0.389558/0.355104/0.036997/0.116644/0.575989/0.394243/0.558212/0.428477/0.000593/0.109414/0.423246/0.337758/4.8e-05/0.41552/0.594109/0.024442/0.0/0.545694/0.067263/0.149309/0.372919/0.326847/0.014583/0.238661/0.411246/0.420492/0.385752/0.514062/0.179173/0.054/0.467062/0.314148/0.078652/0.393717/0.017958/0.224576/0.394071/0.0/0.425541/0.385561/0.04874/0.0/0.399206/0.33378/0.327774/0.375616;0.075432/0.054506/0.051746/0.050343/0.047412;0.870447/0.583256/0.480296/0.467062/0.372919;3.962348258312918,0.8339885646398719,-1.007793362480925,-0.2184625022447242,1.5379335089084878,-1.2219682106178884,2.086643429391695,0.3990205524591274,0.7373856257481506,1.0031905822232812,-0.9170014086173379,-0.33301527269660747,-0.06658958552078464,-0.7441993918064447,-1.7580419581499847,-1.0709039252833055,-0.13633235006261368,1.0671874518563818,1.416036010040315,-0.6764373579911961,-0.2528779273230124,1.3864902327515567,0.7124389429934609,-0.9134811966593819,0.3126317086033736,-1.9008880944614903,-2.1061867267013232,1.5131046708525724,-2.3973883765155226,-2.3075623322269703,-1.0309901352510602,-1.3807585547892005,-0.7927658302926817,1.8324112437069218,-2.0212897106163914,0.331815038322927,-0.736575562543405,1.6872952076183398,0.03438295917628417,0.5946222219955912,0.11178981004178723,0.692489770862007,-0.09038918989431771,-0.606886238434369,-0.46209764504059364,-0.42221745297613755,0.5063538220682972,1.5681129390097743,0.013499993124852089,0.34068565460125017,-0.8915367697414908,0.1786107731238437,-1.2846452336563858,0.5293864074800793,-2.5468149827751407,-0.7824093689987637,0.8329464259317579,1.7082185787293795,-2.476167995979677,1.041681924654354,0.08063287253346466,-2.0299094422822788,-0.939714893149719,-0.18914089737186826,0.9099712287743175,2.1049416198062456,0.5903387781059164,0.18602790852412465,0.0854971117344111,0.12282087252184085,1.7418879508129845,3.3859857531984097,1.6983552639033075,-0.10154510393714372,-3.3244806189269824,0.7687531498359867,-1.6848216935513642,1.143928385066737,0.3263817179705776,-0.9152986357626633,0.5772500589811952,2.931823907634211,-1.7857715708612139,-1.1335627355323095,-2.2465359582079905,-1.2191013640188155,1.5003515610029745,2.584722186912842,0.3017153957988893,-0.8587770921200077,-0.7945476213599855,0.39132328602899025,-0.5205334053213101,-2.159059439545565,-2.2765947275779777,1.2067226317256237,-0.5804265724323426,-0.33935830296672576,-1.7946001234243,0.0030900835754571615,-0.026472235899217628,-0.2821399339197717,-0.6410193333275724,1.3417567746953152,-0.9309624072823499,-1.6260781611314261,-0.6820815803750979,-1.7174767748909223,0.06401366616456539,-1.1495324016863508,-0.9163725745183509,0.9392985001092633,-3.9513778266017074,-2.8201124160381625,0.23506350229761397,1.1387226370327865,-3.1016708053935154,3.298505927969922,0.7766160888724718,0.10264872521571566,-0.20715516305068077,-1.273809416597154,-0.6002019478551751,1.4031579019546652,1.9029536816220445,-1.6360852959255465,-0.376977191392729,-0.5109650585774372,0.17302844324286124,-2.2171353285480344,0.7725678136485881,-0.33906538130969455,0.39022272738644076,1.4188424724732354,0.127492568140596,-0.5553945032705838,-1.945879927611846,-0.27144054610888757,0.5726981221854851,-1.30328968050792,-0.23133929678812926,-1.2075304087812415,-0.4070849449662902,0.6211555251563001,0.9006091058868869,0.371954948120803,2.9572989873489886,0.2463547675475711,0.36937298007688835,-1.4189899371993233,-0.007316571290008678,-0.015807857067996922,0.1535014596130742,-0.08618296526915417,-2.404695951179009,-1.9490406263211573,-0.8489746980400449,-1.625848979449617;3.4808065776743202,0.8723372919804471,-0.4293885430846588,1.6128651979442328,0.8318245037690412,-1.2453068219403038,2.0560628672339445,-0.4866284179142582,-0.7133791044129464,0.8010172661180419,1.4424108573847378,-0.6103551075070955,-0.33607871592092176,-0.5521695245585503,-2.7977532815928297,-0.9489672034263006,-2.1090291179007346,1.3862290758476772,1.532797521543101,0.12739393906015883,-1.3017290374098225,0.9413449165405718,2.1919640940881613,-0.9988376871432829,-0.9115548171311805,-0.8819451844821791,-0.8948716360537634,0.7359859480473583,-1.5282052389177028,-2.116501696541168,-0.10224040750268937,0.09096539428520323,-1.9511964654913818,0.9063667163114919,-0.3830722727934296,0.39087216407308617,-0.09551086209198983,0.07690072671678563,-2.144346315606136,0.7592810526736657,0.29987936221110745,0.6841510046985967,0.9757755996708546,-1.7063235568486457,-1.3183123260116705,0.2633782406049863,0.7085895783107468,0.5707101606332952,-0.28681229405074504,-1.1778461179397661,0.4937736947171985,0.9726388243685711,-1.0831866479660615,-0.2841487424073051,-1.7310396008811508,0.5148383782141979,2.1244127611160812,0.8191727403948448,-2.0575899096911034,1.652299783069465,-0.1742536578452664,-1.397142366975874,0.4386134895796823,0.5543735539674428,0.9206246507358162,1.739202297871384,1.984850583755654,-0.8791051450211873,-1.1353619629367668,-0.9865315127971894,0.4147591393272914,2.5052064922767885,0.9333584837796104,0.14839077568167225,-3.665872786919659,1.1595270831190352,-1.8995521773218804,1.6791254526106865,0.8369622308569841,-0.2787848019463761,-0.35232972795107964,1.5303121657301522,-1.0852627657914886,-1.097556802939968,-2.2410361277878104,0.30309142568239106,1.766974713357016,1.4101536994115342,1.6901863993420951,-1.66844628371785,-3.1185637045974692,-0.07150675433025971,-0.29102217953127785,-2.468022185728434,-2.209678430291211,0.5595790499900356,-0.4106524460931102,-1.1650189015083812,-2.414348030627518,0.48596529667899124,-1.7389824383905492,-0.130119524374894,-0.673523220388486,1.036760224464647,-1.5078116966889867,-2.38030231596883,1.7315177337150025,-0.4158392307493001,1.197024085641991,-2.6359819441903043,-1.5029172256508878,-0.62341844668839,-1.7763310825202934,-2.1838903735046222,2.5438394435997687,-1.115223010031041,-1.6939649215478008,3.106131119206164,0.5461515206340716,0.8305627840175557,-0.2820627484522819,1.4527155113088093,1.8397980495908186,-0.79069820211579,1.3183284360356766,-2.0791958202943137,-0.05596644222363596,-0.5543298899183197,0.5039581261403177,-2.12557653857707,-0.5140396887876956,-1.2005417486665866,0.6160799490103331,0.8500832562407705,-1.7105345194567676,-0.573799697463271,-0.45887724737028646,-0.42630540311469145,0.28243380563304055,-0.33833115597464386,-0.5953100586126833,-1.874630652437709,-1.5670740907654928,0.6620831833619711,0.7959972645297522,-0.66012443648237,3.3983162667910882,-0.5593194951991675,-0.049495828510796855,-1.815687655577179,0.04898795334449846,-1.9244571187924735,2.342469956025628,-0.5267219926347473,-0.8791652150709732,-0.7788196078283778,-0.690777679366964,-0.6739376972334357
3;120;64301.25390315056;3877;5342;0.047412;0.372919;0.053087/0.048803/0.04952/0.055179/0.077804/0.067019/0.051518/0.088552/0.136727/0.083971/0.09831/0.049126/0.053686/0.073662/0.104357/0.049769/0.055292/0.059828/0.080378/0.058825/0.06245/0.049707/0.133584/0.051755/0.0732/0.081623/0.09437/0.098791/0.060243/0.090501/0.134462/0.054506/0.081956/0.061979/0.084655/0.05097/0.051158/0.060583/0.082967/0.075432/0.084309/0.077479/0.051033/0.056304/0.050478/0.078437/0.060286/0.12735/0.058661/0.051716/0.074307/0.051746/0.076651/0.058613/0.075266/0.051352/0.057796/0.123068/0.051019/0.065789/0.099093/0.050579/0.144366/0.061308/0.04891/0.085497/0.079944/0.050373/0.050276/0.075787/0.051132/0.050267/0.047412/0.056818/0.052665/0.053368/0.074626/0.090025/0.077382/0.102207/0.054012/0.050133/0.050343/0.059555/0.055821/0.079465/0.051673/0.049265/0.098111/0.050257/0.067338/0.054346/0.050407/0.050025/0.054822/0.096904/0.050124/0.078107/0.052844/0.058436;0.165537/0.0/0.0/0.036223/0.388812/0.383887/0.144088/0.415109/0.580559/0.376113/0.652556/0.0/0.023476/0.347731/0.431652/0.0/0.294564/0.227244/0.390189/0.312924/0.328826/0.006445/0.441052/0.435754/0.504203/0.408386/0.42012/0.509912/0.342721/0.60153/0.516988/0.583256/0.422252/0.294124/0.397648/0.226153/0.212795/0.268907/0.506995/0.870447/0.403529/0.36525/0.036185/0.345551/0.03868/0.364399/0.37312/0.709778/0.103246/0.007813/0.355678/0.480296/0.431967/0.389558/0.355104/0.036997/0.116644/0.575989/0.394243/0.558212/0.428477/0.000593/0.423246/0.337758/4.8e-05/0.41552/0.594109/0.024442/0.0/0.545694/0.067263/0.149309/0.372919/0.326847/0.014583/0.238661/0.411246/0.420492/0.385752/0.514062/0.179173/0.054/0.467062/0.314148/0.078652/0.393717/0.017958/0.224576/0.394071/0.0/0.425541/0.385561/0.04874/0.0/0.399206/0.33378/0.327774/0.375616/0.206971/0.366273;0.075432/0.054506/0.051746/0.050343/0.047412;0.870447/0.583256/0.480296/0.467062/0.372919;3.962348258312918,0.8339885646398719,-1.007793362480925,-0.2184625022447242,1.5379335089084878,-1.2219682106178884,2.086643429391695,0.3990205524591274,0.7373856257481506,1.0031905822232812,-0.9170014086173379,-0.33301527269660747,-0.06658958552078464,-0.7441993918064447,-1.7580419581499847,-1.0709039252833055,-0.13633235006261368,1.0671874518563818,1.416036010040315,-0.6764373579911961,-0.2528779273230124,1.3864902327515567,0.7124389429934609,-0.9134811966593819,0.3126317086033736,-1.9008880944614903,-2.1061867267013232,1.5131046708525724,-2.3973883765155226,-2.3075623322269703,-1.0309901352510602,-1.3807585547892005,-0.7927658302926817,1.8324112437069218,-2.0212897106163914,0.331815038322927,-0.736575562543405,1.6872952076183398,0.03438295917628417,0.5946222219955912,0.11178981004178723,0.692489770862007,-0.09038918989431771,-0.606886238434369,-0.46209764504059364,-0.42221745297613755,0.5063538220682972,1.5681129390097743,0.013499993124852089,0.34068565460125017,-0.8915367697414908,0.1786107731238437,-1.2846452336563858,0.5293864074800793,-2.5468149827751407,-0.7824093689987637,0.8329464259317579,1.7082185787293795,-2.476167995979677,1.041681924654354,0.08063287253346466,-2.0299094422822788,-0.939714893149719,-0.18914089737186826,0.9099712287743175,2.1049416198062456,0.5903387781059164,0.18602790852412465,0.0854971117344111,0.12282087252184085,1.7418879508129845,3.3859857531984097,1.6983552639033075,-0.10154510393714372,-3.3244806189269824,0.7687531498359867,-1.6848216935513642,1.143928385066737,0.3263817179705776,-0.9152986357626633,0.5772500589811952,2.931823907634211,-1.7857715708612139,-1.1335627355323095,-2.2465359582079905,-1.2191013640188155,1.5003515610029745,2.584722186912842,0.3017153957988893,-0.8587770921200077,-0.7945476213599855,0.39132328602899025,-0.5205334053213101,-2.159059439545565,-2.2765947275779777,1.2067226317256237,-0.5804265724323426,-0.33935830296672576,-1.7946001234243,0.0030900835754571615,-0.026472235899217628,-0.2821399339197717,-0.6410193333275724,1.3417567746953152,-0.9309624072823499,-1.6260781611314261,-0.6820815803750979,-1.7174767748909223,0.06401366616456539,-1.1495324016863508,-0.9163725745183509,0.9392985001092633,-3.9513778266017074,-2.8201124160381625,0.23506350229761397,1.1387226370327865,-3.1016708053935154,3.298505927969922,0.7766160888724718,0.10264872521571566,-0.20715516305068077,-1.273809416597154,-0.6002019478551751,1.4031579019546652,1.9029536816220445,-1.6360852959255465,-0.376977191392729,-0.5109650585774372,0.17302844324286124,-2.2171353285480344,0.7725678136485881,-0.33906538130969455,0.39022272738644076,1.4188424724732354,0.127492568140596,-0.5553945032705838,-1.945879927611846,-0.27144054610888757,0.5726981221854851,-1.30328968050792,-0.23133929678812926,-1.2075304087812415,-0.4070849449662902,0.6211555251563001,0.9006091058868869,0.371954948120803,2.9572989873489886,0.2463547675475711,0.36937298007688835,-1.4189899371993233,-0.007316571290008678,-0.015807857067996922,0.1535014596130742,-0.08618296526915417,-2.404695951179009,-1.9490406263211573,-0.8489746980400449,-1.625848979449617;3.4808065776743202,0.8723372919804471,-0.4293885430846588,1.6128651979442328,0.8318245037690412,-1.2453068219403038,2.0560628672339445,-0.4866284179142582,-0.7133791044129464,0.8010172661180419,1.4424108573847378,-0.6103551075070955,-0.33607871592092176,-0.5521695245585503,-2.7977532815928297,-0.9489672034263006,-2.1090291179007346,1.3862290758476772,1.532797521543101,0.12739393906015883,-1.3017290374098225,0.9413449165405718,2.1919640940881613,-0.9988376871432829,-0.9115548171311805,-0.8819451844821791,-0.8948716360537634,0.7359859480473583,-1.5282052389177028,-2.116501696541168,-0.10224040750268937,0.09096539428520323,-1.9511964654913818,0.9063667163114919,-0.3830722727934296,0.39087216407308617,-0.09551086209198983,0.07690072671678563,-2.144346315606136,0.7592810526736657,0.29987936221110745,0.6841510046985967,0.9757755996708546,-1.7063235568486457,-1.3183123260116705,0.2633782406049863,0.7085895783107468,0.5707101606332952,-0.28681229405074504,-1.1778461179397661,0.4937736947171985,0.9726388243685711,-1.0831866479660615,-0.2841487424073051,-1.7310396008811508,0.5148383782141979,2.1244127611160812,0.8191727403948448,-2.0575899096911034,1.652299783069465,-0.1742536578452664,-1.397142366975874,0.4386134895796823,0.5543735539674428,0.9206246507358162,1.739202297871384,1.984850583755654,-0.8791051450211873,-1.1353619629367668,-0.9865315127971894,0.4147591393272914,2.5052064922767885,0.9333584837796104,0.14839077568167225,-3.665872786919659,1.1595270831190352,-1.8995521773218804,1.6791254526106865,0.8369622308569841,-0.2787848019463761,-0.35232972795107964,1.5303121657301522,-1.0852627657914886,-1.097556802939968,-2.2410361277878104,0.30309142568239106,1.766974713357016,1.4101536994115342,1.6901863993420951,-1.66844628371785,-3.1185637045974692,-0.07150675433025971,-0.29102217953127785,-2.468022185728434,-2.209678430291211,0.5595790499900356,-0.4106524460931102,-1.1650189015083812,-2.414348030627518,0.48596529667899124,-1.7389824383905492,-0.130119524374894,-0.673523220388486,1.036760224464647,-1.5078116966889867,-2.38030231596883,1.7315177337150025,-0.4158392307493001,1.197024085641991,-2.6359819441903043,-1.5029172256508878,-0.62341844668839,-1.7763310825202934,-2.1838903735046222,2.5438394435997687,-1.115223010031041,-1.6939649215478008,3.106131119206164,0.5461515206340716,0.8305627840175557,-0.2820627484522819,1.4527155113088093,1.8397980495908186,-0.79069820211579,1.3183284360356766,-2.0791958202943137,-0.05596644222363596,-0.5543298899183197,0.5039581261403177,-2.12557653857707,-0.5140396887876956,-1.2005417486665866,0.6160799490103331,0.8500832562407705,-1.7105345194567676,-0.573799697463271,-0.45887724737028646,-0.42630540311469145,0.28243380563304055,-0.33833115597464386,-0.5953100586126833,-1.874630652437709,-1.5670740907654928,0.6620831833619711,0.7959972645297522,-0.66012443648237,3.3983162667910882,-0.5593194951991675,-0.049495828510796855,-1.815687655577179,0.04898795334449846,-1.9244571187924735,2.342469956025628,-0.5267219926347473,-0.8791652150709732,-0.7788196078283778,-0.690777679366964,-0.6739376972334357
3;121;64840.67859554291;3877;5342;0.047412;0.372919;0.053087/0.048803/0.04952/0.055179/0.077804/0.067019/0.051518/0.088552/0.136727/0.083971/0.09831/0.049126/0.053686/0.073662/0.104357/0.049769/0.055292/0.059828/0.080378/0.058825/0.06245/0.049707/0.133584/0.051755/0.0732/0.081623/0.09437/0.098791/0.060243/0.090501/0.134462/0.054506/0.081956/0.061979/0.084655/0.05097/0.051158/0.060583/0.082967/0.075432/0.084309/0.077479/0.051033/0.056304/0.050478/0.078437/0.060286/0.12735/0.058661/0.051716/0.074307/0.051746/0.076651/0.058613/0.075266/0.051352/0.057796/0.123068/0.051019/0.065789/0.099093/0.050579/0.144366/0.061308/0.04891/0.085497/0.079944/0.050373/0.050276/0.075787/0.051132/0.050267/0.047412/0.056818/0.052665/0.053368/0.074626/0.090025/0.077382/0.102207/0.054012/0.050133/0.050343/0.059555/0.055821/0.079465/0.051673/0.049265/0.098111/0.050257/0.067338/0.054346/0.050407/0.050025/0.054822/0.050124/0.078107/0.052844/0.058436/0.056989;0.165537/0.0/0.0/0.036223/0.388812/0.383887/0.144088/0.415109/0.580559/0.376113/0.652556/0.0/0.023476/0.347731/0.431652/0.0/0.294564/0.227244/0.390189/0.312924/0.328826/0.006445/0.441052/0.435754/0.504203/0.408386/0.42012/0.509912/0.342721/0.60153/0.516988/0.583256/0.422252/0.294124/0.397648/0.226153/0.212795/0.268907/0.506995/0.870447/0.403529/0.36525/0.036185/0.345551/0.03868/0.364399/0.37312/0.709778/0.103246/0.007813/0.355678/0.480296/0.431967/0.389558/0.355104/0.036997/0.116644/0.575989/0.394243/0.558212/0.428477/0.000593/0.423246/0.337758/4.8e-05/0.41552/0.594109/0.024442/0.0/0.545694/0.067263/0.149309/0.372919/0.326847/0.014583/0.238661/0.411246/0.420492/0.385752/0.514062/0.179173/0.054/0.467062/0.314148/0.078652/0.393717/0.017958/0.224576/0.394071/0.0/0.425541/0.385561/0.04874/0.0/0.399206/0.327774/0.375616/0.206971/0.366273/0.070696;0.075432/0.054506/0.051746/0.050343/0.047412;0.870447/0.583256/0.480296/0.467062/0.372919;3.962348258312918,0.8339885646398719,-1.007793362480925,-0.2184625022447242,1.5379335089084878,-1.2219682106178884,2.086643429391695,0.3990205524591274,0.7373856257481506,1.0031905822232812,-0.9170014086173379,-0.33301527269660747,-0.06658958552078464,-0.7441993918064447,-1.7580419581499847,-1.0709039252833055,-0.13633235006261368,1.0671874518563818,1.416036010040315,-0.6764373579911961,-0.2528779273230124,1.3864902327515567,0.7124389429934609,-0.9134811966593819,0.3126317086033736,-1.9008880944614903,-2.1061867267013232,1.5131046708525724,-2.3973883765155226,-2.3075623322269703,-1.0309901352510602,-1.3807585547892005,-0.7927658302926817,1.8324112437069218,-2.0212897106163914,0.331815038322927,-0.736575562543405,1.6872952076183398,0.03438295917628417,0.5946222219955912,0.11178981004178723,0.692489770862007,-0.09038918989431771,-0.606886238434369,-0.46209764504059364,-0.42221745297613755,0.5063538220682972,1.5681129390097743,0.013499993124852089,0.34068565460125017,-0.8915367697414908,0.1786107731238437,-1.2846452336563858,0.5293864074800793,-2.5468149827751407,-0.7824093689987637,0.8329464259317579,1.7082185787293795,-2.476167995979677,1.041681924654354,0.08063287253346466,-2.0299094422822788,-0.939714893149719,-0.18914089737186826,0.9099712287743175,2.1049416198062456,0.5903387781059164,0.18602790852412465,0.0854971117344111,0.12282087252184085,1.7418879508129845,3.3859857531984097,1.6983552639033075,-0.10154510393714372,-3.3244806189269824,0.7687531498359867,-1.6848216935513642,1.143928385066737,0.3263817179705776,-0.9152986357626633,0.5772500589811952,2.931823907634211,-1.7857715708612139,-1.1335627355323095,-2.2465359582079905,-1.2191013640188155,1.5003515610029745,2.584722186912842,0.3017153957988893,-0.8587770921200077,-0.7945476213599855,0.39132328602899025,-0.5205334053213101,-2.159059439545565,-2.2765947275779777,1.2067226317256237,-0.5804265724323426,-0.33935830296672576,-1.7946001234243,0.0030900835754571615,-0.026472235899217628,-0.2821399339197717,-0.6410193333275724,1.3417567746953152,-0.9309624072823499,-1.6260781611314261,-0.6820815803750979,-1.7174767748909223,0.06401366616456539,-1.1495324016863508,-0.9163725745183509,0.9392985001092633,-3.9513778266017074,-2.8201124160381625,0.23506350229761397,1.1387226370327865,-3.1016708053935154,3.298505927969922,0.7766160888724718,0.10264872521571566,-0.20715516305068077,-1.273809416597154,-0.6002019478551751,1.4031579019546652,1.9029536816220445,-1.6360852959255465,-0.376977191392729,-0.5109650585774372,0.17302844324286124,-2.2171353285480344,0.7725678136485881,-0.33906538130969455,0.39022272738644076,1.4188424724732354,0.127492568140596,-0.5553945032705838,-1.945879927611846,-0.27144054610888757,0.5726981221854851,-1.30328968050792,-0.23133929678812926,-1.2075304087812415,-0.4070849449662902,0.6211555251563001,0.9006091058868869,0.371954948120803,2.9572989873489886,0.2463547675475711,0.36937298007688835,-1.4189899371993233,-0.007316571290008678,-0.015807857067996922,0.1535014596130742,-0.08618296526915417,-2.404695951179009,-1.9490406263211573,-0.8489746980400449,-1.625848979449617;3.4808065776743202,0.8723372919804471,-0.4293885430846588,1.6128651979442328,0.8318245037690412,-1.2453068219403038,2.0560628672339445,-0.4866284179142582,-0.7133791044129464,0.8010172661180419,1.4424108573847378,-0.6103551075070955,-0.33607871592092176,-0.5521695245585503,-2.7977532815928297,-0.9489672034263006,-2.1090291179007346,1.3862290758476772,1.532797521543101,0.12739393906015883,-1.3017290374098225,0.9413449165405718,2.1919640940881613,-0.9988376871432829,-0.9115548171311805,-0.8819451844821791,-0.8948716360537634,0.7359859480473583,-1.5282052389177028,-2.116501696541168,-0.10224040750268937,0.09096539428520323,-1.9511964654913818,0.9063667163114919,-0.3830722727934296,0.39087216407308617,-0.09551086209198983,0.07690072671678563,-2.144346315606136,0.7592810526736657,0.29987936221110745,0.6841510046985967,0.9757755996708546,-1.7063235568486457,-1.3183123260116705,0.2633782406049863,0.7085895783107468,0.5707101606332952,-0.28681229405074504,-1.1778461179397661,0.4937736947171985,0.9726388243685711,-1.0831866479660615,-0.2841487424073051,-1.7310396008811508,0.5148383782141979,2.1244127611160812,0.8191727403948448,-2.0575899096911034,1.652299783069465,-0.1742536578452664,-1.397142366975874,0.4386134895796823,0.5543735539674428,0.9206246507358162,1.739202297871384,1.984850583755654,-0.8791051450211873,-1.1353619629367668,-0.9865315127971894,0.4147591393272914,2.5052064922767885,0.9333584837796104,0.14839077568167225,-3.665872786919659,1.1595270831190352,-1.8995521773218804,1.6791254526106865,0.8369622308569841,-0.2787848019463761,-0.35232972795107964,1.5303121657301522,-1.0852627657914886,-1.097556802939968,-2.2410361277878104,0.30309142568239106,1.766974713357016,1.4101536994115342,1.6901863993420951,-1.66844628371785,-3.1185637045974692,-0.07150675433025971,-0.29102217953127785,-2.468022185728434,-2.209678430291211,0.5595790499900356,-0.4106524460931102,-1.1650189015083812,-2.414348030627518,0.48596529667899124,-1.7389824383905492,-0.130119524374894,-0.673523220388486,1.036760224464647,-1.5078116966889867,-2.38030231596883,1.7315177337150025,-0.4158392307493001,1.197024085641991,-2.6359819441903043,-1.5029172256508878,-0.62341844668839,-1.7763310825202934,-2.1838903735046222,2.5438394435997687,-1.115223010031041,-1.6939649215478008,3.106131119206164,0.5461515206340716,0.8305627840175557,-0.2820627484522819,1.4527155113088093,1.8397980495908186,-0.79069820211579,1.3183284360356766,-2.0791958202943137,-0.05596644222363596,-0.5543298899183197,0.5039581261403177,-2.12557653857707,-0.5140396887876956,-1.2005417486665866,0.6160799490103331,0.8500832562407705,-1.7105345194567676,-0.573799697463271,-0.45887724737028646,-0.42630540311469145,0.28243380563304055,-0.33833115597464386,-0.5953100586126833,-1.874630652437709,-1.5670740907654928,0.6620831833619711,0.7959972645297522,-0.66012443648237,3.3983162667910882,-0.5593194951991675,-0.049495828510796855,-1.815687655577179,0.04898795334449846,-1.9244571187924735,2.342469956025628,-0.5267219926347473,-0.8791652150709732,-0.7788196078283778,-0.690777679366964,-0.6739376972334357
3;122;65392.97740006447;3877;5342;0.047412;0.372919;0.053087/0.048803/0.04952/0.055179/0.077804/0.067019/0.051518/0.088552/0.136727/0.083971/0.09831/0.049126/0.053686/0.073662/0.104357/0.049769/0.055292/0.059828/0.080378/0.058825/0.06245/0.049707/0.133584/0.051755/0.0732/0.081623/0.09437/0.098791/0.060243/0.090501/0.134462/0.054506/0.081956/0.061979/0.084655/0.05097/0.051158/0.060583/0.082967/0.075432/0.084309/0.077479/0.051033/0.056304/0.050478/0.078437/0.060286/0.12735/0.051716/0.074307/0.051746/0.076651/0.058613/0.075266/0.051352/0.057796/0.123068/0.051019/0.065789/0.099093/0.050579/0.144366/0.061308/0.04891/0.085497/0.079944/0.050373/0.050276/0.075787/0.051132/0.050267/0.047412/0.056818/0.052665/0.053368/0.074626/0.090025/0.077382/0.102207/0.054012/0.050133/0.050343/0.059555/0.055821/0.079465/0.051673/0.049265/0.098111/0.050257/0.067338/0.054346/0.050407/0.050025/0.054822/0.050124/0.078107/0.052844/0.058436/0.056989/0.157951;0.165537/0.0/0.0/0.036223/0.388812/0.383887/0.144088/0.415109/0.580559/0.376113/0.652556/0.0/0.023476/0.347731/0.431652/0.0/0.294564/0.227244/0.390189/0.312924/0.328826/0.006445/0.441052/0.435754/0.504203/0.408386/0.42012/0.509912/0.342721/0.60153/0.516988/0.583256/0.422252/0.294124/0.397648/0.226153/0.212795/0.268907/0.506995/0.870447/0.403529/0.36525/0.036185/0.345551/0.03868/0.364399/0.37312/0.709778/0.007813/0.355678/0.480296/0.431967/0.389558/0.355104/0.036997/0.116644/0.575989/0.394243/0.558212/0.428477/0.000593/0.423246/0.337758/4.8e-05/0.41552/0.594109/0.024442/0.0/0.545694/0.067263/0.149309/0.372919/0.326847/0.014583/0.238661/0.411246/0.420492/0.385752/0.514062/0.179173/0.054/0.467062/0.314148/0.078652/0.393717/0.017958/0.224576/0.394071/0.0/0.425541/0.385561/0.04874/0.0/0.399206/0.327774/0.375616/0.206971/0.366273/0.070696/0.756873;0.075432/0.054506/0.051746/0.050343/0.047412;0.870447/0.583256/0.480296/0.467062/0.372919;3.962348258312918,0.8339885646398719,-1.007793362480925,-0.2184625022447242,1.5379335089084878,-1.2219682106178884,2.086643429391695,0.3990205524591274,0.7373856257481506,1.0031905822232812,-0.9170014086173379,-0.33301527269660747,-0.06658958552078464,-0.7441993918064447,-1.7580419581499847,-1.0709039252833055,-0.13633235006261368,1.0671874518563818,1.416036010040315,-0.6764373579911961,-0.2528779273230124,1.3864902327515567,0.7124389429934609,-0.9134811966593819,0.3126317086033736,-1.9008880944614903,-2.1061867267013232,1.5131046708525724,-2.3973883765155226,-2.3075623322269703,-1.0309901352510602,-1.3807585547892005,-0.7927658302926817,1.8324112437069218,-2.0212897106163914,0.331815038322927,-0.736575562543405,1.6872952076183398,0.03438295917628417,0.5946222219955912,0.11178981004178723,0.692489770862007,-0.09038918989431771,-0.606886238434369,-0.46209764504059364,-0.42221745297613755,0.5063538220682972,1.5681129390097743,0.013499993124852089,0.34068565460125017,-0.8915367697414908,0.1786107731238437,-1.2846452336563858,0.5293864074800793,-2.5468149827751407,-0.7824093689987637,0.8329464259317579,1.7082185787293795,-2.476167995979677,1.041681924654354,0.08063287253346466,-2.0299094422822788,-0.939714893149719,-0.18914089737186826,0.9099712287743175,2.1049416198062456,0.5903387781059164,0.18602790852412465,0.0854971117344111,0.12282087252184085,1.7418879508129845,3.3859857531984097,1.6983552639033075,-0.10154510393714372,-3.3244806189269824,0.7687531498359867,-1.6848216935513642,1.143928385066737,0.3263817179705776,-0.9152986357626633,0.5772500589811952,2.931823907634211,-1.7857715708612139,-1.1335627355323095,-2.2465359582079905,-1.2191013640188155,1.5003515610029745,2.584722186912842,0.3017153957988893,-0.8587770921200077,-0.7945476213599855,0.39132328602899025,-0.5205334053213101,-2.159059439545565,-2.2765947275779777,1.2067226317256237,-0.5804265724323426,-0.33935830296672576,-1.7946001234243,0.0030900835754571615,-0.026472235899217628,-0.2821399339197717,-0.6410193333275724,1.3417567746953152,-0.9309624072823499,-1.6260781611314261,-0.6820815803750979,-1.7174767748909223,0.06401366616456539,-1.1495324016863508,-0.9163725745183509,0.9392985001092633,-3.9513778266017074,-2.8201124160381625,0.23506350229761397,1.1387226370327865,-3.1016708053935154,3.298505927969922,0.7766160888724718,0.10264872521571566,-0.20715516305068077,-1.273809416597154,-0.6002019478551751,1.4031579019546652,1.9029536816220445,-1.6360852959255465,-0.376977191392729,-0.5109650585774372,0.17302844324286124,-2.2171353285480344,0.7725678136485881,-0.33906538130969455,0.39022272738644076,1.4188424724732354,0.127492568140596,-0.5553945032705838,-1.945879927611846,-0.27144054610888757,0.5726981221854851,-1.30328968050792,-0.23133929678812926,-1.2075304087812415,-0.4070849449662902,0.6211555251563001,0.9006091058868869,0.371954948120803,2.9572989873489886,0.2463547675475711,0.36937298007688835,-1.4189899371993233,-0.007316571290008678,-0.015807857067996922,0.1535014596130742,-0.08618296526915417,-2.404695951179009,-1.9490406263211573,-0.8489746980400449,-1.625848979449617;3.4808065776743202,0.8723372919804471,-0.4293885430846588,1.6128651979442328,0.8318245037690412,-1.2453068219403038,2.0560628672339445,-0.4866284179142582,-0.7133791044129464,0.8010172661180419,1.4424108573847378,-0.6103551075070955,-0.33607871592092176,-0.5521695245585503,-2.7977532815928297,-0.9489672034263006,-2.1090291179007346,1.3862290758476772,1.532797521543101,0.12739393906015883,-1.3017290374098225,0.9413449165405718,2.1919640940881613,-0.9988376871432829,-0.9115548171311805,-0.8819451844821791,-0.8948716360537634,0.7359859480473583,-1.5282052389177028,-2.116501696541168,-0.10224040750268937,0.09096539428520323,-1.9511964654913818,0.9063667163114919,-0.3830722727934296,0.39087216407308617,-0.09551086209198983,0.07690072671678563,-2.144346315606136,0.7592810526736657,0.29987936221110745,0.6841510046985967,0.9757755996708546,-1.7063235568486457,-1.3183123260116705,0.2633782406049863,0.7085895783107468,0.5707101606332952,-0.28681229405074504,-1.1778461179397661,0.4937736947171985,0.9726388243685711,-1.0831866479660615,-0.2841487424073051,-1.7310396008811508,0.5148383782141979,2.1244127611160812,0.8191727403948448,-2.0575899096911034,1.652299783069465,-0.1742536578452664,-1.397142366975874,0.4386134895796823,0.5543735539674428,0.9206246507358162,1.739202297871384,1.984850583755654,-0.8791051450211873,-1.1353619629367668,-0.9865315127971894,0.4147591393272914,2.5052064922767885,0.9333584837796104,0.14839077568167225,-3.665872786919659,1.1595270831190352,-1.8995521773218804,1.6791254526106865,0.8369622308569841,-0.2787848019463761,-0.35232972795107964,1.5303121657301522,-1.0852627657914886,-1.097556802939968,-2.2410361277878104,0.30309142568239106,1.766974713357016,1.4101536994115342,1.6901863993420951,-1.66844628371785,-3.1185637045974692,-0.07150675433025971,-0.29102217953127785,-2.468022185728434,-2.209678430291211,0.5595790499900356,-0.4106524460931102,-1.1650189015083812,-2.414348030627518,0.48596529667899124,-1.7389824383905492,-0.130119524374894,-0.673523220388486,1.036760224464647,-1.5078116966889867,-2.38030231596883,1.7315177337150025,-0.4158392307493001,1.197024085641991,-2.6359819441903043,-1.5029172256508878,-0.62341844668839,-1.7763310825202934,-2.1838903735046222,2.5438394435997687,-1.115223010031041,-1.6939649215478008,3.106131119206164,0.5461515206340716,0.8305627840175557,-0.2820627484522819,1.4527155113088093,1.8397980495908186,-0.79069820211579,1.3183284360356766,-2.0791958202943137,-0.05596644222363596,-0.5543298899183197,0.5039581261403177,-2.12557653857707,-0.5140396887876956,-1.2005417486665866,0.6160799490103331,0.8500832562407705,-1.7105345194567676,-0.573799697463271,-0.45887724737028646,-0.42630540311469145,0.28243380563304055,-0.33833115597464386,-0.5953100586126833,-1.874630652437709,-1.5670740907654928,0.6620831833619711,0.7959972645297522,-0.66012443648237,3.3983162667910882,-0.5593194951991675,-0.049495828510796855,-1.815687655577179,0.04898795334449846,-1.9244571187924735,2.342469956025628,-0.5267219926347473,-0.8791652150709732,-0.7788196078283778,-0.690777679366964,-0.6739376972334357
3;123;65939.32347369194;3877;5342;0.047412;0.372919;0.053087/0.048803/0.04952/0.055179/0.077804/0.067019/0.051518/0.088552/0.136727/0.083971/0.09831/0.049126/0.053686/0.073662/0.104357/0.049769/0.055292/0.059828/0.080378/0.058825/0.06245/0.049707/0.133584/0.051755/0.0732/0.081623/0.09437/0.098791/0.060243/0.090501/0.134462/0.054506/0.081956/0.061979/0.084655/0.05097/0.051158/0.060583/0.082967/0.075432/0.084309/0.077479/0.051033/0.056304/0.050478/0.078437/0.060286/0.12735/0.051716/0.074307/0.051746/0.076651/0.058613/0.075266/0.051352/0.057796/0.123068/0.051019/0.065789/0.099093/0.050579/0.144366/0.061308/0.04891/0.085497/0.079944/0.050373/0.050276/0.075787/0.051132/0.050267/0.047412/0.056818/0.053368/0.074626/0.090025/0.077382/0.102207/0.054012/0.050133/0.050343/0.059555/0.055821/0.079465/0.051673/0.049265/0.098111/0.050257/0.067338/0.054346/0.050407/0.050025/0.054822/0.050124/0.078107/0.052844/0.058436/0.157951/0.050179/0.049899;0.165537/0.0/0.0/0.036223/0.388812/0.383887/0.144088/0.415109/0.580559/0.376113/0.652556/0.0/0.023476/0.347731/0.431652/0.0/0.294564/0.227244/0.390189/0.312924/0.328826/0.006445/0.441052/0.435754/0.504203/0.408386/0.42012/0.509912/0.342721/0.60153/0.516988/0.583256/0.422252/0.294124/0.397648/0.226153/0.212795/0.268907/0.506995/0.870447/0.403529/0.36525/0.036185/0.345551/0.03868/0.364399/0.37312/0.709778/0.007813/0.355678/0.480296/0.431967/0.389558/0.355104/0.036997/0.116644/0.575989/0.394243/0.558212/0.428477/0.000593/0.423246/0.337758/4.8e-05/0.41552/0.594109/0.024442/0.0/0.545694/0.067263/0.149309/0.372919/0.326847/0.238661/0.411246/0.420492/0.385752/0.514062/0.179173/0.054/0.467062/0.314148/0.078652/0.393717/0.017958/0.224576/0.394071/0.0/0.425541/0.385561/0.04874/0.0/0.399206/0.327774/0.375616/0.206971/0.366273/0.756873/4.8e-05/0.002219;0.075432/0.054506/0.051746/0.050343/0.047412;0.870447/0.583256/0.480296/0.467062/0.372919;3.962348258312918,0.8339885646398719,-1.007793362480925,-0.2184625022447242,1.5379335089084878,-1.2219682106178884,2.086643429391695,0.3990205524591274,0.7373856257481506,1.0031905822232812,-0.9170014086173379,-0.33301527269660747,-0.06658958552078464,-0.7441993918064447,-1.7580419581499847,-1.0709039252833055,-0.13633235006261368,1.0671874518563818,1.416036010040315,-0.6764373579911961,-0.2528779273230124,1.3864902327515567,0.7124389429934609,-0.9134811966593819,0.3126317086033736,-1.9008880944614903,-2.1061867267013232,1.5131046708525724,-2.3973883765155226,-2.3075623322269703,-1.0309901352510602,-1.3807585547892005,-0.7927658302926817,1.8324112437069218,-2.0212897106163914,0.331815038322927,-0.736575562543405,1.6872952076183398,0.03438295917628417,0.5946222219955912,0.11178981004178723,0.692489770862007,-0.09038918989431771,-0.606886238434369,-0.46209764504059364,-0.42221745297613755,0.5063538220682972,1.5681129390097743,0.013499993124852089,0.34068565460125017,-0.8915367697414908,0.1786107731238437,-1.2846452336563858,0.5293864074800793,-2.5468149827751407,-0.7824093689987637,0.8329464259317579,1.7082185787293795,-2.476167995979677,1.041681924654354,0.08063287253346466,-2.0299094422822788,-0.939714893149719,-0.18914089737186826,0.9099712287743175,2.1049416198062456,0.5903387781059164,0.18602790852412465,0.0854971117344111,0.12282087252184085,1.7418879508129845,3.3859857531984097,1.6983552639033075,-0.10154510393714372,-3.3244806189269824,0.7687531498359867,-1.6848216935513642,1.143928385066737,0.3263817179705776,-0.9152986357626633,0.5772500589811952,2.931823907634211,-1.7857715708612139,-1.1335627355323095,-2.2465359582079905,-1.2191013640188155,1.5003515610029745,2.584722186912842,0.3017153957988893,-0.8587770921200077,-0.7945476213599855,0.39132328602899025,-0.5205334053213101,-2.159059439545565,-2.2765947275779777,1.2067226317256237,-0.5804265724323426,-0.33935830296672576,-1.7946001234243,0.0030900835754571615,-0.026472235899217628,-0.2821399339197717,-0.6410193333275724,1.3417567746953152,-0.9309624072823499,-1.6260781611314261,-0.6820815803750979,-1.7174767748909223,0.06401366616456539,-1.1495324016863508,-0.9163725745183509,0.9392985001092633,-3.9513778266017074,-2.8201124160381625,0.23506350229761397,1.1387226370327865,-3.1016708053935154,3.298505927969922,0.7766160888724718,0.10264872521571566,-0.20715516305068077,-1.273809416597154,-0.6002019478551751,1.4031579019546652,1.9029536816220445,-1.6360852959255465,-0.376977191392729,-0.5109650585774372,0.17302844324286124,-2.2171353285480344,0.7725678136485881,-0.33906538130969455,0.39022272738644076,1.4188424724732354,0.127492568140596,-0.5553945032705838,-1.945879927611846,-0.27144054610888757,0.5726981221854851,-1.30328968050792,-0.23133929678812926,-1.2075304087812415,-0.4070849449662902,0.6211555251563001,0.9006091058868869,0.371954948120803,2.9572989873489886,0.2463547675475711,0.36937298007688835,-1.4189899371993233,-0.007316571290008678,-0.015807857067996922,0.1535014596130742,-0.08618296526915417,-2.404695951179009,-1.9490406263211573,-0.8489746980400449,-1.625848979449617;3.4808065776743202,0.8723372919804471,-0.4293885430846588,1.6128651979442328,0.8318245037690412,-1.2453068219403038,2.0560628672339445,-0.4866284179142582,-0.7133791044129464,0.8010172661180419,1.4424108573847378,-0.6103551075070955,-0.33607871592092176,-0.5521695245585503,-2.7977532815928297,-0.9489672034263006,-2.1090291179007346,1.3862290758476772,1.532797521543101,0.12739393906015883,-1.3017290374098225,0.9413449165405718,2.1919640940881613,-0.9988376871432829,-0.9115548171311805,-0.8819451844821791,-0.8948716360537634,0.7359859480473583,-1.5282052389177028,-2.116501696541168,-0.10224040750268937,0.09096539428520323,-1.9511964654913818,0.9063667163114919,-0.3830722727934296,0.39087216407308617,-0.09551086209198983,0.07690072671678563,-2.144346315606136,0.7592810526736657,0.29987936221110745,0.6841510046985967,0.9757755996708546,-1.7063235568486457,-1.3183123260116705,0.2633782406049863,0.7085895783107468,0.5707101606332952,-0.28681229405074504,-1.1778461179397661,0.4937736947171985,0.9726388243685711,-1.0831866479660615,-0.2841487424073051,-1.7310396008811508,0.5148383782141979,2.1244127611160812,0.8191727403948448,-2.0575899096911034,1.652299783069465,-0.1742536578452664,-1.397142366975874,0.4386134895796823,0.5543735539674428,0.9206246507358162,1.739202297871384,1.984850583755654,-0.8791051450211873,-1.1353619629367668,-0.9865315127971894,0.4147591393272914,2.5052064922767885,0.9333584837796104,0.14839077568167225,-3.665872786919659,1.1595270831190352,-1.8995521773218804,1.6791254526106865,0.8369622308569841,-0.2787848019463761,-0.35232972795107964,1.5303121657301522,-1.0852627657914886,-1.097556802939968,-2.2410361277878104,0.30309142568239106,1.766974713357016,1.4101536994115342,1.6901863993420951,-1.66844628371785,-3.1185637045974692,-0.07150675433025971,-0.29102217953127785,-2.468022185728434,-2.209678430291211,0.5595790499900356,-0.4106524460931102,-1.1650189015083812,-2.414348030627518,0.48596529667899124,-1.7389824383905492,-0.130119524374894,-0.673523220388486,1.036760224464647,-1.5078116966889867,-2.38030231596883,1.7315177337150025,-0.4158392307493001,1.197024085641991,-2.6359819441903043,-1.5029172256508878,-0.62341844668839,-1.7763310825202934,-2.1838903735046222,2.5438394435997687,-1.115223010031041,-1.6939649215478008,3.106131119206164,0.5461515206340716,0.8305627840175557,-0.2820627484522819,1.4527155113088093,1.8397980495908186,-0.79069820211579,1.3183284360356766,-2.0791958202943137,-0.05596644222363596,-0.5543298899183197,0.5039581261403177,-2.12557653857707,-0.5140396887876956,-1.2005417486665866,0.6160799490103331,0.8500832562407705,-1.7105345194567676,-0.573799697463271,-0.45887724737028646,-0.42630540311469145,0.28243380563304055,-0.33833115597464386,-0.5953100586126833,-1.874630652437709,-1.5670740907654928,0.6620831833619711,0.7959972645297522,-0.66012443648237,3.3983162667910882,-0.5593194951991675,-0.049495828510796855,-1.815687655577179,0.04898795334449846,-1.9244571187924735,2.342469956025628,-0.5267219926347473,-0.8791652150709732,-0.7788196078283778,-0.690777679366964,-0.6739376972334357
3;124;66476.57664203644;3877;5342;0.047412;0.372919;0.053087/0.048803/0.04952/0.055179/0.077804/0.067019/0.051518/0.088552/0.136727/0.083971/0.09831/0.049126/0.053686/0.073662/0.104357/0.049769/0.055292/0.059828/0.080378/0.058825/0.06245/0.049707/0.133584/0.051755/0.0732/0.081623/0.09437/0.098791/0.060243/0.090501/0.134462/0.054506/0.081956/0.061979/0.084655/0.05097/0.051158/0.060583/0.082967/0.075432/0.084309/0.077479/0.051033/0.056304/0.050478/0.078437/0.060286/0.12735/0.074307/0.051746/0.076651/0.058613/0.075266/0.051352/0.123068/0.051019/0.065789/0.099093/0.050579/0.144366/0.061308/0.04891/0.085497/0.079944/0.050373/0.050276/0.075787/0.051132/0.050267/0.047412/0.056818/0.053368/0.074626/0.090025/0.077382/0.102207/0.054012/0.050133/0.050343/0.059555/0.055821/0.079465/0.051673/0.049265/0.050257/0.067338/0.054346/0.050407/0.050025/0.054822/0.050124/0.078107/0.052844/0.058436/0.157951/0.050179/0.049899/0.115813/0.056773/0.054167;0.165537/0.0/0.0/0.036223/0.388812/0.383887/0.144088/0.415109/0.580559/0.376113/0.652556/0.0/0.023476/0.347731/0.431652/0.0/0.294564/0.227244/0.390189/0.312924/0.328826/0.006445/0.441052/0.435754/0.504203/0.408386/0.42012/0.509912/0.342721/0.60153/0.516988/0.583256/0.422252/0.294124/0.397648/0.226153/0.212795/0.268907/0.506995/0.870447/0.403529/0.36525/0.036185/0.345551/0.03868/0.364399/0.37312/0.709778/0.355678/0.480296/0.431967/0.389558/0.355104/0.036997/0.575989/0.394243/0.558212/0.428477/0.000593/0.423246/0.337758/4.8e-05/0.41552/0.594109/0.024442/0.0/0.545694/0.067263/0.149309/0.372919/0.326847/0.238661/0.411246/0.420492/0.385752/0.514062/0.179173/0.054/0.467062/0.314148/0.078652/0.393717/0.017958/0.224576/0.0/0.425541/0.385561/0.04874/0.0/0.399206/0.327774/0.375616/0.206971/0.366273/0.756873/4.8e-05/0.002219/0.421296/0.160602/0.290098;0.075432/0.054506/0.051746/0.050343/0.047412;0.870447/0.583256/0.480296/0.467062/0.372919;3.962348258312918,0.8339885646398719,-1.007793362480925,-0.2184625022447242,1.5379335089084878,-1.2219682106178884,2.086643429391695,0.3990205524591274,0.7373856257481506,1.0031905822232812,-0.9170014086173379,-0.33301527269660747,-0.06658958552078464,-0.7441993918064447,-1.7580419581499847,-1.0709039252833055,-0.13633235006261368,1.0671874518563818,1.416036010040315,-0.6764373579911961,-0.2528779273230124,1.3864902327515567,0.7124389429934609,-0.9134811966593819,0.3126317086033736,-1.9008880944614903,-2.1061867267013232,1.5131046708525724,-2.3973883765155226,-2.3075623322269703,-1.0309901352510602,-1.3807585547892005,-0.7927658302926817,1.8324112437069218,-2.0212897106163914,0.331815038322927,-0.736575562543405,1.6872952076183398,0.03438295917628417,0.5946222219955912,0.11178981004178723,0.692489770862007,-0.09038918989431771,-0.606886238434369,-0.46209764504059364,-0.42221745297613755,0.5063538220682972,1.5681129390097743,0.013499993124852089,0.34068565460125017,-0.8915367697414908,0.1786107731238437,-1.2846452336563858,0.5293864074800793,-2.5468149827751407,-0.7824093689987637,0.8329464259317579,1.7082185787293795,-2.476167995979677,1.041681924654354,0.08063287253346466,-2.0299094422822788,-0.939714893149719,-0.18914089737186826,0.9099712287743175,2.1049416198062456,0.5903387781059164,0.18602790852412465,0.0854971117344111,0.12282087252184085,1.7418879508129845,3.3859857531984097,1.6983552639033075,-0.10154510393714372,-3.3244806189269824,0.7687531498359867,-1.6848216935513642,1.143928385066737,0.3263817179705776,-0.9152986357626633,0.5772500589811952,2.931823907634211,-1.7857715708612139,-1.1335627355323095,-2.2465359582079905,-1.2191013640188155,1.5003515610029745,2.584722186912842,0.3017153957988893,-0.8587770921200077,-0.7945476213599855,0.39132328602899025,-0.5205334053213101,-2.159059439545565,-2.2765947275779777,1.2067226317256237,-0.5804265724323426,-0.33935830296672576,-1.7946001234243,0.0030900835754571615,-0.026472235899217628,-0.2821399339197717,-0.6410193333275724,1.3417567746953152,-0.9309624072823499,-1.6260781611314261,-0.6820815803750979,-1.7174767748909223,0.06401366616456539,-1.1495324016863508,-0.9163725745183509,0.9392985001092633,-3.9513778266017074,-2.8201124160381625,0.23506350229761397,1.1387226370327865,-3.1016708053935154,3.298505927969922,0.7766160888724718,0.10264872521571566,-0.20715516305068077,-1.273809416597154,-0.6002019478551751,1.4031579019546652,1.9029536816220445,-1.6360852959255465,-0.376977191392729,-0.5109650585774372,0.17302844324286124,-2.2171353285480344,0.7725678136485881,-0.33906538130969455,0.39022272738644076,1.4188424724732354,0.127492568140596,-0.5553945032705838,-1.945879927611846,-0.27144054610888757,0.5726981221854851,-1.30328968050792,-0.23133929678812926,-1.2075304087812415,-0.4070849449662902,0.6211555251563001,0.9006091058868869,0.371954948120803,2.9572989873489886,0.2463547675475711,0.36937298007688835,-1.4189899371993233,-0.007316571290008678,-0.015807857067996922,0.1535014596130742,-0.08618296526915417,-2.404695951179009,-1.9490406263211573,-0.8489746980400449,-1.625848979449617;3.4808065776743202,0.8723372919804471,-0.4293885430846588,1.6128651979442328,0.8318245037690412,-1.2453068219403038,2.0560628672339445,-0.4866284179142582,-0.7133791044129464,0.8010172661180419,1.4424108573847378,-0.6103551075070955,-0.33607871592092176,-0.5521695245585503,-2.7977532815928297,-0.9489672034263006,-2.1090291179007346,1.3862290758476772,1.532797521543101,0.12739393906015883,-1.3017290374098225,0.9413449165405718,2.1919640940881613,-0.9988376871432829,-0.9115548171311805,-0.8819451844821791,-0.8948716360537634,0.7359859480473583,-1.5282052389177028,-2.116501696541168,-0.10224040750268937,0.09096539428520323,-1.9511964654913818,0.9063667163114919,-0.3830722727934296,0.39087216407308617,-0.09551086209198983,0.07690072671678563,-2.144346315606136,0.7592810526736657,0.29987936221110745,0.6841510046985967,0.9757755996708546,-1.7063235568486457,-1.3183123260116705,0.2633782406049863,0.7085895783107468,0.5707101606332952,-0.28681229405074504,-1.1778461179397661,0.4937736947171985,0.9726388243685711,-1.0831866479660615,-0.2841487424073051,-1.7310396008811508,0.5148383782141979,2.1244127611160812,0.8191727403948448,-2.0575899096911034,1.652299783069465,-0.1742536578452664,-1.397142366975874,0.4386134895796823,0.5543735539674428,0.9206246507358162,1.739202297871384,1.984850583755654,-0.8791051450211873,-1.1353619629367668,-0.9865315127971894,0.4147591393272914,2.5052064922767885,0.9333584837796104,0.14839077568167225,-3.665872786919659,1.1595270831190352,-1.8995521773218804,1.6791254526106865,0.8369622308569841,-0.2787848019463761,-0.35232972795107964,1.5303121657301522,-1.0852627657914886,-1.097556802939968,-2.2410361277878104,0.30309142568239106,1.766974713357016,1.4101536994115342,1.6901863993420951,-1.66844628371785,-3.1185637045974692,-0.07150675433025971,-0.29102217953127785,-2.468022185728434,-2.209678430291211,0.5595790499900356,-0.4106524460931102,-1.1650189015083812,-2.414348030627518,0.48596529667899124,-1.7389824383905492,-0.130119524374894,-0.673523220388486,1.036760224464647,-1.5078116966889867,-2.38030231596883,1.7315177337150025,-0.4158392307493001,1.197024085641991,-2.6359819441903043,-1.5029172256508878,-0.62341844668839,-1.7763310825202934,-2.1838903735046222,2.5438394435997687,-1.115223010031041,-1.6939649215478008,3.106131119206164,0.5461515206340716,0.8305627840175557,-0.2820627484522819,1.4527155113088093,1.8397980495908186,-0.79069820211579,1.3183284360356766,-2.0791958202943137,-0.05596644222363596,-0.5543298899183197,0.5039581261403177,-2.12557653857707,-0.5140396887876956,-1.2005417486665866,0.6160799490103331,0.8500832562407705,-1.7105345194567676,-0.573799697463271,-0.45887724737028646,-0.42630540311469145,0.28243380563304055,-0.33833115597464386,-0.5953100586126833,-1.874630652437709,-1.5670740907654928,0.6620831833619711,0.7959972645297522,-0.66012443648237,3.3983162667910882,-0.5593194951991675,-0.049495828510796855,-1.815687655577179,0.04898795334449846,-1.9244571187924735,2.342469956025628,-0.5267219926347473,-0.8791652150709732,-0.7788196078283778,-0.690777679366964,-0.6739376972334357
3;125;67038.21812415123;3877;5342;0.047412;0.372919;0.053087/0.048803/0.04952/0.077804/0.067019/0.051518/0.088552/0.136727/0.083971/0.09831/0.049126/0.053686/0.073662/0.104357/0.049769/0.055292/0.059828/0.080378/0.058825/0.06245/0.049707/0.133584/0.051755/0.0732/0.081623/0.09437/0.098791/0.060243/0.090501/0.134462/0.054506/0.081956/0.061979/0.084655/0.05097/0.051158/0.060583/0.082967/0.075432/0.084309/0.077479/0.051033/0.056304/0.050478/0.060286/0.12735/0.074307/0.051746/0.076651/0.058613/0.075266/0.051352/0.123068/0.051019/0.065789/0.099093/0.050579/0.144366/0.061308/0.04891/0.085497/0.079944/0.050373/0.050276/0.075787/0.051132/0.050267/0.047412/0.056818/0.053368/0.074626/0.090025/0.077382/0.102207/0.054012/0.050133/0.050343/0.059555/0.055821/0.079465/0.049265/0.050257/0.067338/0.054346/0.050407/0.050025/0.054822/0.050124/0.078107/0.052844/0.058436/0.157951/0.050179/0.049899/0.115813/0.056773/0.054167/0.052779/0.049959/0.075225;0.165537/0.0/0.0/0.388812/0.383887/0.144088/0.415109/0.580559/0.376113/0.652556/0.0/0.023476/0.347731/0.431652/0.0/0.294564/0.227244/0.390189/0.312924/0.328826/0.006445/0.441052/0.435754/0.504203/0.408386/0.42012/0.509912/0.342721/0.60153/0.516988/0.583256/0.422252/0.294124/0.397648/0.226153/0.212795/0.268907/0.506995/0.870447/0.403529/0.36525/0.036185/0.345551/0.03868/0.37312/0.709778/0.355678/0.480296/0.431967/0.389558/0.355104/0.036997/0.575989/0.394243/0.558212/0.428477/0.000593/0.423246/0.337758/4.8e-05/0.41552/0.594109/0.024442/0.0/0.545694/0.067263/0.149309/0.372919/0.326847/0.238661/0.411246/0.420492/0.385752/0.514062/0.179173/0.054/0.467062/0.314148/0.078652/0.393717/0.224576/0.0/0.425541/0.385561/0.04874/0.0/0.399206/0.327774/0.375616/0.206971/0.366273/0.756873/4.8e-05/0.002219/0.421296/0.160602/0.290098/0.290012/0.114683/0.395267;0.075432/0.054506/0.051746/0.050343/0.047412;0.870447/0.583256/0.480296/0.467062/0.372919;3.962348258312918,0.8339885646398719,-1.007793362480925,-0.2184625022447242,1.5379335089084878,-1.2219682106178884,2.086643429391695,0.3990205524591274,0.7373856257481506,1.0031905822232812,-0.9170014086173379,-0.33301527269660747,-0.06658958552078464,-0.7441993918064447,-1.7580419581499847,-1.0709039252833055,-0.13633235006261368,1.0671874518563818,1.416036010040315,-0.6764373579911961,-0.2528779273230124,1.3864902327515567,0.7124389429934609,-0.9134811966593819,0.3126317086033736,-1.9008880944614903,-2.1061867267013232,1.5131046708525724,-2.3973883765155226,-2.3075623322269703,-1.0309901352510602,-1.3807585547892005,-0.7927658302926817,1.8324112437069218,-2.0212897106163914,0.331815038322927,-0.736575562543405,1.6872952076183398,0.03438295917628417,0.5946222219955912,0.11178981004178723,0.692489770862007,-0.09038918989431771,-0.606886238434369,-0.46209764504059364,-0.42221745297613755,0.5063538220682972,1.5681129390097743,0.013499993124852089,0.34068565460125017,-0.8915367697414908,0.1786107731238437,-1.2846452336563858,0.5293864074800793,-2.5468149827751407,-0.7824093689987637,0.8329464259317579,1.7082185787293795,-2.476167995979677,1.041681924654354,0.08063287253346466,-2.0299094422822788,-0.939714893149719,-0.18914089737186826,0.9099712287743175,2.1049416198062456,0.5903387781059164,0.18602790852412465,0.0854971117344111,0.12282087252184085,1.7418879508129845,3.3859857531984097,1.6983552639033075,-0.10154510393714372,-3.3244806189269824,0.7687531498359867,-1.6848216935513642,1.143928385066737,0.3263817179705776,-0.9152986357626633,0.5772500589811952,2.931823907634211,-1.7857715708612139,-1.1335627355323095,-2.2465359582079905,-1.2191013640188155,1.5003515610029745,2.584722186912842,0.3017153957988893,-0.8587770921200077,-0.7945476213599855,0.39132328602899025,-0.5205334053213101,-2.159059439545565,-2.2765947275779777,1.2067226317256237,-0.5804265724323426,-0.33935830296672576,-1.7946001234243,0.0030900835754571615,-0.026472235899217628,-0.2821399339197717,-0.6410193333275724,1.3417567746953152,-0.9309624072823499,-1.6260781611314261,-0.6820815803750979,-1.7174767748909223,0.06401366616456539,-1.1495324016863508,-0.9163725745183509,0.9392985001092633,-3.9513778266017074,-2.8201124160381625,0.23506350229761397,1.1387226370327865,-3.1016708053935154,3.298505927969922,0.7766160888724718,0.10264872521571566,-0.20715516305068077,-1.273809416597154,-0.6002019478551751,1.4031579019546652,1.9029536816220445,-1.6360852959255465,-0.376977191392729,-0.5109650585774372,0.17302844324286124,-2.2171353285480344,0.7725678136485881,-0.33906538130969455,0.39022272738644076,1.4188424724732354,0.127492568140596,-0.5553945032705838,-1.945879927611846,-0.27144054610888757,0.5726981221854851,-1.30328968050792,-0.23133929678812926,-1.2075304087812415,-0.4070849449662902,0.6211555251563001,0.9006091058868869,0.371954948120803,2.9572989873489886,0.2463547675475711,0.36937298007688835,-1.4189899371993233,-0.007316571290008678,-0.015807857067996922,0.1535014596130742,-0.08618296526915417,-2.404695951179009,-1.9490406263211573,-0.8489746980400449,-1.625848979449617;3.4808065776743202,0.8723372919804471,-0.4293885430846588,1.6128651979442328,0.8318245037690412,-1.2453068219403038,2.0560628672339445,-0.4866284179142582,-0.7133791044129464,0.8010172661180419,1.4424108573847378,-0.6103551075070955,-0.33607871592092176,-0.5521695245585503,-2.7977532815928297,-0.9489672034263006,-2.1090291179007346,1.3862290758476772,1.532797521543101,0.12739393906015883,-1.3017290374098225,0.9413449165405718,2.1919640940881613,-0.9988376871432829,-0.9115548171311805,-0.8819451844821791,-0.8948716360537634,0.7359859480473583,-1.5282052389177028,-2.116501696541168,-0.10224040750268937,0.09096539428520323,-1.9511964654913818,0.9063667163114919,-0.3830722727934296,0.39087216407308617,-0.09551086209198983,0.07690072671678563,-2.144346315606136,0.7592810526736657,0.29987936221110745,0.6841510046985967,0.9757755996708546,-1.7063235568486457,-1.3183123260116705,0.2633782406049863,0.7085895783107468,0.5707101606332952,-0.28681229405074504,-1.1778461179397661,0.4937736947171985,0.9726388243685711,-1.0831866479660615,-0.2841487424073051,-1.7310396008811508,0.5148383782141979,2.1244127611160812,0.8191727403948448,-2.0575899096911034,1.652299783069465,-0.1742536578452664,-1.397142366975874,0.4386134895796823,0.5543735539674428,0.9206246507358162,1.739202297871384,1.984850583755654,-0.8791051450211873,-1.1353619629367668,-0.9865315127971894,0.4147591393272914,2.5052064922767885,0.9333584837796104,0.14839077568167225,-3.665872786919659,1.1595270831190352,-1.8995521773218804,1.6791254526106865,0.8369622308569841,-0.2787848019463761,-0.35232972795107964,1.5303121657301522,-1.0852627657914886,-1.097556802939968,-2.2410361277878104,0.30309142568239106,1.766974713357016,1.4101536994115342,1.6901863993420951,-1.66844628371785,-3.1185637045974692,-0.07150675433025971,-0.29102217953127785,-2.468022185728434,-2.209678430291211,0.5595790499900356,-0.4106524460931102,-1.1650189015083812,-2.414348030627518,0.48596529667899124,-1.7389824383905492,-0.130119524374894,-0.673523220388486,1.036760224464647,-1.5078116966889867,-2.38030231596883,1.7315177337150025,-0.4158392307493001,1.197024085641991,-2.6359819441903043,-1.5029172256508878,-0.62341844668839,-1.7763310825202934,-2.1838903735046222,2.5438394435997687,-1.115223010031041,-1.6939649215478008,3.106131119206164,0.5461515206340716,0.8305627840175557,-0.2820627484522819,1.4527155113088093,1.8397980495908186,-0.79069820211579,1.3183284360356766,-2.0791958202943137,-0.05596644222363596,-0.5543298899183197,0.5039581261403177,-2.12557653857707,-0.5140396887876956,-1.2005417486665866,0.6160799490103331,0.8500832562407705,-1.7105345194567676,-0.573799697463271,-0.45887724737028646,-0.42630540311469145,0.28243380563304055,-0.33833115597464386,-0.5953100586126833,-1.874630652437709,-1.5670740907654928,0.6620831833619711,0.7959972645297522,-0.66012443648237,3.3983162667910882,-0.5593194951991675,-0.049495828510796855,-1.815687655577179,0.04898795334449846,-1.9244571187924735,2.342469956025628,-0.5267219926347473,-0.8791652150709732,-0.7788196078283778,-0.690777679366964,-0.6739376972334357
3;126;67594.14781785011;3877;5342;0.047412;0.372919;0.053087/0.048803/0.04952/0.077804/0.067019/0.051518/0.088552/0.136727/0.09831/0.049126/0.073662/0.104357/0.049769/0.055292/0.059828/0.080378/0.058825/0.06245/0.049707/0.133584/0.051755/0.0732/0.081623/0.09437/0.098791/0.060243/0.090501/0.134462/0.054506/0.081956/0.061979/0.084655/0.05097/0.051158/0.060583/0.082967/0.075432/0.084309/0.077479/0.051033/0.056304/0.050478/0.060286/0.12735/0.074307/0.051746/0.076651/0.058613/0.075266/0.051352/0.123068/0.051019/0.065789/0.099093/0.050579/0.144366/0.061308/0.04891/0.085497/0.079944/0.050373/0.050276/0.075787/0.051132/0.050267/0.047412/0.056818/0.053368/0.074626/0.090025/0.077382/0.102207/0.054012/0.050133/0.050343/0.059555/0.055821/0.079465/0.049265/0.050257/0.067338/0.054346/0.050407/0.050025/0.054822/0.050124/0.078107/0.052844/0.058436/0.157951/0.050179/0.049899/0.115813/0.056773/0.054167/0.052779/0.049959/0.075225/0.092499/0.050228;0.165537/0.0/0.0/0.388812/0.383887/0.144088/0.415109/0.580559/0.652556/0.0/0.347731/0.431652/0.0/0.294564/0.227244/0.390189/0.312924/0.328826/0.006445/0.441052/0.435754/0.504203/0.408386/0.42012/0.509912/0.342721/0.60153/0.516988/0.583256/0.422252/0.294124/0.397648/0.226153/0.212795/0.268907/0.506995/0.870447/0.403529/0.36525/0.036185/0.345551/0.03868/0.37312/0.709778/0.355678/0.480296/0.431967/0.389558/0.355104/0.036997/0.575989/0.394243/0.558212/0.428477/0.000593/0.423246/0.337758/4.8e-05/0.41552/0.594109/0.024442/0.0/0.545694/0.067263/0.149309/0.372919/0.326847/0.238661/0.411246/0.420492/0.385752/0.514062/0.179173/0.054/0.467062/0.314148/0.078652/0.393717/0.224576/0.0/0.425541/0.385561/0.04874/0.0/0.399206/0.327774/0.375616/0.206971/0.366273/0.756873/4.8e-05/0.002219/0.421296/0.160602/0.290098/0.290012/0.114683/0.395267/0.417136/0.221573;0.075432/0.054506/0.051746/0.050343/0.047412;0.870447/0.583256/0.480296/0.467062/0.372919;3.962348258312918,0.8339885646398719,-1.007793362480925,-0.2184625022447242,1.5379335089084878,-1.2219682106178884,2.086643429391695,0.3990205524591274,0.7373856257481506,1.0031905822232812,-0.9170014086173379,-0.33301527269660747,-0.06658958552078464,-0.7441993918064447,-1.7580419581499847,-1.0709039252833055,-0.13633235006261368,1.0671874518563818,1.416036010040315,-0.6764373579911961,-0.2528779273230124,1.3864902327515567,0.7124389429934609,-0.9134811966593819,0.3126317086033736,-1.9008880944614903,-2.1061867267013232,1.5131046708525724,-2.3973883765155226,-2.3075623322269703,-1.0309901352510602,-1.3807585547892005,-0.7927658302926817,1.8324112437069218,-2.0212897106163914,0.331815038322927,-0.736575562543405,1.6872952076183398,0.03438295917628417,0.5946222219955912,0.11178981004178723,0.692489770862007,-0.09038918989431771,-0.606886238434369,-0.46209764504059364,-0.42221745297613755,0.5063538220682972,1.5681129390097743,0.013499993124852089,0.34068565460125017,-0.8915367697414908,0.1786107731238437,-1.2846452336563858,0.5293864074800793,-2.5468149827751407,-0.7824093689987637,0.8329464259317579,1.7082185787293795,-2.476167995979677,1.041681924654354,0.08063287253346466,-2.0299094422822788,-0.939714893149719,-0.18914089737186826,0.9099712287743175,2.1049416198062456,0.5903387781059164,0.18602790852412465,0.0854971117344111,0.12282087252184085,1.7418879508129845,3.3859857531984097,1.6983552639033075,-0.10154510393714372,-3.3244806189269824,0.7687531498359867,-1.6848216935513642,1.143928385066737,0.3263817179705776,-0.9152986357626633,0.5772500589811952,2.931823907634211,-1.7857715708612139,-1.1335627355323095,-2.2465359582079905,-1.2191013640188155,1.5003515610029745,2.584722186912842,0.3017153957988893,-0.8587770921200077,-0.7945476213599855,0.39132328602899025,-0.5205334053213101,-2.159059439545565,-2.2765947275779777,1.2067226317256237,-0.5804265724323426,-0.33935830296672576,-1.7946001234243,0.0030900835754571615,-0.026472235899217628,-0.2821399339197717,-0.6410193333275724,1.3417567746953152,-0.9309624072823499,-1.6260781611314261,-0.6820815803750979,-1.7174767748909223,0.06401366616456539,-1.1495324016863508,-0.9163725745183509,0.9392985001092633,-3.9513778266017074,-2.8201124160381625,0.23506350229761397,1.1387226370327865,-3.1016708053935154,3.298505927969922,0.7766160888724718,0.10264872521571566,-0.20715516305068077,-1.273809416597154,-0.6002019478551751,1.4031579019546652,1.9029536816220445,-1.6360852959255465,-0.376977191392729,-0.5109650585774372,0.17302844324286124,-2.2171353285480344,0.7725678136485881,-0.33906538130969455,0.39022272738644076,1.4188424724732354,0.127492568140596,-0.5553945032705838,-1.945879927611846,-0.27144054610888757,0.5726981221854851,-1.30328968050792,-0.23133929678812926,-1.2075304087812415,-0.4070849449662902,0.6211555251563001,0.9006091058868869,0.371954948120803,2.9572989873489886,0.2463547675475711,0.36937298007688835,-1.4189899371993233,-0.007316571290008678,-0.015807857067996922,0.1535014596130742,-0.08618296526915417,-2.404695951179009,-1.9490406263211573,-0.8489746980400449,-1.625848979449617;3.4808065776743202,0.8723372919804471,-0.4293885430846588,1.6128651979442328,0.8318245037690412,-1.2453068219403038,2.0560628672339445,-0.4866284179142582,-0.7133791044129464,0.8010172661180419,1.4424108573847378,-0.6103551075070955,-0.33607871592092176,-0.5521695245585503,-2.7977532815928297,-0.9489672034263006,-2.1090291179007346,1.3862290758476772,1.532797521543101,0.12739393906015883,-1.3017290374098225,0.9413449165405718,2.1919640940881613,-0.9988376871432829,-0.9115548171311805,-0.8819451844821791,-0.8948716360537634,0.7359859480473583,-1.5282052389177028,-2.116501696541168,-0.10224040750268937,0.09096539428520323,-1.9511964654913818,0.9063667163114919,-0.3830722727934296,0.39087216407308617,-0.09551086209198983,0.07690072671678563,-2.144346315606136,0.7592810526736657,0.29987936221110745,0.6841510046985967,0.9757755996708546,-1.7063235568486457,-1.3183123260116705,0.2633782406049863,0.7085895783107468,0.5707101606332952,-0.28681229405074504,-1.1778461179397661,0.4937736947171985,0.9726388243685711,-1.0831866479660615,-0.2841487424073051,-1.7310396008811508,0.5148383782141979,2.1244127611160812,0.8191727403948448,-2.0575899096911034,1.652299783069465,-0.1742536578452664,-1.397142366975874,0.4386134895796823,0.5543735539674428,0.9206246507358162,1.739202297871384,1.984850583755654,-0.8791051450211873,-1.1353619629367668,-0.9865315127971894,0.4147591393272914,2.5052064922767885,0.9333584837796104,0.14839077568167225,-3.665872786919659,1.1595270831190352,-1.8995521773218804,1.6791254526106865,0.8369622308569841,-0.2787848019463761,-0.35232972795107964,1.5303121657301522,-1.0852627657914886,-1.097556802939968,-2.2410361277878104,0.30309142568239106,1.766974713357016,1.4101536994115342,1.6901863993420951,-1.66844628371785,-3.1185637045974692,-0.07150675433025971,-0.29102217953127785,-2.468022185728434,-2.209678430291211,0.5595790499900356,-0.4106524460931102,-1.1650189015083812,-2.414348030627518,0.48596529667899124,-1.7389824383905492,-0.130119524374894,-0.673523220388486,1.036760224464647,-1.5078116966889867,-2.38030231596883,1.7315177337150025,-0.4158392307493001,1.197024085641991,-2.6359819441903043,-1.5029172256508878,-0.62341844668839,-1.7763310825202934,-2.1838903735046222,2.5438394435997687,-1.115223010031041,-1.6939649215478008,3.106131119206164,0.5461515206340716,0.8305627840175557,-0.2820627484522819,1.4527155113088093,1.8397980495908186,-0.79069820211579,1.3183284360356766,-2.0791958202943137,-0.05596644222363596,-0.5543298899183197,0.5039581261403177,-2.12557653857707,-0.5140396887876956,-1.2005417486665866,0.6160799490103331,0.8500832562407705,-1.7105345194567676,-0.573799697463271,-0.45887724737028646,-0.42630540311469145,0.28243380563304055,-0.33833115597464386,-0.5953100586126833,-1.874630652437709,-1.5670740907654928,0.6620831833619711,0.7959972645297522,-0.66012443648237,3.3983162667910882,-0.5593194951991675,-0.049495828510796855,-1.815687655577179,0.04898795334449846,-1.9244571187924735,2.342469956025628,-0.5267219926347473,-0.8791652150709732,-0.7788196078283778,-0.690777679366964,-0.6739376972334357
3;127;68142.09880113602;3877;5342;0.047412;0.372919;0.053087/0.048803/0.04952/0.077804/0.067019/0.051518/0.088552/0.136727/0.09831/0.049126/0.073662/0.104357/0.049769/0.055292/0.059828/0.080378/0.058825/0.06245/0.049707/0.133584/0.051755/0.0732/0.081623/0.09437/0.098791/0.060243/0.090501/0.134462/0.054506/0.081956/0.061979/0.084655/0.05097/0.051158/0.060583/0.082967/0.075432/0.084309/0.077479/0.051033/0.056304/0.050478/0.060286/0.12735/0.074307/0.051746/0.076651/0.058613/0.075266/0.051352/0.123068/0.051019/0.065789/0.099093/0.050579/0.144366/0.061308/0.04891/0.085497/0.079944/0.050373/0.075787/0.051132/0.050267/0.047412/0.056818/0.053368/0.074626/0.090025/0.077382/0.102207/0.054012/0.050133/0.050343/0.059555/0.055821/0.079465/0.049265/0.050257/0.067338/0.054346/0.050407/0.050025/0.054822/0.050124/0.078107/0.052844/0.058436/0.157951/0.050179/0.049899/0.115813/0.054167/0.052779/0.049959/0.075225/0.092499/0.050228/0.096244/0.052933;0.165537/0.0/0.0/0.388812/0.383887/0.144088/0.415109/0.580559/0.652556/0.0/0.347731/0.431652/0.0/0.294564/0.227244/0.390189/0.312924/0.328826/0.006445/0.441052/0.435754/0.504203/0.408386/0.42012/0.509912/0.342721/0.60153/0.516988/0.583256/0.422252/0.294124/0.397648/0.226153/0.212795/0.268907/0.506995/0.870447/0.403529/0.36525/0.036185/0.345551/0.03868/0.37312/0.709778/0.355678/0.480296/0.431967/0.389558/0.355104/0.036997/0.575989/0.394243/0.558212/0.428477/0.000593/0.423246/0.337758/4.8e-05/0.41552/0.594109/0.024442/0.545694/0.067263/0.149309/0.372919/0.326847/0.238661/0.411246/0.420492/0.385752/0.514062/0.179173/0.054/0.467062/0.314148/0.078652/0.393717/0.224576/0.0/0.425541/0.385561/0.04874/0.0/0.399206/0.327774/0.375616/0.206971/0.366273/0.756873/4.8e-05/0.002219/0.421296/0.290098/0.290012/0.114683/0.395267/0.417136/0.221573/0.473402/0.323911;0.075432/0.054506/0.051746/0.050343/0.047412;0.870447/0.583256/0.480296/0.467062/0.372919;3.962348258312918,0.8339885646398719,-1.007793362480925,-0.2184625022447242,1.5379335089084878,-1.2219682106178884,2.086643429391695,0.3990205524591274,0.7373856257481506,1.0031905822232812,-0.9170014086173379,-0.33301527269660747,-0.06658958552078464,-0.7441993918064447,-1.7580419581499847,-1.0709039252833055,-0.13633235006261368,1.0671874518563818,1.416036010040315,-0.6764373579911961,-0.2528779273230124,1.3864902327515567,0.7124389429934609,-0.9134811966593819,0.3126317086033736,-1.9008880944614903,-2.1061867267013232,1.5131046708525724,-2.3973883765155226,-2.3075623322269703,-1.0309901352510602,-1.3807585547892005,-0.7927658302926817,1.8324112437069218,-2.0212897106163914,0.331815038322927,-0.736575562543405,1.6872952076183398,0.03438295917628417,0.5946222219955912,0.11178981004178723,0.692489770862007,-0.09038918989431771,-0.606886238434369,-0.46209764504059364,-0.42221745297613755,0.5063538220682972,1.5681129390097743,0.013499993124852089,0.34068565460125017,-0.8915367697414908,0.1786107731238437,-1.2846452336563858,0.5293864074800793,-2.5468149827751407,-0.7824093689987637,0.8329464259317579,1.7082185787293795,-2.476167995979677,1.041681924654354,0.08063287253346466,-2.0299094422822788,-0.939714893149719,-0.18914089737186826,0.9099712287743175,2.1049416198062456,0.5903387781059164,0.18602790852412465,0.0854971117344111,0.12282087252184085,1.7418879508129845,3.3859857531984097,1.6983552639033075,-0.10154510393714372,-3.3244806189269824,0.7687531498359867,-1.6848216935513642,1.143928385066737,0.3263817179705776,-0.9152986357626633,0.5772500589811952,2.931823907634211,-1.7857715708612139,-1.1335627355323095,-2.2465359582079905,-1.2191013640188155,1.5003515610029745,2.584722186912842,0.3017153957988893,-0.8587770921200077,-0.7945476213599855,0.39132328602899025,-0.5205334053213101,-2.159059439545565,-2.2765947275779777,1.2067226317256237,-0.5804265724323426,-0.33935830296672576,-1.7946001234243,0.0030900835754571615,-0.026472235899217628,-0.2821399339197717,-0.6410193333275724,1.3417567746953152,-0.9309624072823499,-1.6260781611314261,-0.6820815803750979,-1.7174767748909223,0.06401366616456539,-1.1495324016863508,-0.9163725745183509,0.9392985001092633,-3.9513778266017074,-2.8201124160381625,0.23506350229761397,1.1387226370327865,-3.1016708053935154,3.298505927969922,0.7766160888724718,0.10264872521571566,-0.20715516305068077,-1.273809416597154,-0.6002019478551751,1.4031579019546652,1.9029536816220445,-1.6360852959255465,-0.376977191392729,-0.5109650585774372,0.17302844324286124,-2.2171353285480344,0.7725678136485881,-0.33906538130969455,0.39022272738644076,1.4188424724732354,0.127492568140596,-0.5553945032705838,-1.945879927611846,-0.27144054610888757,0.5726981221854851,-1.30328968050792,-0.23133929678812926,-1.2075304087812415,-0.4070849449662902,0.6211555251563001,0.9006091058868869,0.371954948120803,2.9572989873489886,0.2463547675475711,0.36937298007688835,-1.4189899371993233,-0.007316571290008678,-0.015807857067996922,0.1535014596130742,-0.08618296526915417,-2.404695951179009,-1.9490406263211573,-0.8489746980400449,-1.625848979449617;3.4808065776743202,0.8723372919804471,-0.4293885430846588,1.6128651979442328,0.8318245037690412,-1.2453068219403038,2.0560628672339445,-0.4866284179142582,-0.7133791044129464,0.8010172661180419,1.4424108573847378,-0.6103551075070955,-0.33607871592092176,-0.5521695245585503,-2.7977532815928297,-0.9489672034263006,-2.1090291179007346,1.3862290758476772,1.532797521543101,0.12739393906015883,-1.3017290374098225,0.9413449165405718,2.1919640940881613,-0.9988376871432829,-0.9115548171311805,-0.8819451844821791,-0.8948716360537634,0.7359859480473583,-1.5282052389177028,-2.116501696541168,-0.10224040750268937,0.09096539428520323,-1.9511964654913818,0.9063667163114919,-0.3830722727934296,0.39087216407308617,-0.09551086209198983,0.07690072671678563,-2.144346315606136,0.7592810526736657,0.29987936221110745,0.6841510046985967,0.9757755996708546,-1.7063235568486457,-1.3183123260116705,0.2633782406049863,0.7085895783107468,0.5707101606332952,-0.28681229405074504,-1.1778461179397661,0.4937736947171985,0.9726388243685711,-1.0831866479660615,-0.2841487424073051,-1.7310396008811508,0.5148383782141979,2.1244127611160812,0.8191727403948448,-2.0575899096911034,1.652299783069465,-0.1742536578452664,-1.397142366975874,0.4386134895796823,0.5543735539674428,0.9206246507358162,1.739202297871384,1.984850583755654,-0.8791051450211873,-1.1353619629367668,-0.9865315127971894,0.4147591393272914,2.5052064922767885,0.9333584837796104,0.14839077568167225,-3.665872786919659,1.1595270831190352,-1.8995521773218804,1.6791254526106865,0.8369622308569841,-0.2787848019463761,-0.35232972795107964,1.5303121657301522,-1.0852627657914886,-1.097556802939968,-2.2410361277878104,0.30309142568239106,1.766974713357016,1.4101536994115342,1.6901863993420951,-1.66844628371785,-3.1185637045974692,-0.07150675433025971,-0.29102217953127785,-2.468022185728434,-2.209678430291211,0.5595790499900356,-0.4106524460931102,-1.1650189015083812,-2.414348030627518,0.48596529667899124,-1.7389824383905492,-0.130119524374894,-0.673523220388486,1.036760224464647,-1.5078116966889867,-2.38030231596883,1.7315177337150025,-0.4158392307493001,1.197024085641991,-2.6359819441903043,-1.5029172256508878,-0.62341844668839,-1.7763310825202934,-2.1838903735046222,2.5438394435997687,-1.115223010031041,-1.6939649215478008,3.106131119206164,0.5461515206340716,0.8305627840175557,-0.2820627484522819,1.4527155113088093,1.8397980495908186,-0.79069820211579,1.3183284360356766,-2.0791958202943137,-0.05596644222363596,-0.5543298899183197,0.5039581261403177,-2.12557653857707,-0.5140396887876956,-1.2005417486665866,0.6160799490103331,0.8500832562407705,-1.7105345194567676,-0.573799697463271,-0.45887724737028646,-0.42630540311469145,0.28243380563304055,-0.33833115597464386,-0.5953100586126833,-1.874630652437709,-1.5670740907654928,0.6620831833619711,0.7959972645297522,-0.66012443648237,3.3983162667910882,-0.5593194951991675,-0.049495828510796855,-1.815687655577179,0.04898795334449846,-1.9244571187924735,2.342469956025628,-0.5267219926347473,-0.8791652150709732,-0.7788196078283778,-0.690777679366964,-0.6739376972334357
3;128;68690.51979637146;3877;5342;0.047412;0.372919;0.053087/0.048803/0.04952/0.077804/0.067019/0.051518/0.088552/0.136727/0.09831/0.049126/0.073662/0.104357/0.049769/0.055292/0.080378/0.058825/0.06245/0.049707/0.133584/0.051755/0.0732/0.081623/0.09437/0.098791/0.060243/0.090501/0.134462/0.054506/0.081956/0.061979/0.084655/0.05097/0.051158/0.060583/0.082967/0.075432/0.084309/0.077479/0.051033/0.056304/0.050478/0.060286/0.12735/0.074307/0.051746/0.076651/0.058613/0.075266/0.051352/0.123068/0.051019/0.065789/0.099093/0.050579/0.144366/0.061308/0.04891/0.085497/0.079944/0.050373/0.075787/0.051132/0.050267/0.047412/0.056818/0.053368/0.074626/0.090025/0.077382/0.102207/0.054012/0.050133/0.050343/0.059555/0.055821/0.079465/0.049265/0.050257/0.067338/0.054346/0.050407/0.050025/0.054822/0.050124/0.078107/0.052844/0.058436/0.157951/0.050179/0.049899/0.115813/0.054167/0.052779/0.049959/0.075225/0.092499/0.050228/0.096244/0.052933/0.054969;0.165537/0.0/0.0/0.388812/0.383887/0.144088/0.415109/0.580559/0.652556/0.0/0.347731/0.431652/0.0/0.294564/0.390189/0.312924/0.328826/0.006445/0.441052/0.435754/0.504203/0.408386/0.42012/0.509912/0.342721/0.60153/0.516988/0.583256/0.422252/0.294124/0.397648/0.226153/0.212795/0.268907/0.506995/0.870447/0.403529/0.36525/0.036185/0.345551/0.03868/0.37312/0.709778/0.355678/0.480296/0.431967/0.389558/0.355104/0.036997/0.575989/0.394243/0.558212/0.428477/0.000593/0.423246/0.337758/4.8e-05/0.41552/0.594109/0.024442/0.545694/0.067263/0.149309/0.372919/0.326847/0.238661/0.411246/0.420492/0.385752/0.514062/0.179173/0.054/0.467062/0.314148/0.078652/0.393717/0.224576/0.0/0.425541/0.385561/0.04874/0.0/0.399206/0.327774/0.375616/0.206971/0.366273/0.756873/4.8e-05/0.002219/0.421296/0.290098/0.290012/0.114683/0.395267/0.417136/0.221573/0.473402/0.323911/0.418178;0.075432/0.054506/0.051746/0.050343/0.047412;0.870447/0.583256/0.480296/0.467062/0.372919;3.962348258312918,0.8339885646398719,-1.007793362480925,-0.2184625022447242,1.5379335089084878,-1.2219682106178884,2.086643429391695,0.3990205524591274,0.7373856257481506,1.0031905822232812,-0.9170014086173379,-0.33301527269660747,-0.06658958552078464,-0.7441993918064447,-1.7580419581499847,-1.0709039252833055,-0.13633235006261368,1.0671874518563818,1.416036010040315,-0.6764373579911961,-0.2528779273230124,1.3864902327515567,0.7124389429934609,-0.9134811966593819,0.3126317086033736,-1.9008880944614903,-2.1061867267013232,1.5131046708525724,-2.3973883765155226,-2.3075623322269703,-1.0309901352510602,-1.3807585547892005,-0.7927658302926817,1.8324112437069218,-2.0212897106163914,0.331815038322927,-0.736575562543405,1.6872952076183398,0.03438295917628417,0.5946222219955912,0.11178981004178723,0.692489770862007,-0.09038918989431771,-0.606886238434369,-0.46209764504059364,-0.42221745297613755,0.5063538220682972,1.5681129390097743,0.013499993124852089,0.34068565460125017,-0.8915367697414908,0.1786107731238437,-1.2846452336563858,0.5293864074800793,-2.5468149827751407,-0.7824093689987637,0.8329464259317579,1.7082185787293795,-2.476167995979677,1.041681924654354,0.08063287253346466,-2.0299094422822788,-0.939714893149719,-0.18914089737186826,0.9099712287743175,2.1049416198062456,0.5903387781059164,0.18602790852412465,0.0854971117344111,0.12282087252184085,1.7418879508129845,3.3859857531984097,1.6983552639033075,-0.10154510393714372,-3.3244806189269824,0.7687531498359867,-1.6848216935513642,1.143928385066737,0.3263817179705776,-0.9152986357626633,0.5772500589811952,2.931823907634211,-1.7857715708612139,-1.1335627355323095,-2.2465359582079905,-1.2191013640188155,1.5003515610029745,2.584722186912842,0.3017153957988893,-0.8587770921200077,-0.7945476213599855,0.39132328602899025,-0.5205334053213101,-2.159059439545565,-2.2765947275779777,1.2067226317256237,-0.5804265724323426,-0.33935830296672576,-1.7946001234243,0.0030900835754571615,-0.026472235899217628,-0.2821399339197717,-0.6410193333275724,1.3417567746953152,-0.9309624072823499,-1.6260781611314261,-0.6820815803750979,-1.7174767748909223,0.06401366616456539,-1.1495324016863508,-0.9163725745183509,0.9392985001092633,-3.9513778266017074,-2.8201124160381625,0.23506350229761397,1.1387226370327865,-3.1016708053935154,3.298505927969922,0.7766160888724718,0.10264872521571566,-0.20715516305068077,-1.273809416597154,-0.6002019478551751,1.4031579019546652,1.9029536816220445,-1.6360852959255465,-0.376977191392729,-0.5109650585774372,0.17302844324286124,-2.2171353285480344,0.7725678136485881,-0.33906538130969455,0.39022272738644076,1.4188424724732354,0.127492568140596,-0.5553945032705838,-1.945879927611846,-0.27144054610888757,0.5726981221854851,-1.30328968050792,-0.23133929678812926,-1.2075304087812415,-0.4070849449662902,0.6211555251563001,0.9006091058868869,0.371954948120803,2.9572989873489886,0.2463547675475711,0.36937298007688835,-1.4189899371993233,-0.007316571290008678,-0.015807857067996922,0.1535014596130742,-0.08618296526915417,-2.404695951179009,-1.9490406263211573,-0.8489746980400449,-1.625848979449617;3.4808065776743202,0.8723372919804471,-0.4293885430846588,1.6128651979442328,0.8318245037690412,-1.2453068219403038,2.0560628672339445,-0.4866284179142582,-0.7133791044129464,0.8010172661180419,1.4424108573847378,-0.6103551075070955,-0.33607871592092176,-0.5521695245585503,-2.7977532815928297,-0.9489672034263006,-2.1090291179007346,1.3862290758476772,1.532797521543101,0.12739393906015883,-1.3017290374098225,0.9413449165405718,2.1919640940881613,-0.9988376871432829,-0.9115548171311805,-0.8819451844821791,-0.8948716360537634,0.7359859480473583,-1.5282052389177028,-2.116501696541168,-0.10224040750268937,0.09096539428520323,-1.9511964654913818,0.9063667163114919,-0.3830722727934296,0.39087216407308617,-0.09551086209198983,0.07690072671678563,-2.144346315606136,0.7592810526736657,0.29987936221110745,0.6841510046985967,0.9757755996708546,-1.7063235568486457,-1.3183123260116705,0.2633782406049863,0.7085895783107468,0.5707101606332952,-0.28681229405074504,-1.1778461179397661,0.4937736947171985,0.9726388243685711,-1.0831866479660615,-0.2841487424073051,-1.7310396008811508,0.5148383782141979,2.1244127611160812,0.8191727403948448,-2.0575899096911034,1.652299783069465,-0.1742536578452664,-1.397142366975874,0.4386134895796823,0.5543735539674428,0.9206246507358162,1.739202297871384,1.984850583755654,-0.8791051450211873,-1.1353619629367668,-0.9865315127971894,0.4147591393272914,2.5052064922767885,0.9333584837796104,0.14839077568167225,-3.665872786919659,1.1595270831190352,-1.8995521773218804,1.6791254526106865,0.8369622308569841,-0.2787848019463761,-0.35232972795107964,1.5303121657301522,-1.0852627657914886,-1.097556802939968,-2.2410361277878104,0.30309142568239106,1.766974713357016,1.4101536994115342,1.6901863993420951,-1.66844628371785,-3.1185637045974692,-0.07150675433025971,-0.29102217953127785,-2.468022185728434,-2.209678430291211,0.5595790499900356,-0.4106524460931102,-1.1650189015083812,-2.414348030627518,0.48596529667899124,-1.7389824383905492,-0.130119524374894,-0.673523220388486,1.036760224464647,-1.5078116966889867,-2.38030231596883,1.7315177337150025,-0.4158392307493001,1.197024085641991,-2.6359819441903043,-1.5029172256508878,-0.62341844668839,-1.7763310825202934,-2.1838903735046222,2.5438394435997687,-1.115223010031041,-1.6939649215478008,3.106131119206164,0.5461515206340716,0.8305627840175557,-0.2820627484522819,1.4527155113088093,1.8397980495908186,-0.79069820211579,1.3183284360356766,-2.0791958202943137,-0.05596644222363596,-0.5543298899183197,0.5039581261403177,-2.12557653857707,-0.5140396887876956,-1.2005417486665866,0.6160799490103331,0.8500832562407705,-1.7105345194567676,-0.573799697463271,-0.45887724737028646,-0.42630540311469145,0.28243380563304055,-0.33833115597464386,-0.5953100586126833,-1.874630652437709,-1.5670740907654928,0.6620831833619711,0.7959972645297522,-0.66012443648237,3.3983162667910882,-0.5593194951991675,-0.049495828510796855,-1.815687655577179,0.04898795334449846,-1.9244571187924735,2.342469956025628,-0.5267219926347473,-0.8791652150709732,-0.7788196078283778,-0.690777679366964,-0.6739376972334357
3;129;69238.76953053474;3877;5342;0.047412;0.372919;0.053087/0.048803/0.04952/0.077804/0.067019/0.051518/0.088552/0.136727/0.09831/0.049126/0.073662/0.104357/0.049769/0.055292/0.080378/0.058825/0.06245/0.049707/0.133584/0.051755/0.0732/0.081623/0.09437/0.098791/0.060243/0.090501/0.134462/0.054506/0.081956/0.061979/0.05097/0.051158/0.082967/0.075432/0.084309/0.077479/0.051033/0.056304/0.050478/0.060286/0.12735/0.074307/0.051746/0.076651/0.058613/0.075266/0.051352/0.123068/0.051019/0.065789/0.099093/0.050579/0.144366/0.061308/0.04891/0.085497/0.079944/0.050373/0.075787/0.051132/0.050267/0.047412/0.056818/0.053368/0.074626/0.090025/0.077382/0.102207/0.054012/0.050133/0.050343/0.059555/0.079465/0.049265/0.050257/0.067338/0.054346/0.050407/0.050025/0.054822/0.050124/0.078107/0.052844/0.058436/0.157951/0.050179/0.049899/0.115813/0.054167/0.052779/0.049959/0.075225/0.092499/0.050228/0.096244/0.052933/0.054969/0.054465/0.050498/0.082714;0.165537/0.0/0.0/0.388812/0.383887/0.144088/0.415109/0.580559/0.652556/0.0/0.347731/0.431652/0.0/0.294564/0.390189/0.312924/0.328826/0.006445/0.441052/0.435754/0.504203/0.408386/0.42012/0.509912/0.342721/0.60153/0.516988/0.583256/0.422252/0.294124/0.226153/0.212795/0.506995/0.870447/0.403529/0.36525/0.036185/0.345551/0.03868/0.37312/0.709778/0.355678/0.480296/0.431967/0.389558/0.355104/0.036997/0.575989/0.394243/0.558212/0.428477/0.000593/0.423246/0.337758/4.8e-05/0.41552/0.594109/0.024442/0.545694/0.067263/0.149309/0.372919/0.326847/0.238661/0.411246/0.420492/0.385752/0.514062/0.179173/0.054/0.467062/0.314148/0.393717/0.224576/0.0/0.425541/0.385561/0.04874/0.0/0.399206/0.327774/0.375616/0.206971/0.366273/0.756873/4.8e-05/0.002219/0.421296/0.290098/0.290012/0.114683/0.395267/0.417136/0.221573/0.473402/0.323911/0.418178/0.206627/0.160698/0.415396;0.075432/0.054506/0.051746/0.050343/0.047412;0.870447/0.583256/0.480296/0.467062/0.372919;3.962348258312918,0.8339885646398719,-1.007793362480925,-0.2184625022447242,1.5379335089084878,-1.2219682106178884,2.086643429391695,0.3990205524591274,0.7373856257481506,1.0031905822232812,-0.9170014086173379,-0.33301527269660747,-0.06658958552078464,-0.7441993918064447,-1.7580419581499847,-1.0709039252833055,-0.13633235006261368,1.0671874518563818,1.416036010040315,-0.6764373579911961,-0.2528779273230124,1.3864902327515567,0.7124389429934609,-0.9134811966593819,0.3126317086033736,-1.9008880944614903,-2.1061867267013232,1.5131046708525724,-2.3973883765155226,-2.3075623322269703,-1.0309901352510602,-1.3807585547892005,-0.7927658302926817,1.8324112437069218,-2.0212897106163914,0.331815038322927,-0.736575562543405,1.6872952076183398,0.03438295917628417,0.5946222219955912,0.11178981004178723,0.692489770862007,-0.09038918989431771,-0.606886238434369,-0.46209764504059364,-0.42221745297613755,0.5063538220682972,1.5681129390097743,0.013499993124852089,0.34068565460125017,-0.8915367697414908,0.1786107731238437,-1.2846452336563858,0.5293864074800793,-2.5468149827751407,-0.7824093689987637,0.8329464259317579,1.7082185787293795,-2.476167995979677,1.041681924654354,0.08063287253346466,-2.0299094422822788,-0.939714893149719,-0.18914089737186826,0.9099712287743175,2.1049416198062456,0.5903387781059164,0.18602790852412465,0.0854971117344111,0.12282087252184085,1.7418879508129845,3.3859857531984097,1.6983552639033075,-0.10154510393714372,-3.3244806189269824,0.7687531498359867,-1.6848216935513642,1.143928385066737,0.3263817179705776,-0.9152986357626633,0.5772500589811952,2.931823907634211,-1.7857715708612139,-1.1335627355323095,-2.2465359582079905,-1.2191013640188155,1.5003515610029745,2.584722186912842,0.3017153957988893,-0.8587770921200077,-0.7945476213599855,0.39132328602899025,-0.5205334053213101,-2.159059439545565,-2.2765947275779777,1.2067226317256237,-0.5804265724323426,-0.33935830296672576,-1.7946001234243,0.0030900835754571615,-0.026472235899217628,-0.2821399339197717,-0.6410193333275724,1.3417567746953152,-0.9309624072823499,-1.6260781611314261,-0.6820815803750979,-1.7174767748909223,0.06401366616456539,-1.1495324016863508,-0.9163725745183509,0.9392985001092633,-3.9513778266017074,-2.8201124160381625,0.23506350229761397,1.1387226370327865,-3.1016708053935154,3.298505927969922,0.7766160888724718,0.10264872521571566,-0.20715516305068077,-1.273809416597154,-0.6002019478551751,1.4031579019546652,1.9029536816220445,-1.6360852959255465,-0.376977191392729,-0.5109650585774372,0.17302844324286124,-2.2171353285480344,0.7725678136485881,-0.33906538130969455,0.39022272738644076,1.4188424724732354,0.127492568140596,-0.5553945032705838,-1.945879927611846,-0.27144054610888757,0.5726981221854851,-1.30328968050792,-0.23133929678812926,-1.2075304087812415,-0.4070849449662902,0.6211555251563001,0.9006091058868869,0.371954948120803,2.9572989873489886,0.2463547675475711,0.36937298007688835,-1.4189899371993233,-0.007316571290008678,-0.015807857067996922,0.1535014596130742,-0.08618296526915417,-2.404695951179009,-1.9490406263211573,-0.8489746980400449,-1.625848979449617;3.4808065776743202,0.8723372919804471,-0.4293885430846588,1.6128651979442328,0.8318245037690412,-1.2453068219403038,2.0560628672339445,-0.4866284179142582,-0.7133791044129464,0.8010172661180419,1.4424108573847378,-0.6103551075070955,-0.33607871592092176,-0.5521695245585503,-2.7977532815928297,-0.9489672034263006,-2.1090291179007346,1.3862290758476772,1.532797521543101,0.12739393906015883,-1.3017290374098225,0.9413449165405718,2.1919640940881613,-0.9988376871432829,-0.9115548171311805,-0.8819451844821791,-0.8948716360537634,0.7359859480473583,-1.5282052389177028,-2.116501696541168,-0.10224040750268937,0.09096539428520323,-1.9511964654913818,0.9063667163114919,-0.3830722727934296,0.39087216407308617,-0.09551086209198983,0.07690072671678563,-2.144346315606136,0.7592810526736657,0.29987936221110745,0.6841510046985967,0.9757755996708546,-1.7063235568486457,-1.3183123260116705,0.2633782406049863,0.7085895783107468,0.5707101606332952,-0.28681229405074504,-1.1778461179397661,0.4937736947171985,0.9726388243685711,-1.0831866479660615,-0.2841487424073051,-1.7310396008811508,0.5148383782141979,2.1244127611160812,0.8191727403948448,-2.0575899096911034,1.652299783069465,-0.1742536578452664,-1.397142366975874,0.4386134895796823,0.5543735539674428,0.9206246507358162,1.739202297871384,1.984850583755654,-0.8791051450211873,-1.1353619629367668,-0.9865315127971894,0.4147591393272914,2.5052064922767885,0.9333584837796104,0.14839077568167225,-3.665872786919659,1.1595270831190352,-1.8995521773218804,1.6791254526106865,0.8369622308569841,-0.2787848019463761,-0.35232972795107964,1.5303121657301522,-1.0852627657914886,-1.097556802939968,-2.2410361277878104,0.30309142568239106,1.766974713357016,1.4101536994115342,1.6901863993420951,-1.66844628371785,-3.1185637045974692,-0.07150675433025971,-0.29102217953127785,-2.468022185728434,-2.209678430291211,0.5595790499900356,-0.4106524460931102,-1.1650189015083812,-2.414348030627518,0.48596529667899124,-1.7389824383905492,-0.130119524374894,-0.673523220388486,1.036760224464647,-1.5078116966889867,-2.38030231596883,1.7315177337150025,-0.4158392307493001,1.197024085641991,-2.6359819441903043,-1.5029172256508878,-0.62341844668839,-1.7763310825202934,-2.1838903735046222,2.5438394435997687,-1.115223010031041,-1.6939649215478008,3.106131119206164,0.5461515206340716,0.8305627840175557,-0.2820627484522819,1.4527155113088093,1.8397980495908186,-0.79069820211579,1.3183284360356766,-2.0791958202943137,-0.05596644222363596,-0.5543298899183197,0.5039581261403177,-2.12557653857707,-0.5140396887876956,-1.2005417486665866,0.6160799490103331,0.8500832562407705,-1.7105345194567676,-0.573799697463271,-0.45887724737028646,-0.42630540311469145,0.28243380563304055,-0.33833115597464386,-0.5953100586126833,-1.874630652437709,-1.5670740907654928,0.6620831833619711,0.7959972645297522,-0.66012443648237,3.3983162667910882,-0.5593194951991675,-0.049495828510796855,-1.815687655577179,0.04898795334449846,-1.9244571187924735,2.342469956025628,-0.5267219926347473,-0.8791652150709732,-0.7788196078283778,-0.690777679366964,-0.6739376972334357
3;130;69778.86281943321;3877;5342;0.047412;0.372919;0.053087/0.048803/0.04952/0.077804/0.067019/0.051518/0.088552/0.136727/0.09831/0.049126/0.073662/0.104357/0.049769/0.055292/0.080378/0.058825/0.049707/0.133584/0.051755/0.0732/0.081623/0.09437/0.098791/0.060243/0.090501/0.134462/0.054506/0.081956/0.061979/0.05097/0.051158/0.082967/0.075432/0.084309/0.077479/0.051033/0.056304/0.050478/0.060286/0.12735/0.074307/0.051746/0.076651/0.058613/0.051352/0.123068/0.051019/0.065789/0.099093/0.050579/0.144366/0.061308/0.04891/0.085497/0.079944/0.050373/0.075787/0.051132/0.050267/0.047412/0.056818/0.053368/0.074626/0.090025/0.077382/0.102207/0.054012/0.050133/0.050343/0.059555/0.079465/0.049265/0.050257/0.067338/0.054346/0.050407/0.050025/0.054822/0.050124/0.078107/0.052844/0.058436/0.157951/0.050179/0.049899/0.115813/0.054167/0.052779/0.049959/0.075225/0.092499/0.050228/0.096244/0.052933/0.054969/0.054465/0.050498/0.082714/0.05894/0.052684;0.165537/0.0/0.0/0.388812/0.383887/0.144088/0.415109/0.580559/0.652556/0.0/0.347731/0.431652/0.0/0.294564/0.390189/0.312924/0.006445/0.441052/0.435754/0.504203/0.408386/0.42012/0.509912/0.342721/0.60153/0.516988/0.583256/0.422252/0.294124/0.226153/0.212795/0.506995/0.870447/0.403529/0.36525/0.036185/0.345551/0.03868/0.37312/0.709778/0.355678/0.480296/0.431967/0.389558/0.036997/0.575989/0.394243/0.558212/0.428477/0.000593/0.423246/0.337758/4.8e-05/0.41552/0.594109/0.024442/0.545694/0.067263/0.149309/0.372919/0.326847/0.238661/0.411246/0.420492/0.385752/0.514062/0.179173/0.054/0.467062/0.314148/0.393717/0.224576/0.0/0.425541/0.385561/0.04874/0.0/0.399206/0.327774/0.375616/0.206971/0.366273/0.756873/4.8e-05/0.002219/0.421296/0.290098/0.290012/0.114683/0.395267/0.417136/0.221573/0.473402/0.323911/0.418178/0.206627/0.160698/0.415396/0.388697/0.416333;0.075432/0.054506/0.051746/0.050343/0.047412;0.870447/0.583256/0.480296/0.467062/0.372919;3.962348258312918,0.8339885646398719,-1.007793362480925,-0.2184625022447242,1.5379335089084878,-1.2219682106178884,2.086643429391695,0.3990205524591274,0.7373856257481506,1.0031905822232812,-0.9170014086173379,-0.33301527269660747,-0.06658958552078464,-0.7441993918064447,-1.7580419581499847,-1.0709039252833055,-0.13633235006261368,1.0671874518563818,1.416036010040315,-0.6764373579911961,-0.2528779273230124,1.3864902327515567,0.7124389429934609,-0.9134811966593819,0.3126317086033736,-1.9008880944614903,-2.1061867267013232,1.5131046708525724,-2.3973883765155226,-2.3075623322269703,-1.0309901352510602,-1.3807585547892005,-0.7927658302926817,1.8324112437069218,-2.0212897106163914,0.331815038322927,-0.736575562543405,1.6872952076183398,0.03438295917628417,0.5946222219955912,0.11178981004178723,0.692489770862007,-0.09038918989431771,-0.606886238434369,-0.46209764504059364,-0.42221745297613755,0.5063538220682972,1.5681129390097743,0.013499993124852089,0.34068565460125017,-0.8915367697414908,0.1786107731238437,-1.2846452336563858,0.5293864074800793,-2.5468149827751407,-0.7824093689987637,0.8329464259317579,1.7082185787293795,-2.476167995979677,1.041681924654354,0.08063287253346466,-2.0299094422822788,-0.939714893149719,-0.18914089737186826,0.9099712287743175,2.1049416198062456,0.5903387781059164,0.18602790852412465,0.0854971117344111,0.12282087252184085,1.7418879508129845,3.3859857531984097,1.6983552639033075,-0.10154510393714372,-3.3244806189269824,0.7687531498359867,-1.6848216935513642,1.143928385066737,0.3263817179705776,-0.9152986357626633,0.5772500589811952,2.931823907634211,-1.7857715708612139,-1.1335627355323095,-2.2465359582079905,-1.2191013640188155,1.5003515610029745,2.584722186912842,0.3017153957988893,-0.8587770921200077,-0.7945476213599855,0.39132328602899025,-0.5205334053213101,-2.159059439545565,-2.2765947275779777,1.2067226317256237,-0.5804265724323426,-0.33935830296672576,-1.7946001234243,0.0030900835754571615,-0.026472235899217628,-0.2821399339197717,-0.6410193333275724,1.3417567746953152,-0.9309624072823499,-1.6260781611314261,-0.6820815803750979,-1.7174767748909223,0.06401366616456539,-1.1495324016863508,-0.9163725745183509,0.9392985001092633,-3.9513778266017074,-2.8201124160381625,0.23506350229761397,1.1387226370327865,-3.1016708053935154,3.298505927969922,0.7766160888724718,0.10264872521571566,-0.20715516305068077,-1.273809416597154,-0.6002019478551751,1.4031579019546652,1.9029536816220445,-1.6360852959255465,-0.376977191392729,-0.5109650585774372,0.17302844324286124,-2.2171353285480344,0.7725678136485881,-0.33906538130969455,0.39022272738644076,1.4188424724732354,0.127492568140596,-0.5553945032705838,-1.945879927611846,-0.27144054610888757,0.5726981221854851,-1.30328968050792,-0.23133929678812926,-1.2075304087812415,-0.4070849449662902,0.6211555251563001,0.9006091058868869,0.371954948120803,2.9572989873489886,0.2463547675475711,0.36937298007688835,-1.4189899371993233,-0.007316571290008678,-0.015807857067996922,0.1535014596130742,-0.08618296526915417,-2.404695951179009,-1.9490406263211573,-0.8489746980400449,-1.625848979449617;3.4808065776743202,0.8723372919804471,-0.4293885430846588,1.6128651979442328,0.8318245037690412,-1.2453068219403038,2.0560628672339445,-0.4866284179142582,-0.7133791044129464,0.8010172661180419,1.4424108573847378,-0.6103551075070955,-0.33607871592092176,-0.5521695245585503,-2.7977532815928297,-0.9489672034263006,-2.1090291179007346,1.3862290758476772,1.532797521543101,0.12739393906015883,-1.3017290374098225,0.9413449165405718,2.1919640940881613,-0.9988376871432829,-0.9115548171311805,-0.8819451844821791,-0.8948716360537634,0.7359859480473583,-1.5282052389177028,-2.116501696541168,-0.10224040750268937,0.09096539428520323,-1.9511964654913818,0.9063667163114919,-0.3830722727934296,0.39087216407308617,-0.09551086209198983,0.07690072671678563,-2.144346315606136,0.7592810526736657,0.29987936221110745,0.6841510046985967,0.9757755996708546,-1.7063235568486457,-1.3183123260116705,0.2633782406049863,0.7085895783107468,0.5707101606332952,-0.28681229405074504,-1.1778461179397661,0.4937736947171985,0.9726388243685711,-1.0831866479660615,-0.2841487424073051,-1.7310396008811508,0.5148383782141979,2.1244127611160812,0.8191727403948448,-2.0575899096911034,1.652299783069465,-0.1742536578452664,-1.397142366975874,0.4386134895796823,0.5543735539674428,0.9206246507358162,1.739202297871384,1.984850583755654,-0.8791051450211873,-1.1353619629367668,-0.9865315127971894,0.4147591393272914,2.5052064922767885,0.9333584837796104,0.14839077568167225,-3.665872786919659,1.1595270831190352,-1.8995521773218804,1.6791254526106865,0.8369622308569841,-0.2787848019463761,-0.35232972795107964,1.5303121657301522,-1.0852627657914886,-1.097556802939968,-2.2410361277878104,0.30309142568239106,1.766974713357016,1.4101536994115342,1.6901863993420951,-1.66844628371785,-3.1185637045974692,-0.07150675433025971,-0.29102217953127785,-2.468022185728434,-2.209678430291211,0.5595790499900356,-0.4106524460931102,-1.1650189015083812,-2.414348030627518,0.48596529667899124,-1.7389824383905492,-0.130119524374894,-0.673523220388486,1.036760224464647,-1.5078116966889867,-2.38030231596883,1.7315177337150025,-0.4158392307493001,1.197024085641991,-2.6359819441903043,-1.5029172256508878,-0.62341844668839,-1.7763310825202934,-2.1838903735046222,2.5438394435997687,-1.115223010031041,-1.6939649215478008,3.106131119206164,0.5461515206340716,0.8305627840175557,-0.2820627484522819,1.4527155113088093,1.8397980495908186,-0.79069820211579,1.3183284360356766,-2.0791958202943137,-0.05596644222363596,-0.5543298899183197,0.5039581261403177,-2.12557653857707,-0.5140396887876956,-1.2005417486665866,0.6160799490103331,0.8500832562407705,-1.7105345194567676,-0.573799697463271,-0.45887724737028646,-0.42630540311469145,0.28243380563304055,-0.33833115597464386,-0.5953100586126833,-1.874630652437709,-1.5670740907654928,0.6620831833619711,0.7959972645297522,-0.66012443648237,3.3983162667910882,-0.5593194951991675,-0.049495828510796855,-1.815687655577179,0.04898795334449846,-1.9244571187924735,2.342469956025628,-0.5267219926347473,-0.8791652150709732,-0.7788196078283778,-0.690777679366964,-0.6739376972334357
3;131;70327.76851272583;3877;5342;0.047412;0.372919;0.053087/0.048803/0.04952/0.077804/0.067019/0.051518/0.088552/0.136727/0.09831/0.049126/0.073662/0.104357/0.049769/0.055292/0.080378/0.058825/0.049707/0.133584/0.051755/0.0732/0.081623/0.09437/0.098791/0.060243/0.090501/0.134462/0.054506/0.081956/0.05097/0.051158/0.082967/0.075432/0.084309/0.051033/0.056304/0.050478/0.060286/0.12735/0.074307/0.051746/0.076651/0.058613/0.051352/0.123068/0.051019/0.065789/0.099093/0.050579/0.144366/0.061308/0.04891/0.085497/0.079944/0.050373/0.075787/0.051132/0.050267/0.047412/0.056818/0.053368/0.074626/0.090025/0.077382/0.102207/0.054012/0.050133/0.050343/0.059555/0.079465/0.049265/0.050257/0.067338/0.054346/0.050407/0.050025/0.054822/0.050124/0.078107/0.052844/0.058436/0.157951/0.050179/0.049899/0.115813/0.054167/0.052779/0.049959/0.075225/0.092499/0.050228/0.096244/0.052933/0.054969/0.054465/0.050498/0.082714/0.05894/0.052684/0.053471/0.049546;0.165537/0.0/0.0/0.388812/0.383887/0.144088/0.415109/0.580559/0.652556/0.0/0.347731/0.431652/0.0/0.294564/0.390189/0.312924/0.006445/0.441052/0.435754/0.504203/0.408386/0.42012/0.509912/0.342721/0.60153/0.516988/0.583256/0.422252/0.226153/0.212795/0.506995/0.870447/0.403529/0.036185/0.345551/0.03868/0.37312/0.709778/0.355678/0.480296/0.431967/0.389558/0.036997/0.575989/0.394243/0.558212/0.428477/0.000593/0.423246/0.337758/4.8e-05/0.41552/0.594109/0.024442/0.545694/0.067263/0.149309/0.372919/0.326847/0.238661/0.411246/0.420492/0.385752/0.514062/0.179173/0.054/0.467062/0.314148/0.393717/0.224576/0.0/0.425541/0.385561/0.04874/0.0/0.399206/0.327774/0.375616/0.206971/0.366273/0.756873/4.8e-05/0.002219/0.421296/0.290098/0.290012/0.114683/0.395267/0.417136/0.221573/0.473402/0.323911/0.418178/0.206627/0.160698/0.415396/0.388697/0.416333/0.099163/0.374898;0.075432/0.054506/0.051746/0.050343/0.049546/0.047412;0.870447/0.583256/0.480296/0.467062/0.374898/0.372919;3.962348258312918,0.8339885646398719,-1.007793362480925,-0.2184625022447242,1.5379335089084878,-1.2219682106178884,2.086643429391695,0.3990205524591274,0.7373856257481506,1.0031905822232812,-0.9170014086173379,-0.33301527269660747,-0.06658958552078464,-0.7441993918064447,-1.7580419581499847,-1.0709039252833055,-0.13633235006261368,1.0671874518563818,1.416036010040315,-0.6764373579911961,-0.2528779273230124,1.3864902327515567,0.7124389429934609,-0.9134811966593819,0.3126317086033736,-1.9008880944614903,-2.1061867267013232,1.5131046708525724,-2.3973883765155226,-2.3075623322269703,-1.0309901352510602,-1.3807585547892005,-0.7927658302926817,1.8324112437069218,-2.0212897106163914,0.331815038322927,-0.736575562543405,1.6872952076183398,0.03438295917628417,0.5946222219955912,0.11178981004178723,0.692489770862007,-0.09038918989431771,-0.606886238434369,-0.46209764504059364,-0.42221745297613755,0.5063538220682972,1.5681129390097743,0.013499993124852089,0.34068565460125017,-0.8915367697414908,0.1786107731238437,-1.2846452336563858,0.5293864074800793,-2.5468149827751407,-0.7824093689987637,0.8329464259317579,1.7082185787293795,-2.476167995979677,1.041681924654354,0.08063287253346466,-2.0299094422822788,-0.939714893149719,-0.18914089737186826,0.9099712287743175,2.1049416198062456,0.5903387781059164,0.18602790852412465,0.0854971117344111,0.12282087252184085,1.7418879508129845,3.3859857531984097,1.6983552639033075,-0.10154510393714372,-3.3244806189269824,0.7687531498359867,-1.6848216935513642,1.143928385066737,0.3263817179705776,-0.9152986357626633,0.5772500589811952,2.931823907634211,-1.7857715708612139,-1.1335627355323095,-2.2465359582079905,-1.2191013640188155,1.5003515610029745,2.584722186912842,0.3017153957988893,-0.8587770921200077,-0.7945476213599855,0.39132328602899025,-0.5205334053213101,-2.159059439545565,-2.2765947275779777,1.2067226317256237,-0.5804265724323426,-0.33935830296672576,-1.7946001234243,0.0030900835754571615,-0.026472235899217628,-0.2821399339197717,-0.6410193333275724,1.3417567746953152,-0.9309624072823499,-1.6260781611314261,-0.6820815803750979,-1.7174767748909223,0.06401366616456539,-1.1495324016863508,-0.9163725745183509,0.9392985001092633,-3.9513778266017074,-2.8201124160381625,0.23506350229761397,1.1387226370327865,-3.1016708053935154,3.298505927969922,0.7766160888724718,0.10264872521571566,-0.20715516305068077,-1.273809416597154,-0.6002019478551751,1.4031579019546652,1.9029536816220445,-1.6360852959255465,-0.376977191392729,-0.5109650585774372,0.17302844324286124,-2.2171353285480344,0.7725678136485881,-0.33906538130969455,0.39022272738644076,1.4188424724732354,0.127492568140596,-0.5553945032705838,-1.945879927611846,-0.27144054610888757,0.5726981221854851,-1.30328968050792,-0.23133929678812926,-1.2075304087812415,-0.4070849449662902,0.6211555251563001,0.9006091058868869,0.371954948120803,2.9572989873489886,0.2463547675475711,0.36937298007688835,-1.4189899371993233,-0.007316571290008678,-0.015807857067996922,0.1535014596130742,-0.08618296526915417,-2.404695951179009,-1.9490406263211573,-0.8489746980400449,-1.625848979449617;3.4808065776743202,0.8723372919804471,-0.4293885430846588,1.6128651979442328,0.8318245037690412,-1.2453068219403038,2.0560628672339445,-0.4866284179142582,-0.7133791044129464,0.8010172661180419,1.4424108573847378,-0.6103551075070955,-0.33607871592092176,-0.5521695245585503,-2.7977532815928297,-0.9489672034263006,-2.1090291179007346,1.3862290758476772,1.532797521543101,0.12739393906015883,-1.3017290374098225,0.9413449165405718,2.1919640940881613,-0.9988376871432829,-0.9115548171311805,-0.8819451844821791,-0.8948716360537634,0.7359859480473583,-1.5282052389177028,-2.116501696541168,-0.10224040750268937,0.09096539428520323,-1.9511964654913818,0.9063667163114919,-0.3830722727934296,0.39087216407308617,-0.09551086209198983,0.07690072671678563,-2.144346315606136,0.7592810526736657,0.29987936221110745,0.6841510046985967,0.9757755996708546,-1.7063235568486457,-1.3183123260116705,0.2633782406049863,0.7085895783107468,0.5707101606332952,-0.28681229405074504,-1.1778461179397661,0.4937736947171985,0.9726388243685711,-1.0831866479660615,-0.2841487424073051,-1.7310396008811508,0.5148383782141979,2.1244127611160812,0.8191727403948448,-2.0575899096911034,1.652299783069465,-0.1742536578452664,-1.397142366975874,0.4386134895796823,0.5543735539674428,0.9206246507358162,1.739202297871384,1.984850583755654,-0.8791051450211873,-1.1353619629367668,-0.9865315127971894,0.4147591393272914,2.5052064922767885,0.9333584837796104,0.14839077568167225,-3.665872786919659,1.1595270831190352,-1.8995521773218804,1.6791254526106865,0.8369622308569841,-0.2787848019463761,-0.35232972795107964,1.5303121657301522,-1.0852627657914886,-1.097556802939968,-2.2410361277878104,0.30309142568239106,1.766974713357016,1.4101536994115342,1.6901863993420951,-1.66844628371785,-3.1185637045974692,-0.07150675433025971,-0.29102217953127785,-2.468022185728434,-2.209678430291211,0.5595790499900356,-0.4106524460931102,-1.1650189015083812,-2.414348030627518,0.48596529667899124,-1.7389824383905492,-0.130119524374894,-0.673523220388486,1.036760224464647,-1.5078116966889867,-2.38030231596883,1.7315177337150025,-0.4158392307493001,1.197024085641991,-2.6359819441903043,-1.5029172256508878,-0.62341844668839,-1.7763310825202934,-2.1838903735046222,2.5438394435997687,-1.115223010031041,-1.6939649215478008,3.106131119206164,0.5461515206340716,0.8305627840175557,-0.2820627484522819,1.4527155113088093,1.8397980495908186,-0.79069820211579,1.3183284360356766,-2.0791958202943137,-0.05596644222363596,-0.5543298899183197,0.5039581261403177,-2.12557653857707,-0.5140396887876956,-1.2005417486665866,0.6160799490103331,0.8500832562407705,-1.7105345194567676,-0.573799697463271,-0.45887724737028646,-0.42630540311469145,0.28243380563304055,-0.33833115597464386,-0.5953100586126833,-1.874630652437709,-1.5670740907654928,0.6620831833619711,0.7959972645297522,-0.66012443648237,3.3983162667910882,-0.5593194951991675,-0.049495828510796855,-1.815687655577179,0.04898795334449846,-1.9244571187924735,2.342469956025628,-0.5267219926347473,-0.8791652150709732,-0.7788196078283778,-0.690777679366964,-0.6739376972334357
3;132;70884.46811389923;3877;5342;0.047412;0.372919;0.053087/0.048803/0.04952/0.077804/0.067019/0.051518/0.088552/0.136727/0.09831/0.049126/0.104357/0.049769/0.055292/0.080378/0.058825/0.049707/0.133584/0.051755/0.0732/0.081623/0.09437/0.098791/0.060243/0.090501/0.134462/0.054506/0.081956/0.05097/0.051158/0.082967/0.075432/0.084309/0.051033/0.056304/0.050478/0.060286/0.12735/0.051746/0.076651/0.058613/0.051352/0.123068/0.051019/0.065789/0.099093/0.050579/0.144366/0.04891/0.085497/0.079944/0.050373/0.075787/0.051132/0.050267/0.047412/0.056818/0.053368/0.074626/0.090025/0.077382/0.102207/0.054012/0.050133/0.050343/0.059555/0.079465/0.049265/0.050257/0.067338/0.054346/0.050407/0.050025/0.054822/0.050124/0.052844/0.058436/0.157951/0.050179/0.049899/0.115813/0.054167/0.052779/0.049959/0.075225/0.092499/0.050228/0.096244/0.052933/0.054969/0.054465/0.050498/0.082714/0.05894/0.052684/0.053471/0.049546/0.069622/0.052469/0.052354/0.050586;0.165537/0.0/0.0/0.388812/0.383887/0.144088/0.415109/0.580559/0.652556/0.0/0.431652/0.0/0.294564/0.390189/0.312924/0.006445/0.441052/0.435754/0.504203/0.408386/0.42012/0.509912/0.342721/0.60153/0.516988/0.583256/0.422252/0.226153/0.212795/0.506995/0.870447/0.403529/0.036185/0.345551/0.03868/0.37312/0.709778/0.480296/0.431967/0.389558/0.036997/0.575989/0.394243/0.558212/0.428477/0.000593/0.423246/4.8e-05/0.41552/0.594109/0.024442/0.545694/0.067263/0.149309/0.372919/0.326847/0.238661/0.411246/0.420492/0.385752/0.514062/0.179173/0.054/0.467062/0.314148/0.393717/0.224576/0.0/0.425541/0.385561/0.04874/0.0/0.399206/0.327774/0.206971/0.366273/0.756873/4.8e-05/0.002219/0.421296/0.290098/0.290012/0.114683/0.395267/0.417136/0.221573/0.473402/0.323911/0.418178/0.206627/0.160698/0.415396/0.388697/0.416333/0.099163/0.374898/0.458781/0.18251/0.000383/0.167373;0.075432/0.054506/0.051746/0.050343/0.049546/0.047412;0.870447/0.583256/0.480296/0.467062/0.374898/0.372919;3.962348258312918,0.8339885646398719,-1.007793362480925,-0.2184625022447242,1.5379335089084878,-1.2219682106178884,2.086643429391695,0.3990205524591274,0.7373856257481506,1.0031905822232812,-0.9170014086173379,-0.33301527269660747,-0.06658958552078464,-0.7441993918064447,-1.7580419581499847,-1.0709039252833055,-0.13633235006261368,1.0671874518563818,1.416036010040315,-0.6764373579911961,-0.2528779273230124,1.3864902327515567,0.7124389429934609,-0.9134811966593819,0.3126317086033736,-1.9008880944614903,-2.1061867267013232,1.5131046708525724,-2.3973883765155226,-2.3075623322269703,-1.0309901352510602,-1.3807585547892005,-0.7927658302926817,1.8324112437069218,-2.0212897106163914,0.331815038322927,-0.736575562543405,1.6872952076183398,0.03438295917628417,0.5946222219955912,0.11178981004178723,0.692489770862007,-0.09038918989431771,-0.606886238434369,-0.46209764504059364,-0.42221745297613755,0.5063538220682972,1.5681129390097743,0.013499993124852089,0.34068565460125017,-0.8915367697414908,0.1786107731238437,-1.2846452336563858,0.5293864074800793,-2.5468149827751407,-0.7824093689987637,0.8329464259317579,1.7082185787293795,-2.476167995979677,1.041681924654354,0.08063287253346466,-2.0299094422822788,-0.939714893149719,-0.18914089737186826,0.9099712287743175,2.1049416198062456,0.5903387781059164,0.18602790852412465,0.0854971117344111,0.12282087252184085,1.7418879508129845,3.3859857531984097,1.6983552639033075,-0.10154510393714372,-3.3244806189269824,0.7687531498359867,-1.6848216935513642,1.143928385066737,0.3263817179705776,-0.9152986357626633,0.5772500589811952,2.931823907634211,-1.7857715708612139,-1.1335627355323095,-2.2465359582079905,-1.2191013640188155,1.5003515610029745,2.584722186912842,0.3017153957988893,-0.8587770921200077,-0.7945476213599855,0.39132328602899025,-0.5205334053213101,-2.159059439545565,-2.2765947275779777,1.2067226317256237,-0.5804265724323426,-0.33935830296672576,-1.7946001234243,0.0030900835754571615,-0.026472235899217628,-0.2821399339197717,-0.6410193333275724,1.3417567746953152,-0.9309624072823499,-1.6260781611314261,-0.6820815803750979,-1.7174767748909223,0.06401366616456539,-1.1495324016863508,-0.9163725745183509,0.9392985001092633,-3.9513778266017074,-2.8201124160381625,0.23506350229761397,1.1387226370327865,-3.1016708053935154,3.298505927969922,0.7766160888724718,0.10264872521571566,-0.20715516305068077,-1.273809416597154,-0.6002019478551751,1.4031579019546652,1.9029536816220445,-1.6360852959255465,-0.376977191392729,-0.5109650585774372,0.17302844324286124,-2.2171353285480344,0.7725678136485881,-0.33906538130969455,0.39022272738644076,1.4188424724732354,0.127492568140596,-0.5553945032705838,-1.945879927611846,-0.27144054610888757,0.5726981221854851,-1.30328968050792,-0.23133929678812926,-1.2075304087812415,-0.4070849449662902,0.6211555251563001,0.9006091058868869,0.371954948120803,2.9572989873489886,0.2463547675475711,0.36937298007688835,-1.4189899371993233,-0.007316571290008678,-0.015807857067996922,0.1535014596130742,-0.08618296526915417,-2.404695951179009,-1.9490406263211573,-0.8489746980400449,-1.625848979449617;3.4808065776743202,0.8723372919804471,-0.4293885430846588,1.6128651979442328,0.8318245037690412,-1.2453068219403038,2.0560628672339445,-0.4866284179142582,-0.7133791044129464,0.8010172661180419,1.4424108573847378,-0.6103551075070955,-0.33607871592092176,-0.5521695245585503,-2.7977532815928297,-0.9489672034263006,-2.1090291179007346,1.3862290758476772,1.532797521543101,0.12739393906015883,-1.3017290374098225,0.9413449165405718,2.1919640940881613,-0.9988376871432829,-0.9115548171311805,-0.8819451844821791,-0.8948716360537634,0.7359859480473583,-1.5282052389177028,-2.116501696541168,-0.10224040750268937,0.09096539428520323,-1.9511964654913818,0.9063667163114919,-0.3830722727934296,0.39087216407308617,-0.09551086209198983,0.07690072671678563,-2.144346315606136,0.7592810526736657,0.29987936221110745,0.6841510046985967,0.9757755996708546,-1.7063235568486457,-1.3183123260116705,0.2633782406049863,0.7085895783107468,0.5707101606332952,-0.28681229405074504,-1.1778461179397661,0.4937736947171985,0.9726388243685711,-1.0831866479660615,-0.2841487424073051,-1.7310396008811508,0.5148383782141979,2.1244127611160812,0.8191727403948448,-2.0575899096911034,1.652299783069465,-0.1742536578452664,-1.397142366975874,0.4386134895796823,0.5543735539674428,0.9206246507358162,1.739202297871384,1.984850583755654,-0.8791051450211873,-1.1353619629367668,-0.9865315127971894,0.4147591393272914,2.5052064922767885,0.9333584837796104,0.14839077568167225,-3.665872786919659,1.1595270831190352,-1.8995521773218804,1.6791254526106865,0.8369622308569841,-0.2787848019463761,-0.35232972795107964,1.5303121657301522,-1.0852627657914886,-1.097556802939968,-2.2410361277878104,0.30309142568239106,1.766974713357016,1.4101536994115342,1.6901863993420951,-1.66844628371785,-3.1185637045974692,-0.07150675433025971,-0.29102217953127785,-2.468022185728434,-2.209678430291211,0.5595790499900356,-0.4106524460931102,-1.1650189015083812,-2.414348030627518,0.48596529667899124,-1.7389824383905492,-0.130119524374894,-0.673523220388486,1.036760224464647,-1.5078116966889867,-2.38030231596883,1.7315177337150025,-0.4158392307493001,1.197024085641991,-2.6359819441903043,-1.5029172256508878,-0.62341844668839,-1.7763310825202934,-2.1838903735046222,2.5438394435997687,-1.115223010031041,-1.6939649215478008,3.106131119206164,0.5461515206340716,0.8305627840175557,-0.2820627484522819,1.4527155113088093,1.8397980495908186,-0.79069820211579,1.3183284360356766,-2.0791958202943137,-0.05596644222363596,-0.5543298899183197,0.5039581261403177,-2.12557653857707,-0.5140396887876956,-1.2005417486665866,0.6160799490103331,0.8500832562407705,-1.7105345194567676,-0.573799697463271,-0.45887724737028646,-0.42630540311469145,0.28243380563304055,-0.33833115597464386,-0.5953100586126833,-1.874630652437709,-1.5670740907654928,0.6620831833619711,0.7959972645297522,-0.66012443648237,3.3983162667910882,-0.5593194951991675,-0.049495828510796855,-1.815687655577179,0.04898795334449846,-1.9244571187924735,2.342469956025628,-0.5267219926347473,-0.8791652150709732,-0.7788196078283778,-0.690777679366964,-0.6739376972334357
3;133;71434.66913962364;3877;5342;0.047412;0.372919;0.053087/0.048803/0.04952/0.077804/0.067019/0.051518/0.088552/0.136727/0.09831/0.049126/0.104357/0.049769/0.055292/0.058825/0.049707/0.133584/0.051755/0.0732/0.081623/0.09437/0.098791/0.060243/0.090501/0.134462/0.054506/0.081956/0.05097/0.051158/0.082967/0.075432/0.051033/0.056304/0.050478/0.060286/0.12735/0.051746/0.076651/0.058613/0.051352/0.123068/0.051019/0.065789/0.099093/0.050579/0.144366/0.04891/0.085497/0.079944/0.050373/0.075787/0.051132/0.050267/0.047412/0.056818/0.053368/0.074626/0.090025/0.077382/0.102207/0.054012/0.050133/0.050343/0.059555/0.079465/0.049265/0.050257/0.067338/0.054346/0.050407/0.050025/0.054822/0.050124/0.052844/0.058436/0.157951/0.050179/0.049899/0.115813/0.054167/0.052779/0.049959/0.075225/0.092499/0.050228/0.096244/0.052933/0.054969/0.054465/0.050498/0.082714/0.05894/0.052684/0.053471/0.049546/0.069622/0.052469/0.052354/0.050586/0.0539/0.056181;0.165537/0.0/0.0/0.388812/0.383887/0.144088/0.415109/0.580559/0.652556/0.0/0.431652/0.0/0.294564/0.312924/0.006445/0.441052/0.435754/0.504203/0.408386/0.42012/0.509912/0.342721/0.60153/0.516988/0.583256/0.422252/0.226153/0.212795/0.506995/0.870447/0.036185/0.345551/0.03868/0.37312/0.709778/0.480296/0.431967/0.389558/0.036997/0.575989/0.394243/0.558212/0.428477/0.000593/0.423246/4.8e-05/0.41552/0.594109/0.024442/0.545694/0.067263/0.149309/0.372919/0.326847/0.238661/0.411246/0.420492/0.385752/0.514062/0.179173/0.054/0.467062/0.314148/0.393717/0.224576/0.0/0.425541/0.385561/0.04874/0.0/0.399206/0.327774/0.206971/0.366273/0.756873/4.8e-05/0.002219/0.421296/0.290098/0.290012/0.114683/0.395267/0.417136/0.221573/0.473402/0.323911/0.418178/0.206627/0.160698/0.415396/0.388697/0.416333/0.099163/0.374898/0.458781/0.18251/0.000383/0.167373/0.699316/0.122075;0.075432/0.0539/0.051746/0.050343/0.049546/0.047412;0.870447/0.699316/0.480296/0.467062/0.374898/0.372919;3.962348258312918,0.8339885646398719,-1.007793362480925,-0.2184625022447242,1.5379335089084878,-1.2219682106178884,2.086643429391695,0.3990205524591274,0.7373856257481506,1.0031905822232812,-0.9170014086173379,-0.33301527269660747,-0.06658958552078464,-0.7441993918064447,-1.7580419581499847,-1.0709039252833055,-0.13633235006261368,1.0671874518563818,1.416036010040315,-0.6764373579911961,-0.2528779273230124,1.3864902327515567,0.7124389429934609,-0.9134811966593819,0.3126317086033736,-1.9008880944614903,-2.1061867267013232,1.5131046708525724,-2.3973883765155226,-2.3075623322269703,-1.0309901352510602,-1.3807585547892005,-0.7927658302926817,1.8324112437069218,-2.0212897106163914,0.331815038322927,-0.736575562543405,1.6872952076183398,0.03438295917628417,0.5946222219955912,0.11178981004178723,0.692489770862007,-0.09038918989431771,-0.606886238434369,-0.46209764504059364,-0.42221745297613755,0.5063538220682972,1.5681129390097743,0.013499993124852089,0.34068565460125017,-0.8915367697414908,0.1786107731238437,-1.2846452336563858,0.5293864074800793,-2.5468149827751407,-0.7824093689987637,0.8329464259317579,1.7082185787293795,-2.476167995979677,1.041681924654354,0.08063287253346466,-2.0299094422822788,-0.939714893149719,-0.18914089737186826,0.9099712287743175,2.1049416198062456,0.5903387781059164,0.18602790852412465,0.0854971117344111,0.12282087252184085,1.7418879508129845,3.3859857531984097,1.6983552639033075,-0.10154510393714372,-3.3244806189269824,0.7687531498359867,-1.6848216935513642,1.143928385066737,0.3263817179705776,-0.9152986357626633,0.5772500589811952,2.931823907634211,-1.7857715708612139,-1.1335627355323095,-2.2465359582079905,-1.2191013640188155,1.5003515610029745,2.584722186912842,0.3017153957988893,-0.8587770921200077,-0.7945476213599855,0.39132328602899025,-0.5205334053213101,-2.159059439545565,-2.2765947275779777,1.2067226317256237,-0.5804265724323426,-0.33935830296672576,-1.7946001234243,0.0030900835754571615,-0.026472235899217628,-0.2821399339197717,-0.6410193333275724,1.3417567746953152,-0.9309624072823499,-1.6260781611314261,-0.6820815803750979,-1.7174767748909223,0.06401366616456539,-1.1495324016863508,-0.9163725745183509,0.9392985001092633,-3.9513778266017074,-2.8201124160381625,0.23506350229761397,1.1387226370327865,-3.1016708053935154,3.298505927969922,0.7766160888724718,0.10264872521571566,-0.20715516305068077,-1.273809416597154,-0.6002019478551751,1.4031579019546652,1.9029536816220445,-1.6360852959255465,-0.376977191392729,-0.5109650585774372,0.17302844324286124,-2.2171353285480344,0.7725678136485881,-0.33906538130969455,0.39022272738644076,1.4188424724732354,0.127492568140596,-0.5553945032705838,-1.945879927611846,-0.27144054610888757,0.5726981221854851,-1.30328968050792,-0.23133929678812926,-1.2075304087812415,-0.4070849449662902,0.6211555251563001,0.9006091058868869,0.371954948120803,2.9572989873489886,0.2463547675475711,0.36937298007688835,-1.4189899371993233,-0.007316571290008678,-0.015807857067996922,0.1535014596130742,-0.08618296526915417,-2.404695951179009,-1.9490406263211573,-0.8489746980400449,-1.625848979449617;3.4808065776743202,0.8723372919804471,-0.4293885430846588,1.6128651979442328,0.8318245037690412,-1.2453068219403038,2.0560628672339445,-0.4866284179142582,-0.7133791044129464,0.8010172661180419,1.4424108573847378,-0.6103551075070955,-0.33607871592092176,-0.5521695245585503,-2.7977532815928297,-0.9489672034263006,-2.1090291179007346,1.3862290758476772,1.532797521543101,0.12739393906015883,-1.3017290374098225,0.9413449165405718,2.1919640940881613,-0.9988376871432829,-0.9115548171311805,-0.8819451844821791,-0.8948716360537634,0.7359859480473583,-1.5282052389177028,-2.116501696541168,-0.10224040750268937,0.09096539428520323,-1.9511964654913818,0.9063667163114919,-0.3830722727934296,0.39087216407308617,-0.09551086209198983,0.07690072671678563,-2.144346315606136,0.7592810526736657,0.29987936221110745,0.6841510046985967,0.9757755996708546,-1.7063235568486457,-1.3183123260116705,0.2633782406049863,0.7085895783107468,0.5707101606332952,-0.28681229405074504,-1.1778461179397661,0.4937736947171985,0.9726388243685711,-1.0831866479660615,-0.2841487424073051,-1.7310396008811508,0.5148383782141979,2.1244127611160812,0.8191727403948448,-2.0575899096911034,1.652299783069465,-0.1742536578452664,-1.397142366975874,0.4386134895796823,0.5543735539674428,0.9206246507358162,1.739202297871384,1.984850583755654,-0.8791051450211873,-1.1353619629367668,-0.9865315127971894,0.4147591393272914,2.5052064922767885,0.9333584837796104,0.14839077568167225,-3.665872786919659,1.1595270831190352,-1.8995521773218804,1.6791254526106865,0.8369622308569841,-0.2787848019463761,-0.35232972795107964,1.5303121657301522,-1.0852627657914886,-1.097556802939968,-2.2410361277878104,0.30309142568239106,1.766974713357016,1.4101536994115342,1.6901863993420951,-1.66844628371785,-3.1185637045974692,-0.07150675433025971,-0.29102217953127785,-2.468022185728434,-2.209678430291211,0.5595790499900356,-0.4106524460931102,-1.1650189015083812,-2.414348030627518,0.48596529667899124,-1.7389824383905492,-0.130119524374894,-0.673523220388486,1.036760224464647,-1.5078116966889867,-2.38030231596883,1.7315177337150025,-0.4158392307493001,1.197024085641991,-2.6359819441903043,-1.5029172256508878,-0.62341844668839,-1.7763310825202934,-2.1838903735046222,2.5438394435997687,-1.115223010031041,-1.6939649215478008,3.106131119206164,0.5461515206340716,0.8305627840175557,-0.2820627484522819,1.4527155113088093,1.8397980495908186,-0.79069820211579,1.3183284360356766,-2.0791958202943137,-0.05596644222363596,-0.5543298899183197,0.5039581261403177,-2.12557653857707,-0.5140396887876956,-1.2005417486665866,0.6160799490103331,0.8500832562407705,-1.7105345194567676,-0.573799697463271,-0.45887724737028646,-0.42630540311469145,0.28243380563304055,-0.33833115597464386,-0.5953100586126833,-1.874630652437709,-1.5670740907654928,0.6620831833619711,0.7959972645297522,-0.66012443648237,3.3983162667910882,-0.5593194951991675,-0.049495828510796855,-1.815687655577179,0.04898795334449846,-1.9244571187924735,2.342469956025628,-0.5267219926347473,-0.8791652150709732,-0.7788196078283778,-0.690777679366964,-0.6739376972334357
3;134;71984.52878046036;3877;5342;0.047412;0.372919;0.053087/0.048803/0.04952/0.077804/0.067019/0.051518/0.136727/0.09831/0.049126/0.104357/0.049769/0.055292/0.058825/0.049707/0.133584/0.051755/0.0732/0.081623/0.09437/0.098791/0.060243/0.090501/0.134462/0.054506/0.081956/0.05097/0.051158/0.082967/0.075432/0.051033/0.056304/0.050478/0.060286/0.12735/0.051746/0.076651/0.058613/0.051352/0.123068/0.051019/0.065789/0.099093/0.050579/0.144366/0.04891/0.085497/0.079944/0.050373/0.075787/0.051132/0.050267/0.047412/0.056818/0.053368/0.074626/0.090025/0.077382/0.102207/0.054012/0.050133/0.050343/0.059555/0.079465/0.049265/0.050257/0.067338/0.054346/0.050407/0.050025/0.054822/0.050124/0.052844/0.058436/0.157951/0.050179/0.049899/0.115813/0.054167/0.052779/0.049959/0.075225/0.092499/0.050228/0.096244/0.052933/0.054969/0.054465/0.050498/0.082714/0.05894/0.052684/0.053471/0.049546/0.069622/0.052469/0.050586/0.0539/0.056181/0.051064/0.050064;0.165537/0.0/0.0/0.388812/0.383887/0.144088/0.580559/0.652556/0.0/0.431652/0.0/0.294564/0.312924/0.006445/0.441052/0.435754/0.504203/0.408386/0.42012/0.509912/0.342721/0.60153/0.516988/0.583256/0.422252/0.226153/0.212795/0.506995/0.870447/0.036185/0.345551/0.03868/0.37312/0.709778/0.480296/0.431967/0.389558/0.036997/0.575989/0.394243/0.558212/0.428477/0.000593/0.423246/4.8e-05/0.41552/0.594109/0.024442/0.545694/0.067263/0.149309/0.372919/0.326847/0.238661/0.411246/0.420492/0.385752/0.514062/0.179173/0.054/0.467062/0.314148/0.393717/0.224576/0.0/0.425541/0.385561/0.04874/0.0/0.399206/0.327774/0.206971/0.366273/0.756873/4.8e-05/0.002219/0.421296/0.290098/0.290012/0.114683/0.395267/0.417136/0.221573/0.473402/0.323911/0.418178/0.206627/0.160698/0.415396/0.388697/0.416333/0.099163/0.374898/0.458781/0.18251/0.167373/0.699316/0.122075/0.161511/0.091188;0.075432/0.0539/0.051746/0.050343/0.049546/0.047412;0.870447/0.699316/0.480296/0.467062/0.374898/0.372919;3.962348258312918,0.8339885646398719,-1.007793362480925,-0.2184625022447242,1.5379335089084878,-1.2219682106178884,2.086643429391695,0.3990205524591274,0.7373856257481506,1.0031905822232812,-0.9170014086173379,-0.33301527269660747,-0.06658958552078464,-0.7441993918064447,-1.7580419581499847,-1.0709039252833055,-0.13633235006261368,1.0671874518563818,1.416036010040315,-0.6764373579911961,-0.2528779273230124,1.3864902327515567,0.7124389429934609,-0.9134811966593819,0.3126317086033736,-1.9008880944614903,-2.1061867267013232,1.5131046708525724,-2.3973883765155226,-2.3075623322269703,-1.0309901352510602,-1.3807585547892005,-0.7927658302926817,1.8324112437069218,-2.0212897106163914,0.331815038322927,-0.736575562543405,1.6872952076183398,0.03438295917628417,0.5946222219955912,0.11178981004178723,0.692489770862007,-0.09038918989431771,-0.606886238434369,-0.46209764504059364,-0.42221745297613755,0.5063538220682972,1.5681129390097743,0.013499993124852089,0.34068565460125017,-0.8915367697414908,0.1786107731238437,-1.2846452336563858,0.5293864074800793,-2.5468149827751407,-0.7824093689987637,0.8329464259317579,1.7082185787293795,-2.476167995979677,1.041681924654354,0.08063287253346466,-2.0299094422822788,-0.939714893149719,-0.18914089737186826,0.9099712287743175,2.1049416198062456,0.5903387781059164,0.18602790852412465,0.0854971117344111,0.12282087252184085,1.7418879508129845,3.3859857531984097,1.6983552639033075,-0.10154510393714372,-3.3244806189269824,0.7687531498359867,-1.6848216935513642,1.143928385066737,0.3263817179705776,-0.9152986357626633,0.5772500589811952,2.931823907634211,-1.7857715708612139,-1.1335627355323095,-2.2465359582079905,-1.2191013640188155,1.5003515610029745,2.584722186912842,0.3017153957988893,-0.8587770921200077,-0.7945476213599855,0.39132328602899025,-0.5205334053213101,-2.159059439545565,-2.2765947275779777,1.2067226317256237,-0.5804265724323426,-0.33935830296672576,-1.7946001234243,0.0030900835754571615,-0.026472235899217628,-0.2821399339197717,-0.6410193333275724,1.3417567746953152,-0.9309624072823499,-1.6260781611314261,-0.6820815803750979,-1.7174767748909223,0.06401366616456539,-1.1495324016863508,-0.9163725745183509,0.9392985001092633,-3.9513778266017074,-2.8201124160381625,0.23506350229761397,1.1387226370327865,-3.1016708053935154,3.298505927969922,0.7766160888724718,0.10264872521571566,-0.20715516305068077,-1.273809416597154,-0.6002019478551751,1.4031579019546652,1.9029536816220445,-1.6360852959255465,-0.376977191392729,-0.5109650585774372,0.17302844324286124,-2.2171353285480344,0.7725678136485881,-0.33906538130969455,0.39022272738644076,1.4188424724732354,0.127492568140596,-0.5553945032705838,-1.945879927611846,-0.27144054610888757,0.5726981221854851,-1.30328968050792,-0.23133929678812926,-1.2075304087812415,-0.4070849449662902,0.6211555251563001,0.9006091058868869,0.371954948120803,2.9572989873489886,0.2463547675475711,0.36937298007688835,-1.4189899371993233,-0.007316571290008678,-0.015807857067996922,0.1535014596130742,-0.08618296526915417,-2.404695951179009,-1.9490406263211573,-0.8489746980400449,-1.625848979449617;3.4808065776743202,0.8723372919804471,-0.4293885430846588,1.6128651979442328,0.8318245037690412,-1.2453068219403038,2.0560628672339445,-0.4866284179142582,-0.7133791044129464,0.8010172661180419,1.4424108573847378,-0.6103551075070955,-0.33607871592092176,-0.5521695245585503,-2.7977532815928297,-0.9489672034263006,-2.1090291179007346,1.3862290758476772,1.532797521543101,0.12739393906015883,-1.3017290374098225,0.9413449165405718,2.1919640940881613,-0.9988376871432829,-0.9115548171311805,-0.8819451844821791,-0.8948716360537634,0.7359859480473583,-1.5282052389177028,-2.116501696541168,-0.10224040750268937,0.09096539428520323,-1.9511964654913818,0.9063667163114919,-0.3830722727934296,0.39087216407308617,-0.09551086209198983,0.07690072671678563,-2.144346315606136,0.7592810526736657,0.29987936221110745,0.6841510046985967,0.9757755996708546,-1.7063235568486457,-1.3183123260116705,0.2633782406049863,0.7085895783107468,0.5707101606332952,-0.28681229405074504,-1.1778461179397661,0.4937736947171985,0.9726388243685711,-1.0831866479660615,-0.2841487424073051,-1.7310396008811508,0.5148383782141979,2.1244127611160812,0.8191727403948448,-2.0575899096911034,1.652299783069465,-0.1742536578452664,-1.397142366975874,0.4386134895796823,0.5543735539674428,0.9206246507358162,1.739202297871384,1.984850583755654,-0.8791051450211873,-1.1353619629367668,-0.9865315127971894,0.4147591393272914,2.5052064922767885,0.9333584837796104,0.14839077568167225,-3.665872786919659,1.1595270831190352,-1.8995521773218804,1.6791254526106865,0.8369622308569841,-0.2787848019463761,-0.35232972795107964,1.5303121657301522,-1.0852627657914886,-1.097556802939968,-2.2410361277878104,0.30309142568239106,1.766974713357016,1.4101536994115342,1.6901863993420951,-1.66844628371785,-3.1185637045974692,-0.07150675433025971,-0.29102217953127785,-2.468022185728434,-2.209678430291211,0.5595790499900356,-0.4106524460931102,-1.1650189015083812,-2.414348030627518,0.48596529667899124,-1.7389824383905492,-0.130119524374894,-0.673523220388486,1.036760224464647,-1.5078116966889867,-2.38030231596883,1.7315177337150025,-0.4158392307493001,1.197024085641991,-2.6359819441903043,-1.5029172256508878,-0.62341844668839,-1.7763310825202934,-2.1838903735046222,2.5438394435997687,-1.115223010031041,-1.6939649215478008,3.106131119206164,0.5461515206340716,0.8305627840175557,-0.2820627484522819,1.4527155113088093,1.8397980495908186,-0.79069820211579,1.3183284360356766,-2.0791958202943137,-0.05596644222363596,-0.5543298899183197,0.5039581261403177,-2.12557653857707,-0.5140396887876956,-1.2005417486665866,0.6160799490103331,0.8500832562407705,-1.7105345194567676,-0.573799697463271,-0.45887724737028646,-0.42630540311469145,0.28243380563304055,-0.33833115597464386,-0.5953100586126833,-1.874630652437709,-1.5670740907654928,0.6620831833619711,0.7959972645297522,-0.66012443648237,3.3983162667910882,-0.5593194951991675,-0.049495828510796855,-1.815687655577179,0.04898795334449846,-1.9244571187924735,2.342469956025628,-0.5267219926347473,-0.8791652150709732,-0.7788196078283778,-0.690777679366964,-0.6739376972334357
3;135;72531.0636780262;3877;5342;0.047412;0.372919;0.053087/0.048803/0.04952/0.077804/0.067019/0.051518/0.136727/0.09831/0.049126/0.104357/0.049769/0.055292/0.058825/0.049707/0.133584/0.051755/0.0732/0.081623/0.09437/0.098791/0.060243/0.090501/0.134462/0.054506/0.081956/0.05097/0.051158/0.082967/0.075432/0.056304/0.050478/0.060286/0.12735/0.051746/0.076651/0.058613/0.123068/0.051019/0.065789/0.099093/0.144366/0.04891/0.085497/0.079944/0.050373/0.075787/0.051132/0.050267/0.047412/0.056818/0.053368/0.074626/0.090025/0.077382/0.102207/0.054012/0.050133/0.050343/0.059555/0.079465/0.049265/0.050257/0.067338/0.054346/0.050407/0.050025/0.054822/0.050124/0.052844/0.058436/0.157951/0.050179/0.049899/0.115813/0.054167/0.052779/0.049959/0.075225/0.092499/0.050228/0.096244/0.052933/0.054969/0.054465/0.050498/0.082714/0.05894/0.052684/0.053471/0.049546/0.069622/0.052469/0.050586/0.0539/0.056181/0.051064/0.050064/0.061407/0.05177/0.049137;0.165537/0.0/0.0/0.388812/0.383887/0.144088/0.580559/0.652556/0.0/0.431652/0.0/0.294564/0.312924/0.006445/0.441052/0.435754/0.504203/0.408386/0.42012/0.509912/0.342721/0.60153/0.516988/0.583256/0.422252/0.226153/0.212795/0.506995/0.870447/0.345551/0.03868/0.37312/0.709778/0.480296/0.431967/0.389558/0.575989/0.394243/0.558212/0.428477/0.423246/4.8e-05/0.41552/0.594109/0.024442/0.545694/0.067263/0.149309/0.372919/0.326847/0.238661/0.411246/0.420492/0.385752/0.514062/0.179173/0.054/0.467062/0.314148/0.393717/0.224576/0.0/0.425541/0.385561/0.04874/0.0/0.399206/0.327774/0.206971/0.366273/0.756873/4.8e-05/0.002219/0.421296/0.290098/0.290012/0.114683/0.395267/0.417136/0.221573/0.473402/0.323911/0.418178/0.206627/0.160698/0.415396/0.388697/0.416333/0.099163/0.374898/0.458781/0.18251/0.167373/0.699316/0.122075/0.161511/0.091188/0.332909/0.361377/0.305302;0.075432/0.0539/0.051746/0.050343/0.049546/0.047412;0.870447/0.699316/0.480296/0.467062/0.374898/0.372919;3.962348258312918,0.8339885646398719,-1.007793362480925,-0.2184625022447242,1.5379335089084878,-1.2219682106178884,2.086643429391695,0.3990205524591274,0.7373856257481506,1.0031905822232812,-0.9170014086173379,-0.33301527269660747,-0.06658958552078464,-0.7441993918064447,-1.7580419581499847,-1.0709039252833055,-0.13633235006261368,1.0671874518563818,1.416036010040315,-0.6764373579911961,-0.2528779273230124,1.3864902327515567,0.7124389429934609,-0.9134811966593819,0.3126317086033736,-1.9008880944614903,-2.1061867267013232,1.5131046708525724,-2.3973883765155226,-2.3075623322269703,-1.0309901352510602,-1.3807585547892005,-0.7927658302926817,1.8324112437069218,-2.0212897106163914,0.331815038322927,-0.736575562543405,1.6872952076183398,0.03438295917628417,0.5946222219955912,0.11178981004178723,0.692489770862007,-0.09038918989431771,-0.606886238434369,-0.46209764504059364,-0.42221745297613755,0.5063538220682972,1.5681129390097743,0.013499993124852089,0.34068565460125017,-0.8915367697414908,0.1786107731238437,-1.2846452336563858,0.5293864074800793,-2.5468149827751407,-0.7824093689987637,0.8329464259317579,1.7082185787293795,-2.476167995979677,1.041681924654354,0.08063287253346466,-2.0299094422822788,-0.939714893149719,-0.18914089737186826,0.9099712287743175,2.1049416198062456,0.5903387781059164,0.18602790852412465,0.0854971117344111,0.12282087252184085,1.7418879508129845,3.3859857531984097,1.6983552639033075,-0.10154510393714372,-3.3244806189269824,0.7687531498359867,-1.6848216935513642,1.143928385066737,0.3263817179705776,-0.9152986357626633,0.5772500589811952,2.931823907634211,-1.7857715708612139,-1.1335627355323095,-2.2465359582079905,-1.2191013640188155,1.5003515610029745,2.584722186912842,0.3017153957988893,-0.8587770921200077,-0.7945476213599855,0.39132328602899025,-0.5205334053213101,-2.159059439545565,-2.2765947275779777,1.2067226317256237,-0.5804265724323426,-0.33935830296672576,-1.7946001234243,0.0030900835754571615,-0.026472235899217628,-0.2821399339197717,-0.6410193333275724,1.3417567746953152,-0.9309624072823499,-1.6260781611314261,-0.6820815803750979,-1.7174767748909223,0.06401366616456539,-1.1495324016863508,-0.9163725745183509,0.9392985001092633,-3.9513778266017074,-2.8201124160381625,0.23506350229761397,1.1387226370327865,-3.1016708053935154,3.298505927969922,0.7766160888724718,0.10264872521571566,-0.20715516305068077,-1.273809416597154,-0.6002019478551751,1.4031579019546652,1.9029536816220445,-1.6360852959255465,-0.376977191392729,-0.5109650585774372,0.17302844324286124,-2.2171353285480344,0.7725678136485881,-0.33906538130969455,0.39022272738644076,1.4188424724732354,0.127492568140596,-0.5553945032705838,-1.945879927611846,-0.27144054610888757,0.5726981221854851,-1.30328968050792,-0.23133929678812926,-1.2075304087812415,-0.4070849449662902,0.6211555251563001,0.9006091058868869,0.371954948120803,2.9572989873489886,0.2463547675475711,0.36937298007688835,-1.4189899371993233,-0.007316571290008678,-0.015807857067996922,0.1535014596130742,-0.08618296526915417,-2.404695951179009,-1.9490406263211573,-0.8489746980400449,-1.625848979449617;3.4808065776743202,0.8723372919804471,-0.4293885430846588,1.6128651979442328,0.8318245037690412,-1.2453068219403038,2.0560628672339445,-0.4866284179142582,-0.7133791044129464,0.8010172661180419,1.4424108573847378,-0.6103551075070955,-0.33607871592092176,-0.5521695245585503,-2.7977532815928297,-0.9489672034263006,-2.1090291179007346,1.3862290758476772,1.532797521543101,0.12739393906015883,-1.3017290374098225,0.9413449165405718,2.1919640940881613,-0.9988376871432829,-0.9115548171311805,-0.8819451844821791,-0.8948716360537634,0.7359859480473583,-1.5282052389177028,-2.116501696541168,-0.10224040750268937,0.09096539428520323,-1.9511964654913818,0.9063667163114919,-0.3830722727934296,0.39087216407308617,-0.09551086209198983,0.07690072671678563,-2.144346315606136,0.7592810526736657,0.29987936221110745,0.6841510046985967,0.9757755996708546,-1.7063235568486457,-1.3183123260116705,0.2633782406049863,0.7085895783107468,0.5707101606332952,-0.28681229405074504,-1.1778461179397661,0.4937736947171985,0.9726388243685711,-1.0831866479660615,-0.2841487424073051,-1.7310396008811508,0.5148383782141979,2.1244127611160812,0.8191727403948448,-2.0575899096911034,1.652299783069465,-0.1742536578452664,-1.397142366975874,0.4386134895796823,0.5543735539674428,0.9206246507358162,1.739202297871384,1.984850583755654,-0.8791051450211873,-1.1353619629367668,-0.9865315127971894,0.4147591393272914,2.5052064922767885,0.9333584837796104,0.14839077568167225,-3.665872786919659,1.1595270831190352,-1.8995521773218804,1.6791254526106865,0.8369622308569841,-0.2787848019463761,-0.35232972795107964,1.5303121657301522,-1.0852627657914886,-1.097556802939968,-2.2410361277878104,0.30309142568239106,1.766974713357016,1.4101536994115342,1.6901863993420951,-1.66844628371785,-3.1185637045974692,-0.07150675433025971,-0.29102217953127785,-2.468022185728434,-2.209678430291211,0.5595790499900356,-0.4106524460931102,-1.1650189015083812,-2.414348030627518,0.48596529667899124,-1.7389824383905492,-0.130119524374894,-0.673523220388486,1.036760224464647,-1.5078116966889867,-2.38030231596883,1.7315177337150025,-0.4158392307493001,1.197024085641991,-2.6359819441903043,-1.5029172256508878,-0.62341844668839,-1.7763310825202934,-2.1838903735046222,2.5438394435997687,-1.115223010031041,-1.6939649215478008,3.106131119206164,0.5461515206340716,0.8305627840175557,-0.2820627484522819,1.4527155113088093,1.8397980495908186,-0.79069820211579,1.3183284360356766,-2.0791958202943137,-0.05596644222363596,-0.5543298899183197,0.5039581261403177,-2.12557653857707,-0.5140396887876956,-1.2005417486665866,0.6160799490103331,0.8500832562407705,-1.7105345194567676,-0.573799697463271,-0.45887724737028646,-0.42630540311469145,0.28243380563304055,-0.33833115597464386,-0.5953100586126833,-1.874630652437709,-1.5670740907654928,0.6620831833619711,0.7959972645297522,-0.66012443648237,3.3983162667910882,-0.5593194951991675,-0.049495828510796855,-1.815687655577179,0.04898795334449846,-1.9244571187924735,2.342469956025628,-0.5267219926347473,-0.8791652150709732,-0.7788196078283778,-0.690777679366964,-0.6739376972334357
3;136;73071.40532445908;3877;5342;0.047412;0.372919;0.053087/0.048803/0.04952/0.077804/0.067019/0.051518/0.136727/0.09831/0.049126/0.104357/0.049769/0.055292/0.058825/0.049707/0.133584/0.051755/0.0732/0.081623/0.09437/0.098791/0.060243/0.090501/0.134462/0.054506/0.081956/0.05097/0.051158/0.082967/0.075432/0.056304/0.050478/0.060286/0.12735/0.051746/0.076651/0.058613/0.123068/0.051019/0.065789/0.099093/0.144366/0.04891/0.085497/0.079944/0.050373/0.075787/0.051132/0.050267/0.047412/0.056818/0.053368/0.074626/0.090025/0.077382/0.102207/0.054012/0.050133/0.050343/0.059555/0.079465/0.049265/0.050257/0.067338/0.054346/0.050407/0.050025/0.054822/0.050124/0.052844/0.058436/0.157951/0.050179/0.049899/0.115813/0.054167/0.052779/0.049959/0.075225/0.092499/0.050228/0.096244/0.052933/0.054969/0.054465/0.050498/0.082714/0.05894/0.052684/0.053471/0.049546/0.069622/0.052469/0.050586/0.0539/0.056181/0.051064/0.050064/0.05177/0.049137/0.057647;0.165537/0.0/0.0/0.388812/0.383887/0.144088/0.580559/0.652556/0.0/0.431652/0.0/0.294564/0.312924/0.006445/0.441052/0.435754/0.504203/0.408386/0.42012/0.509912/0.342721/0.60153/0.516988/0.583256/0.422252/0.226153/0.212795/0.506995/0.870447/0.345551/0.03868/0.37312/0.709778/0.480296/0.431967/0.389558/0.575989/0.394243/0.558212/0.428477/0.423246/4.8e-05/0.41552/0.594109/0.024442/0.545694/0.067263/0.149309/0.372919/0.326847/0.238661/0.411246/0.420492/0.385752/0.514062/0.179173/0.054/0.467062/0.314148/0.393717/0.224576/0.0/0.425541/0.385561/0.04874/0.0/0.399206/0.327774/0.206971/0.366273/0.756873/4.8e-05/0.002219/0.421296/0.290098/0.290012/0.114683/0.395267/0.417136/0.221573/0.473402/0.323911/0.418178/0.206627/0.160698/0.415396/0.388697/0.416333/0.099163/0.374898/0.458781/0.18251/0.167373/0.699316/0.122075/0.161511/0.091188/0.361377/0.305302/0.255749;0.075432/0.0539/0.051746/0.050343/0.049546/0.047412;0.870447/0.699316/0.480296/0.467062/0.374898/0.372919;3.962348258312918,0.8339885646398719,-1.007793362480925,-0.2184625022447242,1.5379335089084878,-1.2219682106178884,2.086643429391695,0.3990205524591274,0.7373856257481506,1.0031905822232812,-0.9170014086173379,-0.33301527269660747,-0.06658958552078464,-0.7441993918064447,-1.7580419581499847,-1.0709039252833055,-0.13633235006261368,1.0671874518563818,1.416036010040315,-0.6764373579911961,-0.2528779273230124,1.3864902327515567,0.7124389429934609,-0.9134811966593819,0.3126317086033736,-1.9008880944614903,-2.1061867267013232,1.5131046708525724,-2.3973883765155226,-2.3075623322269703,-1.0309901352510602,-1.3807585547892005,-0.7927658302926817,1.8324112437069218,-2.0212897106163914,0.331815038322927,-0.736575562543405,1.6872952076183398,0.03438295917628417,0.5946222219955912,0.11178981004178723,0.692489770862007,-0.09038918989431771,-0.606886238434369,-0.46209764504059364,-0.42221745297613755,0.5063538220682972,1.5681129390097743,0.013499993124852089,0.34068565460125017,-0.8915367697414908,0.1786107731238437,-1.2846452336563858,0.5293864074800793,-2.5468149827751407,-0.7824093689987637,0.8329464259317579,1.7082185787293795,-2.476167995979677,1.041681924654354,0.08063287253346466,-2.0299094422822788,-0.939714893149719,-0.18914089737186826,0.9099712287743175,2.1049416198062456,0.5903387781059164,0.18602790852412465,0.0854971117344111,0.12282087252184085,1.7418879508129845,3.3859857531984097,1.6983552639033075,-0.10154510393714372,-3.3244806189269824,0.7687531498359867,-1.6848216935513642,1.143928385066737,0.3263817179705776,-0.9152986357626633,0.5772500589811952,2.931823907634211,-1.7857715708612139,-1.1335627355323095,-2.2465359582079905,-1.2191013640188155,1.5003515610029745,2.584722186912842,0.3017153957988893,-0.8587770921200077,-0.7945476213599855,0.39132328602899025,-0.5205334053213101,-2.159059439545565,-2.2765947275779777,1.2067226317256237,-0.5804265724323426,-0.33935830296672576,-1.7946001234243,0.0030900835754571615,-0.026472235899217628,-0.2821399339197717,-0.6410193333275724,1.3417567746953152,-0.9309624072823499,-1.6260781611314261,-0.6820815803750979,-1.7174767748909223,0.06401366616456539,-1.1495324016863508,-0.9163725745183509,0.9392985001092633,-3.9513778266017074,-2.8201124160381625,0.23506350229761397,1.1387226370327865,-3.1016708053935154,3.298505927969922,0.7766160888724718,0.10264872521571566,-0.20715516305068077,-1.273809416597154,-0.6002019478551751,1.4031579019546652,1.9029536816220445,-1.6360852959255465,-0.376977191392729,-0.5109650585774372,0.17302844324286124,-2.2171353285480344,0.7725678136485881,-0.33906538130969455,0.39022272738644076,1.4188424724732354,0.127492568140596,-0.5553945032705838,-1.945879927611846,-0.27144054610888757,0.5726981221854851,-1.30328968050792,-0.23133929678812926,-1.2075304087812415,-0.4070849449662902,0.6211555251563001,0.9006091058868869,0.371954948120803,2.9572989873489886,0.2463547675475711,0.36937298007688835,-1.4189899371993233,-0.007316571290008678,-0.015807857067996922,0.1535014596130742,-0.08618296526915417,-2.404695951179009,-1.9490406263211573,-0.8489746980400449,-1.625848979449617;3.4808065776743202,0.8723372919804471,-0.4293885430846588,1.6128651979442328,0.8318245037690412,-1.2453068219403038,2.0560628672339445,-0.4866284179142582,-0.7133791044129464,0.8010172661180419,1.4424108573847378,-0.6103551075070955,-0.33607871592092176,-0.5521695245585503,-2.7977532815928297,-0.9489672034263006,-2.1090291179007346,1.3862290758476772,1.532797521543101,0.12739393906015883,-1.3017290374098225,0.9413449165405718,2.1919640940881613,-0.9988376871432829,-0.9115548171311805,-0.8819451844821791,-0.8948716360537634,0.7359859480473583,-1.5282052389177028,-2.116501696541168,-0.10224040750268937,0.09096539428520323,-1.9511964654913818,0.9063667163114919,-0.3830722727934296,0.39087216407308617,-0.09551086209198983,0.07690072671678563,-2.144346315606136,0.7592810526736657,0.29987936221110745,0.6841510046985967,0.9757755996708546,-1.7063235568486457,-1.3183123260116705,0.2633782406049863,0.7085895783107468,0.5707101606332952,-0.28681229405074504,-1.1778461179397661,0.4937736947171985,0.9726388243685711,-1.0831866479660615,-0.2841487424073051,-1.7310396008811508,0.5148383782141979,2.1244127611160812,0.8191727403948448,-2.0575899096911034,1.652299783069465,-0.1742536578452664,-1.397142366975874,0.4386134895796823,0.5543735539674428,0.9206246507358162,1.739202297871384,1.984850583755654,-0.8791051450211873,-1.1353619629367668,-0.9865315127971894,0.4147591393272914,2.5052064922767885,0.9333584837796104,0.14839077568167225,-3.665872786919659,1.1595270831190352,-1.8995521773218804,1.6791254526106865,0.8369622308569841,-0.2787848019463761,-0.35232972795107964,1.5303121657301522,-1.0852627657914886,-1.097556802939968,-2.2410361277878104,0.30309142568239106,1.766974713357016,1.4101536994115342,1.6901863993420951,-1.66844628371785,-3.1185637045974692,-0.07150675433025971,-0.29102217953127785,-2.468022185728434,-2.209678430291211,0.5595790499900356,-0.4106524460931102,-1.1650189015083812,-2.414348030627518,0.48596529667899124,-1.7389824383905492,-0.130119524374894,-0.673523220388486,1.036760224464647,-1.5078116966889867,-2.38030231596883,1.7315177337150025,-0.4158392307493001,1.197024085641991,-2.6359819441903043,-1.5029172256508878,-0.62341844668839,-1.7763310825202934,-2.1838903735046222,2.5438394435997687,-1.115223010031041,-1.6939649215478008,3.106131119206164,0.5461515206340716,0.8305627840175557,-0.2820627484522819,1.4527155113088093,1.8397980495908186,-0.79069820211579,1.3183284360356766,-2.0791958202943137,-0.05596644222363596,-0.5543298899183197,0.5039581261403177,-2.12557653857707,-0.5140396887876956,-1.2005417486665866,0.6160799490103331,0.8500832562407705,-1.7105345194567676,-0.573799697463271,-0.45887724737028646,-0.42630540311469145,0.28243380563304055,-0.33833115597464386,-0.5953100586126833,-1.874630652437709,-1.5670740907654928,0.6620831833619711,0.7959972645297522,-0.66012443648237,3.3983162667910882,-0.5593194951991675,-0.049495828510796855,-1.815687655577179,0.04898795334449846,-1.9244571187924735,2.342469956025628,-0.5267219926347473,-0.8791652150709732,-0.7788196078283778,-0.690777679366964,-0.6739376972334357
3;137;73626.99003124237;3877;5342;0.047412;0.372919;0.053087/0.048803/0.04952/0.077804/0.067019/0.051518/0.136727/0.09831/0.049126/0.104357/0.049769/0.055292/0.058825/0.049707/0.133584/0.051755/0.0732/0.081623/0.09437/0.098791/0.060243/0.090501/0.134462/0.054506/0.081956/0.05097/0.051158/0.082967/0.075432/0.056304/0.060286/0.12735/0.051746/0.076651/0.058613/0.123068/0.051019/0.065789/0.099093/0.144366/0.04891/0.085497/0.079944/0.050373/0.075787/0.051132/0.050267/0.047412/0.056818/0.053368/0.074626/0.090025/0.077382/0.102207/0.054012/0.050133/0.050343/0.059555/0.079465/0.049265/0.050257/0.067338/0.054346/0.050407/0.050025/0.054822/0.050124/0.052844/0.058436/0.157951/0.050179/0.049899/0.115813/0.054167/0.052779/0.049959/0.075225/0.092499/0.050228/0.096244/0.052933/0.054969/0.054465/0.050498/0.082714/0.05894/0.052684/0.049546/0.069622/0.052469/0.050586/0.0539/0.051064/0.050064/0.05177/0.049137/0.057647/0.049584/0.048892/0.081757;0.165537/0.0/0.0/0.388812/0.383887/0.144088/0.580559/0.652556/0.0/0.431652/0.0/0.294564/0.312924/0.006445/0.441052/0.435754/0.504203/0.408386/0.42012/0.509912/0.342721/0.60153/0.516988/0.583256/0.422252/0.226153/0.212795/0.506995/0.870447/0.345551/0.37312/0.709778/0.480296/0.431967/0.389558/0.575989/0.394243/0.558212/0.428477/0.423246/4.8e-05/0.41552/0.594109/0.024442/0.545694/0.067263/0.149309/0.372919/0.326847/0.238661/0.411246/0.420492/0.385752/0.514062/0.179173/0.054/0.467062/0.314148/0.393717/0.224576/0.0/0.425541/0.385561/0.04874/0.0/0.399206/0.327774/0.206971/0.366273/0.756873/4.8e-05/0.002219/0.421296/0.290098/0.290012/0.114683/0.395267/0.417136/0.221573/0.473402/0.323911/0.418178/0.206627/0.160698/0.415396/0.388697/0.416333/0.374898/0.458781/0.18251/0.167373/0.699316/0.161511/0.091188/0.361377/0.305302/0.255749/0.035907/0.0/0.352924;0.075432/0.0539/0.051746/0.050343/0.049546/0.047412;0.870447/0.699316/0.480296/0.467062/0.374898/0.372919;3.962348258312918,0.8339885646398719,-1.007793362480925,-0.2184625022447242,1.5379335089084878,-1.2219682106178884,2.086643429391695,0.3990205524591274,0.7373856257481506,1.0031905822232812,-0.9170014086173379,-0.33301527269660747,-0.06658958552078464,-0.7441993918064447,-1.7580419581499847,-1.0709039252833055,-0.13633235006261368,1.0671874518563818,1.416036010040315,-0.6764373579911961,-0.2528779273230124,1.3864902327515567,0.7124389429934609,-0.9134811966593819,0.3126317086033736,-1.9008880944614903,-2.1061867267013232,1.5131046708525724,-2.3973883765155226,-2.3075623322269703,-1.0309901352510602,-1.3807585547892005,-0.7927658302926817,1.8324112437069218,-2.0212897106163914,0.331815038322927,-0.736575562543405,1.6872952076183398,0.03438295917628417,0.5946222219955912,0.11178981004178723,0.692489770862007,-0.09038918989431771,-0.606886238434369,-0.46209764504059364,-0.42221745297613755,0.5063538220682972,1.5681129390097743,0.013499993124852089,0.34068565460125017,-0.8915367697414908,0.1786107731238437,-1.2846452336563858,0.5293864074800793,-2.5468149827751407,-0.7824093689987637,0.8329464259317579,1.7082185787293795,-2.476167995979677,1.041681924654354,0.08063287253346466,-2.0299094422822788,-0.939714893149719,-0.18914089737186826,0.9099712287743175,2.1049416198062456,0.5903387781059164,0.18602790852412465,0.0854971117344111,0.12282087252184085,1.7418879508129845,3.3859857531984097,1.6983552639033075,-0.10154510393714372,-3.3244806189269824,0.7687531498359867,-1.6848216935513642,1.143928385066737,0.3263817179705776,-0.9152986357626633,0.5772500589811952,2.931823907634211,-1.7857715708612139,-1.1335627355323095,-2.2465359582079905,-1.2191013640188155,1.5003515610029745,2.584722186912842,0.3017153957988893,-0.8587770921200077,-0.7945476213599855,0.39132328602899025,-0.5205334053213101,-2.159059439545565,-2.2765947275779777,1.2067226317256237,-0.5804265724323426,-0.33935830296672576,-1.7946001234243,0.0030900835754571615,-0.026472235899217628,-0.2821399339197717,-0.6410193333275724,1.3417567746953152,-0.9309624072823499,-1.6260781611314261,-0.6820815803750979,-1.7174767748909223,0.06401366616456539,-1.1495324016863508,-0.9163725745183509,0.9392985001092633,-3.9513778266017074,-2.8201124160381625,0.23506350229761397,1.1387226370327865,-3.1016708053935154,3.298505927969922,0.7766160888724718,0.10264872521571566,-0.20715516305068077,-1.273809416597154,-0.6002019478551751,1.4031579019546652,1.9029536816220445,-1.6360852959255465,-0.376977191392729,-0.5109650585774372,0.17302844324286124,-2.2171353285480344,0.7725678136485881,-0.33906538130969455,0.39022272738644076,1.4188424724732354,0.127492568140596,-0.5553945032705838,-1.945879927611846,-0.27144054610888757,0.5726981221854851,-1.30328968050792,-0.23133929678812926,-1.2075304087812415,-0.4070849449662902,0.6211555251563001,0.9006091058868869,0.371954948120803,2.9572989873489886,0.2463547675475711,0.36937298007688835,-1.4189899371993233,-0.007316571290008678,-0.015807857067996922,0.1535014596130742,-0.08618296526915417,-2.404695951179009,-1.9490406263211573,-0.8489746980400449,-1.625848979449617;3.4808065776743202,0.8723372919804471,-0.4293885430846588,1.6128651979442328,0.8318245037690412,-1.2453068219403038,2.0560628672339445,-0.4866284179142582,-0.7133791044129464,0.8010172661180419,1.4424108573847378,-0.6103551075070955,-0.33607871592092176,-0.5521695245585503,-2.7977532815928297,-0.9489672034263006,-2.1090291179007346,1.3862290758476772,1.532797521543101,0.12739393906015883,-1.3017290374098225,0.9413449165405718,2.1919640940881613,-0.9988376871432829,-0.9115548171311805,-0.8819451844821791,-0.8948716360537634,0.7359859480473583,-1.5282052389177028,-2.116501696541168,-0.10224040750268937,0.09096539428520323,-1.9511964654913818,0.9063667163114919,-0.3830722727934296,0.39087216407308617,-0.09551086209198983,0.07690072671678563,-2.144346315606136,0.7592810526736657,0.29987936221110745,0.6841510046985967,0.9757755996708546,-1.7063235568486457,-1.3183123260116705,0.2633782406049863,0.7085895783107468,0.5707101606332952,-0.28681229405074504,-1.1778461179397661,0.4937736947171985,0.9726388243685711,-1.0831866479660615,-0.2841487424073051,-1.7310396008811508,0.5148383782141979,2.1244127611160812,0.8191727403948448,-2.0575899096911034,1.652299783069465,-0.1742536578452664,-1.397142366975874,0.4386134895796823,0.5543735539674428,0.9206246507358162,1.739202297871384,1.984850583755654,-0.8791051450211873,-1.1353619629367668,-0.9865315127971894,0.4147591393272914,2.5052064922767885,0.9333584837796104,0.14839077568167225,-3.665872786919659,1.1595270831190352,-1.8995521773218804,1.6791254526106865,0.8369622308569841,-0.2787848019463761,-0.35232972795107964,1.5303121657301522,-1.0852627657914886,-1.097556802939968,-2.2410361277878104,0.30309142568239106,1.766974713357016,1.4101536994115342,1.6901863993420951,-1.66844628371785,-3.1185637045974692,-0.07150675433025971,-0.29102217953127785,-2.468022185728434,-2.209678430291211,0.5595790499900356,-0.4106524460931102,-1.1650189015083812,-2.414348030627518,0.48596529667899124,-1.7389824383905492,-0.130119524374894,-0.673523220388486,1.036760224464647,-1.5078116966889867,-2.38030231596883,1.7315177337150025,-0.4158392307493001,1.197024085641991,-2.6359819441903043,-1.5029172256508878,-0.62341844668839,-1.7763310825202934,-2.1838903735046222,2.5438394435997687,-1.115223010031041,-1.6939649215478008,3.106131119206164,0.5461515206340716,0.8305627840175557,-0.2820627484522819,1.4527155113088093,1.8397980495908186,-0.79069820211579,1.3183284360356766,-2.0791958202943137,-0.05596644222363596,-0.5543298899183197,0.5039581261403177,-2.12557653857707,-0.5140396887876956,-1.2005417486665866,0.6160799490103331,0.8500832562407705,-1.7105345194567676,-0.573799697463271,-0.45887724737028646,-0.42630540311469145,0.28243380563304055,-0.33833115597464386,-0.5953100586126833,-1.874630652437709,-1.5670740907654928,0.6620831833619711,0.7959972645297522,-0.66012443648237,3.3983162667910882,-0.5593194951991675,-0.049495828510796855,-1.815687655577179,0.04898795334449846,-1.9244571187924735,2.342469956025628,-0.5267219926347473,-0.8791652150709732,-0.7788196078283778,-0.690777679366964,-0.6739376972334357
3;138;74179.83157300949;3877;5342;0.047412;0.372919;0.053087/0.048803/0.04952/0.077804/0.067019/0.051518/0.136727/0.09831/0.049126/0.104357/0.049769/0.055292/0.058825/0.049707/0.133584/0.051755/0.0732/0.081623/0.09437/0.098791/0.060243/0.090501/0.134462/0.054506/0.081956/0.05097/0.051158/0.082967/0.075432/0.056304/0.060286/0.12735/0.051746/0.076651/0.058613/0.123068/0.051019/0.065789/0.099093/0.144366/0.04891/0.085497/0.079944/0.050373/0.075787/0.051132/0.050267/0.047412/0.056818/0.053368/0.074626/0.090025/0.077382/0.102207/0.054012/0.050133/0.050343/0.059555/0.079465/0.049265/0.050257/0.067338/0.054346/0.050407/0.050025/0.054822/0.050124/0.052844/0.058436/0.157951/0.050179/0.049899/0.115813/0.054167/0.052779/0.049959/0.075225/0.050228/0.096244/0.052933/0.054969/0.054465/0.050498/0.082714/0.05894/0.052684/0.049546/0.069622/0.052469/0.050586/0.0539/0.051064/0.050064/0.05177/0.049137/0.057647/0.049584/0.048892/0.053481/0.057791;0.165537/0.0/0.0/0.388812/0.383887/0.144088/0.580559/0.652556/0.0/0.431652/0.0/0.294564/0.312924/0.006445/0.441052/0.435754/0.504203/0.408386/0.42012/0.509912/0.342721/0.60153/0.516988/0.583256/0.422252/0.226153/0.212795/0.506995/0.870447/0.345551/0.37312/0.709778/0.480296/0.431967/0.389558/0.575989/0.394243/0.558212/0.428477/0.423246/4.8e-05/0.41552/0.594109/0.024442/0.545694/0.067263/0.149309/0.372919/0.326847/0.238661/0.411246/0.420492/0.385752/0.514062/0.179173/0.054/0.467062/0.314148/0.393717/0.224576/0.0/0.425541/0.385561/0.04874/0.0/0.399206/0.327774/0.206971/0.366273/0.756873/4.8e-05/0.002219/0.421296/0.290098/0.290012/0.114683/0.395267/0.221573/0.473402/0.323911/0.418178/0.206627/0.160698/0.415396/0.388697/0.416333/0.374898/0.458781/0.18251/0.167373/0.699316/0.161511/0.091188/0.361377/0.305302/0.255749/0.035907/0.0/0.049563/0.061477;0.075432/0.0539/0.051746/0.050343/0.049546/0.047412;0.870447/0.699316/0.480296/0.467062/0.374898/0.372919;3.962348258312918,0.8339885646398719,-1.007793362480925,-0.2184625022447242,1.5379335089084878,-1.2219682106178884,2.086643429391695,0.3990205524591274,0.7373856257481506,1.0031905822232812,-0.9170014086173379,-0.33301527269660747,-0.06658958552078464,-0.7441993918064447,-1.7580419581499847,-1.0709039252833055,-0.13633235006261368,1.0671874518563818,1.416036010040315,-0.6764373579911961,-0.2528779273230124,1.3864902327515567,0.7124389429934609,-0.9134811966593819,0.3126317086033736,-1.9008880944614903,-2.1061867267013232,1.5131046708525724,-2.3973883765155226,-2.3075623322269703,-1.0309901352510602,-1.3807585547892005,-0.7927658302926817,1.8324112437069218,-2.0212897106163914,0.331815038322927,-0.736575562543405,1.6872952076183398,0.03438295917628417,0.5946222219955912,0.11178981004178723,0.692489770862007,-0.09038918989431771,-0.606886238434369,-0.46209764504059364,-0.42221745297613755,0.5063538220682972,1.5681129390097743,0.013499993124852089,0.34068565460125017,-0.8915367697414908,0.1786107731238437,-1.2846452336563858,0.5293864074800793,-2.5468149827751407,-0.7824093689987637,0.8329464259317579,1.7082185787293795,-2.476167995979677,1.041681924654354,0.08063287253346466,-2.0299094422822788,-0.939714893149719,-0.18914089737186826,0.9099712287743175,2.1049416198062456,0.5903387781059164,0.18602790852412465,0.0854971117344111,0.12282087252184085,1.7418879508129845,3.3859857531984097,1.6983552639033075,-0.10154510393714372,-3.3244806189269824,0.7687531498359867,-1.6848216935513642,1.143928385066737,0.3263817179705776,-0.9152986357626633,0.5772500589811952,2.931823907634211,-1.7857715708612139,-1.1335627355323095,-2.2465359582079905,-1.2191013640188155,1.5003515610029745,2.584722186912842,0.3017153957988893,-0.8587770921200077,-0.7945476213599855,0.39132328602899025,-0.5205334053213101,-2.159059439545565,-2.2765947275779777,1.2067226317256237,-0.5804265724323426,-0.33935830296672576,-1.7946001234243,0.0030900835754571615,-0.026472235899217628,-0.2821399339197717,-0.6410193333275724,1.3417567746953152,-0.9309624072823499,-1.6260781611314261,-0.6820815803750979,-1.7174767748909223,0.06401366616456539,-1.1495324016863508,-0.9163725745183509,0.9392985001092633,-3.9513778266017074,-2.8201124160381625,0.23506350229761397,1.1387226370327865,-3.1016708053935154,3.298505927969922,0.7766160888724718,0.10264872521571566,-0.20715516305068077,-1.273809416597154,-0.6002019478551751,1.4031579019546652,1.9029536816220445,-1.6360852959255465,-0.376977191392729,-0.5109650585774372,0.17302844324286124,-2.2171353285480344,0.7725678136485881,-0.33906538130969455,0.39022272738644076,1.4188424724732354,0.127492568140596,-0.5553945032705838,-1.945879927611846,-0.27144054610888757,0.5726981221854851,-1.30328968050792,-0.23133929678812926,-1.2075304087812415,-0.4070849449662902,0.6211555251563001,0.9006091058868869,0.371954948120803,2.9572989873489886,0.2463547675475711,0.36937298007688835,-1.4189899371993233,-0.007316571290008678,-0.015807857067996922,0.1535014596130742,-0.08618296526915417,-2.404695951179009,-1.9490406263211573,-0.8489746980400449,-1.625848979449617;3.4808065776743202,0.8723372919804471,-0.4293885430846588,1.6128651979442328,0.8318245037690412,-1.2453068219403038,2.0560628672339445,-0.4866284179142582,-0.7133791044129464,0.8010172661180419,1.4424108573847378,-0.6103551075070955,-0.33607871592092176,-0.5521695245585503,-2.7977532815928297,-0.9489672034263006,-2.1090291179007346,1.3862290758476772,1.532797521543101,0.12739393906015883,-1.3017290374098225,0.9413449165405718,2.1919640940881613,-0.9988376871432829,-0.9115548171311805,-0.8819451844821791,-0.8948716360537634,0.7359859480473583,-1.5282052389177028,-2.116501696541168,-0.10224040750268937,0.09096539428520323,-1.9511964654913818,0.9063667163114919,-0.3830722727934296,0.39087216407308617,-0.09551086209198983,0.07690072671678563,-2.144346315606136,0.7592810526736657,0.29987936221110745,0.6841510046985967,0.9757755996708546,-1.7063235568486457,-1.3183123260116705,0.2633782406049863,0.7085895783107468,0.5707101606332952,-0.28681229405074504,-1.1778461179397661,0.4937736947171985,0.9726388243685711,-1.0831866479660615,-0.2841487424073051,-1.7310396008811508,0.5148383782141979,2.1244127611160812,0.8191727403948448,-2.0575899096911034,1.652299783069465,-0.1742536578452664,-1.397142366975874,0.4386134895796823,0.5543735539674428,0.9206246507358162,1.739202297871384,1.984850583755654,-0.8791051450211873,-1.1353619629367668,-0.9865315127971894,0.4147591393272914,2.5052064922767885,0.9333584837796104,0.14839077568167225,-3.665872786919659,1.1595270831190352,-1.8995521773218804,1.6791254526106865,0.8369622308569841,-0.2787848019463761,-0.35232972795107964,1.5303121657301522,-1.0852627657914886,-1.097556802939968,-2.2410361277878104,0.30309142568239106,1.766974713357016,1.4101536994115342,1.6901863993420951,-1.66844628371785,-3.1185637045974692,-0.07150675433025971,-0.29102217953127785,-2.468022185728434,-2.209678430291211,0.5595790499900356,-0.4106524460931102,-1.1650189015083812,-2.414348030627518,0.48596529667899124,-1.7389824383905492,-0.130119524374894,-0.673523220388486,1.036760224464647,-1.5078116966889867,-2.38030231596883,1.7315177337150025,-0.4158392307493001,1.197024085641991,-2.6359819441903043,-1.5029172256508878,-0.62341844668839,-1.7763310825202934,-2.1838903735046222,2.5438394435997687,-1.115223010031041,-1.6939649215478008,3.106131119206164,0.5461515206340716,0.8305627840175557,-0.2820627484522819,1.4527155113088093,1.8397980495908186,-0.79069820211579,1.3183284360356766,-2.0791958202943137,-0.05596644222363596,-0.5543298899183197,0.5039581261403177,-2.12557653857707,-0.5140396887876956,-1.2005417486665866,0.6160799490103331,0.8500832562407705,-1.7105345194567676,-0.573799697463271,-0.45887724737028646,-0.42630540311469145,0.28243380563304055,-0.33833115597464386,-0.5953100586126833,-1.874630652437709,-1.5670740907654928,0.6620831833619711,0.7959972645297522,-0.66012443648237,3.3983162667910882,-0.5593194951991675,-0.049495828510796855,-1.815687655577179,0.04898795334449846,-1.9244571187924735,2.342469956025628,-0.5267219926347473,-0.8791652150709732,-0.7788196078283778,-0.690777679366964,-0.6739376972334357
3;139;74726.77291846275;3877;5342;0.047412;0.372919;0.053087/0.048803/0.04952/0.077804/0.067019/0.051518/0.136727/0.09831/0.049126/0.104357/0.049769/0.055292/0.058825/0.049707/0.133584/0.051755/0.0732/0.081623/0.09437/0.098791/0.060243/0.090501/0.134462/0.054506/0.081956/0.05097/0.051158/0.082967/0.075432/0.056304/0.060286/0.12735/0.051746/0.076651/0.058613/0.123068/0.051019/0.065789/0.099093/0.144366/0.04891/0.085497/0.079944/0.050373/0.075787/0.051132/0.050267/0.047412/0.056818/0.053368/0.074626/0.090025/0.077382/0.102207/0.054012/0.050133/0.050343/0.059555/0.079465/0.049265/0.050257/0.067338/0.054346/0.050407/0.050025/0.054822/0.050124/0.052844/0.058436/0.157951/0.050179/0.049899/0.115813/0.054167/0.052779/0.049959/0.075225/0.050228/0.096244/0.052933/0.054969/0.054465/0.050498/0.082714/0.05894/0.052684/0.049546/0.069622/0.052469/0.050586/0.0539/0.051064/0.050064/0.05177/0.049137/0.057647/0.049584/0.048892/0.053481/0.054553;0.165537/0.0/0.0/0.388812/0.383887/0.144088/0.580559/0.652556/0.0/0.431652/0.0/0.294564/0.312924/0.006445/0.441052/0.435754/0.504203/0.408386/0.42012/0.509912/0.342721/0.60153/0.516988/0.583256/0.422252/0.226153/0.212795/0.506995/0.870447/0.345551/0.37312/0.709778/0.480296/0.431967/0.389558/0.575989/0.394243/0.558212/0.428477/0.423246/4.8e-05/0.41552/0.594109/0.024442/0.545694/0.067263/0.149309/0.372919/0.326847/0.238661/0.411246/0.420492/0.385752/0.514062/0.179173/0.054/0.467062/0.314148/0.393717/0.224576/0.0/0.425541/0.385561/0.04874/0.0/0.399206/0.327774/0.206971/0.366273/0.756873/4.8e-05/0.002219/0.421296/0.290098/0.290012/0.114683/0.395267/0.221573/0.473402/0.323911/0.418178/0.206627/0.160698/0.415396/0.388697/0.416333/0.374898/0.458781/0.18251/0.167373/0.699316/0.161511/0.091188/0.361377/0.305302/0.255749/0.035907/0.0/0.049563/0.099708;0.075432/0.0539/0.051746/0.050343/0.049546/0.047412;0.870447/0.699316/0.480296/0.467062/0.374898/0.372919;3.962348258312918,0.8339885646398719,-1.007793362480925,-0.2184625022447242,1.5379335089084878,-1.2219682106178884,2.086643429391695,0.3990205524591274,0.7373856257481506,1.0031905822232812,-0.9170014086173379,-0.33301527269660747,-0.06658958552078464,-0.7441993918064447,-1.7580419581499847,-1.0709039252833055,-0.13633235006261368,1.0671874518563818,1.416036010040315,-0.6764373579911961,-0.2528779273230124,1.3864902327515567,0.7124389429934609,-0.9134811966593819,0.3126317086033736,-1.9008880944614903,-2.1061867267013232,1.5131046708525724,-2.3973883765155226,-2.3075623322269703,-1.0309901352510602,-1.3807585547892005,-0.7927658302926817,1.8324112437069218,-2.0212897106163914,0.331815038322927,-0.736575562543405,1.6872952076183398,0.03438295917628417,0.5946222219955912,0.11178981004178723,0.692489770862007,-0.09038918989431771,-0.606886238434369,-0.46209764504059364,-0.42221745297613755,0.5063538220682972,1.5681129390097743,0.013499993124852089,0.34068565460125017,-0.8915367697414908,0.1786107731238437,-1.2846452336563858,0.5293864074800793,-2.5468149827751407,-0.7824093689987637,0.8329464259317579,1.7082185787293795,-2.476167995979677,1.041681924654354,0.08063287253346466,-2.0299094422822788,-0.939714893149719,-0.18914089737186826,0.9099712287743175,2.1049416198062456,0.5903387781059164,0.18602790852412465,0.0854971117344111,0.12282087252184085,1.7418879508129845,3.3859857531984097,1.6983552639033075,-0.10154510393714372,-3.3244806189269824,0.7687531498359867,-1.6848216935513642,1.143928385066737,0.3263817179705776,-0.9152986357626633,0.5772500589811952,2.931823907634211,-1.7857715708612139,-1.1335627355323095,-2.2465359582079905,-1.2191013640188155,1.5003515610029745,2.584722186912842,0.3017153957988893,-0.8587770921200077,-0.7945476213599855,0.39132328602899025,-0.5205334053213101,-2.159059439545565,-2.2765947275779777,1.2067226317256237,-0.5804265724323426,-0.33935830296672576,-1.7946001234243,0.0030900835754571615,-0.026472235899217628,-0.2821399339197717,-0.6410193333275724,1.3417567746953152,-0.9309624072823499,-1.6260781611314261,-0.6820815803750979,-1.7174767748909223,0.06401366616456539,-1.1495324016863508,-0.9163725745183509,0.9392985001092633,-3.9513778266017074,-2.8201124160381625,0.23506350229761397,1.1387226370327865,-3.1016708053935154,3.298505927969922,0.7766160888724718,0.10264872521571566,-0.20715516305068077,-1.273809416597154,-0.6002019478551751,1.4031579019546652,1.9029536816220445,-1.6360852959255465,-0.376977191392729,-0.5109650585774372,0.17302844324286124,-2.2171353285480344,0.7725678136485881,-0.33906538130969455,0.39022272738644076,1.4188424724732354,0.127492568140596,-0.5553945032705838,-1.945879927611846,-0.27144054610888757,0.5726981221854851,-1.30328968050792,-0.23133929678812926,-1.2075304087812415,-0.4070849449662902,0.6211555251563001,0.9006091058868869,0.371954948120803,2.9572989873489886,0.2463547675475711,0.36937298007688835,-1.4189899371993233,-0.007316571290008678,-0.015807857067996922,0.1535014596130742,-0.08618296526915417,-2.404695951179009,-1.9490406263211573,-0.8489746980400449,-1.625848979449617;3.4808065776743202,0.8723372919804471,-0.4293885430846588,1.6128651979442328,0.8318245037690412,-1.2453068219403038,2.0560628672339445,-0.4866284179142582,-0.7133791044129464,0.8010172661180419,1.4424108573847378,-0.6103551075070955,-0.33607871592092176,-0.5521695245585503,-2.7977532815928297,-0.9489672034263006,-2.1090291179007346,1.3862290758476772,1.532797521543101,0.12739393906015883,-1.3017290374098225,0.9413449165405718,2.1919640940881613,-0.9988376871432829,-0.9115548171311805,-0.8819451844821791,-0.8948716360537634,0.7359859480473583,-1.5282052389177028,-2.116501696541168,-0.10224040750268937,0.09096539428520323,-1.9511964654913818,0.9063667163114919,-0.3830722727934296,0.39087216407308617,-0.09551086209198983,0.07690072671678563,-2.144346315606136,0.7592810526736657,0.29987936221110745,0.6841510046985967,0.9757755996708546,-1.7063235568486457,-1.3183123260116705,0.2633782406049863,0.7085895783107468,0.5707101606332952,-0.28681229405074504,-1.1778461179397661,0.4937736947171985,0.9726388243685711,-1.0831866479660615,-0.2841487424073051,-1.7310396008811508,0.5148383782141979,2.1244127611160812,0.8191727403948448,-2.0575899096911034,1.652299783069465,-0.1742536578452664,-1.397142366975874,0.4386134895796823,0.5543735539674428,0.9206246507358162,1.739202297871384,1.984850583755654,-0.8791051450211873,-1.1353619629367668,-0.9865315127971894,0.4147591393272914,2.5052064922767885,0.9333584837796104,0.14839077568167225,-3.665872786919659,1.1595270831190352,-1.8995521773218804,1.6791254526106865,0.8369622308569841,-0.2787848019463761,-0.35232972795107964,1.5303121657301522,-1.0852627657914886,-1.097556802939968,-2.2410361277878104,0.30309142568239106,1.766974713357016,1.4101536994115342,1.6901863993420951,-1.66844628371785,-3.1185637045974692,-0.07150675433025971,-0.29102217953127785,-2.468022185728434,-2.209678430291211,0.5595790499900356,-0.4106524460931102,-1.1650189015083812,-2.414348030627518,0.48596529667899124,-1.7389824383905492,-0.130119524374894,-0.673523220388486,1.036760224464647,-1.5078116966889867,-2.38030231596883,1.7315177337150025,-0.4158392307493001,1.197024085641991,-2.6359819441903043,-1.5029172256508878,-0.62341844668839,-1.7763310825202934,-2.1838903735046222,2.5438394435997687,-1.115223010031041,-1.6939649215478008,3.106131119206164,0.5461515206340716,0.8305627840175557,-0.2820627484522819,1.4527155113088093,1.8397980495908186,-0.79069820211579,1.3183284360356766,-2.0791958202943137,-0.05596644222363596,-0.5543298899183197,0.5039581261403177,-2.12557653857707,-0.5140396887876956,-1.2005417486665866,0.6160799490103331,0.8500832562407705,-1.7105345194567676,-0.573799697463271,-0.45887724737028646,-0.42630540311469145,0.28243380563304055,-0.33833115597464386,-0.5953100586126833,-1.874630652437709,-1.5670740907654928,0.6620831833619711,0.7959972645297522,-0.66012443648237,3.3983162667910882,-0.5593194951991675,-0.049495828510796855,-1.815687655577179,0.04898795334449846,-1.9244571187924735,2.342469956025628,-0.5267219926347473,-0.8791652150709732,-0.7788196078283778,-0.690777679366964,-0.6739376972334357
3;140;75284.08480715752;3877;5342;0.047412;0.372919;0.053087/0.048803/0.04952/0.077804/0.067019/0.051518/0.136727/0.09831/0.049126/0.104357/0.049769/0.055292/0.058825/0.049707/0.133584/0.051755/0.0732/0.081623/0.09437/0.098791/0.060243/0.090501/0.134462/0.054506/0.081956/0.05097/0.051158/0.082967/0.075432/0.056304/0.060286/0.12735/0.051746/0.076651/0.058613/0.123068/0.051019/0.065789/0.099093/0.144366/0.04891/0.085497/0.079944/0.050373/0.075787/0.051132/0.050267/0.047412/0.056818/0.053368/0.074626/0.090025/0.077382/0.102207/0.054012/0.050133/0.050343/0.059555/0.079465/0.049265/0.050257/0.067338/0.054346/0.050407/0.050025/0.054822/0.050124/0.052844/0.058436/0.157951/0.050179/0.049899/0.115813/0.054167/0.052779/0.049959/0.075225/0.050228/0.096244/0.052933/0.054969/0.054465/0.050498/0.082714/0.05894/0.052684/0.049546/0.069622/0.052469/0.050586/0.0539/0.051064/0.050064/0.05177/0.049137/0.057647/0.049584/0.048892/0.053481/0.054553;0.165537/0.0/0.0/0.388812/0.383887/0.144088/0.580559/0.652556/0.0/0.431652/0.0/0.294564/0.312924/0.006445/0.441052/0.435754/0.504203/0.408386/0.42012/0.509912/0.342721/0.60153/0.516988/0.583256/0.422252/0.226153/0.212795/0.506995/0.870447/0.345551/0.37312/0.709778/0.480296/0.431967/0.389558/0.575989/0.394243/0.558212/0.428477/0.423246/4.8e-05/0.41552/0.594109/0.024442/0.545694/0.067263/0.149309/0.372919/0.326847/0.238661/0.411246/0.420492/0.385752/0.514062/0.179173/0.054/0.467062/0.314148/0.393717/0.224576/0.0/0.425541/0.385561/0.04874/0.0/0.399206/0.327774/0.206971/0.366273/0.756873/4.8e-05/0.002219/0.421296/0.290098/0.290012/0.114683/0.395267/0.221573/0.473402/0.323911/0.418178/0.206627/0.160698/0.415396/0.388697/0.416333/0.374898/0.458781/0.18251/0.167373/0.699316/0.161511/0.091188/0.361377/0.305302/0.255749/0.035907/0.0/0.049563/0.099708;0.075432/0.0539/0.051746/0.050343/0.049546/0.047412;0.870447/0.699316/0.480296/0.467062/0.374898/0.372919;3.962348258312918,0.8339885646398719,-1.007793362480925,-0.2184625022447242,1.5379335089084878,-1.2219682106178884,2.086643429391695,0.3990205524591274,0.7373856257481506,1.0031905822232812,-0.9170014086173379,-0.33301527269660747,-0.06658958552078464,-0.7441993918064447,-1.7580419581499847,-1.0709039252833055,-0.13633235006261368,1.0671874518563818,1.416036010040315,-0.6764373579911961,-0.2528779273230124,1.3864902327515567,0.7124389429934609,-0.9134811966593819,0.3126317086033736,-1.9008880944614903,-2.1061867267013232,1.5131046708525724,-2.3973883765155226,-2.3075623322269703,-1.0309901352510602,-1.3807585547892005,-0.7927658302926817,1.8324112437069218,-2.0212897106163914,0.331815038322927,-0.736575562543405,1.6872952076183398,0.03438295917628417,0.5946222219955912,0.11178981004178723,0.692489770862007,-0.09038918989431771,-0.606886238434369,-0.46209764504059364,-0.42221745297613755,0.5063538220682972,1.5681129390097743,0.013499993124852089,0.34068565460125017,-0.8915367697414908,0.1786107731238437,-1.2846452336563858,0.5293864074800793,-2.5468149827751407,-0.7824093689987637,0.8329464259317579,1.7082185787293795,-2.476167995979677,1.041681924654354,0.08063287253346466,-2.0299094422822788,-0.939714893149719,-0.18914089737186826,0.9099712287743175,2.1049416198062456,0.5903387781059164,0.18602790852412465,0.0854971117344111,0.12282087252184085,1.7418879508129845,3.3859857531984097,1.6983552639033075,-0.10154510393714372,-3.3244806189269824,0.7687531498359867,-1.6848216935513642,1.143928385066737,0.3263817179705776,-0.9152986357626633,0.5772500589811952,2.931823907634211,-1.7857715708612139,-1.1335627355323095,-2.2465359582079905,-1.2191013640188155,1.5003515610029745,2.584722186912842,0.3017153957988893,-0.8587770921200077,-0.7945476213599855,0.39132328602899025,-0.5205334053213101,-2.159059439545565,-2.2765947275779777,1.2067226317256237,-0.5804265724323426,-0.33935830296672576,-1.7946001234243,0.0030900835754571615,-0.026472235899217628,-0.2821399339197717,-0.6410193333275724,1.3417567746953152,-0.9309624072823499,-1.6260781611314261,-0.6820815803750979,-1.7174767748909223,0.06401366616456539,-1.1495324016863508,-0.9163725745183509,0.9392985001092633,-3.9513778266017074,-2.8201124160381625,0.23506350229761397,1.1387226370327865,-3.1016708053935154,3.298505927969922,0.7766160888724718,0.10264872521571566,-0.20715516305068077,-1.273809416597154,-0.6002019478551751,1.4031579019546652,1.9029536816220445,-1.6360852959255465,-0.376977191392729,-0.5109650585774372,0.17302844324286124,-2.2171353285480344,0.7725678136485881,-0.33906538130969455,0.39022272738644076,1.4188424724732354,0.127492568140596,-0.5553945032705838,-1.945879927611846,-0.27144054610888757,0.5726981221854851,-1.30328968050792,-0.23133929678812926,-1.2075304087812415,-0.4070849449662902,0.6211555251563001,0.9006091058868869,0.371954948120803,2.9572989873489886,0.2463547675475711,0.36937298007688835,-1.4189899371993233,-0.007316571290008678,-0.015807857067996922,0.1535014596130742,-0.08618296526915417,-2.404695951179009,-1.9490406263211573,-0.8489746980400449,-1.625848979449617;3.4808065776743202,0.8723372919804471,-0.4293885430846588,1.6128651979442328,0.8318245037690412,-1.2453068219403038,2.0560628672339445,-0.4866284179142582,-0.7133791044129464,0.8010172661180419,1.4424108573847378,-0.6103551075070955,-0.33607871592092176,-0.5521695245585503,-2.7977532815928297,-0.9489672034263006,-2.1090291179007346,1.3862290758476772,1.532797521543101,0.12739393906015883,-1.3017290374098225,0.9413449165405718,2.1919640940881613,-0.9988376871432829,-0.9115548171311805,-0.8819451844821791,-0.8948716360537634,0.7359859480473583,-1.5282052389177028,-2.116501696541168,-0.10224040750268937,0.09096539428520323,-1.9511964654913818,0.9063667163114919,-0.3830722727934296,0.39087216407308617,-0.09551086209198983,0.07690072671678563,-2.144346315606136,0.7592810526736657,0.29987936221110745,0.6841510046985967,0.9757755996708546,-1.7063235568486457,-1.3183123260116705,0.2633782406049863,0.7085895783107468,0.5707101606332952,-0.28681229405074504,-1.1778461179397661,0.4937736947171985,0.9726388243685711,-1.0831866479660615,-0.2841487424073051,-1.7310396008811508,0.5148383782141979,2.1244127611160812,0.8191727403948448,-2.0575899096911034,1.652299783069465,-0.1742536578452664,-1.397142366975874,0.4386134895796823,0.5543735539674428,0.9206246507358162,1.739202297871384,1.984850583755654,-0.8791051450211873,-1.1353619629367668,-0.9865315127971894,0.4147591393272914,2.5052064922767885,0.9333584837796104,0.14839077568167225,-3.665872786919659,1.1595270831190352,-1.8995521773218804,1.6791254526106865,0.8369622308569841,-0.2787848019463761,-0.35232972795107964,1.5303121657301522,-1.0852627657914886,-1.097556802939968,-2.2410361277878104,0.30309142568239106,1.766974713357016,1.4101536994115342,1.6901863993420951,-1.66844628371785,-3.1185637045974692,-0.07150675433025971,-0.29102217953127785,-2.468022185728434,-2.209678430291211,0.5595790499900356,-0.4106524460931102,-1.1650189015083812,-2.414348030627518,0.48596529667899124,-1.7389824383905492,-0.130119524374894,-0.673523220388486,1.036760224464647,-1.5078116966889867,-2.38030231596883,1.7315177337150025,-0.4158392307493001,1.197024085641991,-2.6359819441903043,-1.5029172256508878,-0.62341844668839,-1.7763310825202934,-2.1838903735046222,2.5438394435997687,-1.115223010031041,-1.6939649215478008,3.106131119206164,0.5461515206340716,0.8305627840175557,-0.2820627484522819,1.4527155113088093,1.8397980495908186,-0.79069820211579,1.3183284360356766,-2.0791958202943137,-0.05596644222363596,-0.5543298899183197,0.5039581261403177,-2.12557653857707,-0.5140396887876956,-1.2005417486665866,0.6160799490103331,0.8500832562407705,-1.7105345194567676,-0.573799697463271,-0.45887724737028646,-0.42630540311469145,0.28243380563304055,-0.33833115597464386,-0.5953100586126833,-1.874630652437709,-1.5670740907654928,0.6620831833619711,0.7959972645297522,-0.66012443648237,3.3983162667910882,-0.5593194951991675,-0.049495828510796855,-1.815687655577179,0.04898795334449846,-1.9244571187924735,2.342469956025628,-0.5267219926347473,-0.8791652150709732,-0.7788196078283778,-0.690777679366964,-0.6739376972334357
3;141;75829.11653542519;3877;5342;0.047412;0.372919;0.053087/0.048803/0.04952/0.077804/0.067019/0.051518/0.136727/0.09831/0.049126/0.104357/0.049769/0.055292/0.058825/0.049707/0.133584/0.051755/0.0732/0.081623/0.09437/0.098791/0.060243/0.090501/0.134462/0.054506/0.081956/0.05097/0.051158/0.082967/0.075432/0.056304/0.060286/0.12735/0.051746/0.076651/0.058613/0.123068/0.051019/0.065789/0.099093/0.144366/0.04891/0.085497/0.079944/0.050373/0.075787/0.051132/0.050267/0.047412/0.056818/0.053368/0.074626/0.090025/0.077382/0.102207/0.054012/0.050133/0.050343/0.059555/0.079465/0.049265/0.050257/0.067338/0.054346/0.050407/0.050025/0.054822/0.050124/0.052844/0.058436/0.157951/0.050179/0.049899/0.115813/0.054167/0.052779/0.049959/0.075225/0.050228/0.096244/0.052933/0.054969/0.054465/0.050498/0.082714/0.05894/0.052684/0.049546/0.069622/0.052469/0.050586/0.0539/0.051064/0.050064/0.05177/0.049137/0.057647/0.049584/0.048892/0.053481/0.05161;0.165537/0.0/0.0/0.388812/0.383887/0.144088/0.580559/0.652556/0.0/0.431652/0.0/0.294564/0.312924/0.006445/0.441052/0.435754/0.504203/0.408386/0.42012/0.509912/0.342721/0.60153/0.516988/0.583256/0.422252/0.226153/0.212795/0.506995/0.870447/0.345551/0.37312/0.709778/0.480296/0.431967/0.389558/0.575989/0.394243/0.558212/0.428477/0.423246/4.8e-05/0.41552/0.594109/0.024442/0.545694/0.067263/0.149309/0.372919/0.326847/0.238661/0.411246/0.420492/0.385752/0.514062/0.179173/0.054/0.467062/0.314148/0.393717/0.224576/0.0/0.425541/0.385561/0.04874/0.0/0.399206/0.327774/0.206971/0.366273/0.756873/4.8e-05/0.002219/0.421296/0.290098/0.290012/0.114683/0.395267/0.221573/0.473402/0.323911/0.418178/0.206627/0.160698/0.415396/0.388697/0.416333/0.374898/0.458781/0.18251/0.167373/0.699316/0.161511/0.091188/0.361377/0.305302/0.255749/0.035907/0.0/0.049563/0.425628;0.075432/0.0539/0.051746/0.050343/0.049546/0.047412;0.870447/0.699316/0.480296/0.467062/0.374898/0.372919;3.962348258312918,0.8339885646398719,-1.007793362480925,-0.2184625022447242,1.5379335089084878,-1.2219682106178884,2.086643429391695,0.3990205524591274,0.7373856257481506,1.0031905822232812,-0.9170014086173379,-0.33301527269660747,-0.06658958552078464,-0.7441993918064447,-1.7580419581499847,-1.0709039252833055,-0.13633235006261368,1.0671874518563818,1.416036010040315,-0.6764373579911961,-0.2528779273230124,1.3864902327515567,0.7124389429934609,-0.9134811966593819,0.3126317086033736,-1.9008880944614903,-2.1061867267013232,1.5131046708525724,-2.3973883765155226,-2.3075623322269703,-1.0309901352510602,-1.3807585547892005,-0.7927658302926817,1.8324112437069218,-2.0212897106163914,0.331815038322927,-0.736575562543405,1.6872952076183398,0.03438295917628417,0.5946222219955912,0.11178981004178723,0.692489770862007,-0.09038918989431771,-0.606886238434369,-0.46209764504059364,-0.42221745297613755,0.5063538220682972,1.5681129390097743,0.013499993124852089,0.34068565460125017,-0.8915367697414908,0.1786107731238437,-1.2846452336563858,0.5293864074800793,-2.5468149827751407,-0.7824093689987637,0.8329464259317579,1.7082185787293795,-2.476167995979677,1.041681924654354,0.08063287253346466,-2.0299094422822788,-0.939714893149719,-0.18914089737186826,0.9099712287743175,2.1049416198062456,0.5903387781059164,0.18602790852412465,0.0854971117344111,0.12282087252184085,1.7418879508129845,3.3859857531984097,1.6983552639033075,-0.10154510393714372,-3.3244806189269824,0.7687531498359867,-1.6848216935513642,1.143928385066737,0.3263817179705776,-0.9152986357626633,0.5772500589811952,2.931823907634211,-1.7857715708612139,-1.1335627355323095,-2.2465359582079905,-1.2191013640188155,1.5003515610029745,2.584722186912842,0.3017153957988893,-0.8587770921200077,-0.7945476213599855,0.39132328602899025,-0.5205334053213101,-2.159059439545565,-2.2765947275779777,1.2067226317256237,-0.5804265724323426,-0.33935830296672576,-1.7946001234243,0.0030900835754571615,-0.026472235899217628,-0.2821399339197717,-0.6410193333275724,1.3417567746953152,-0.9309624072823499,-1.6260781611314261,-0.6820815803750979,-1.7174767748909223,0.06401366616456539,-1.1495324016863508,-0.9163725745183509,0.9392985001092633,-3.9513778266017074,-2.8201124160381625,0.23506350229761397,1.1387226370327865,-3.1016708053935154,3.298505927969922,0.7766160888724718,0.10264872521571566,-0.20715516305068077,-1.273809416597154,-0.6002019478551751,1.4031579019546652,1.9029536816220445,-1.6360852959255465,-0.376977191392729,-0.5109650585774372,0.17302844324286124,-2.2171353285480344,0.7725678136485881,-0.33906538130969455,0.39022272738644076,1.4188424724732354,0.127492568140596,-0.5553945032705838,-1.945879927611846,-0.27144054610888757,0.5726981221854851,-1.30328968050792,-0.23133929678812926,-1.2075304087812415,-0.4070849449662902,0.6211555251563001,0.9006091058868869,0.371954948120803,2.9572989873489886,0.2463547675475711,0.36937298007688835,-1.4189899371993233,-0.007316571290008678,-0.015807857067996922,0.1535014596130742,-0.08618296526915417,-2.404695951179009,-1.9490406263211573,-0.8489746980400449,-1.625848979449617;3.4808065776743202,0.8723372919804471,-0.4293885430846588,1.6128651979442328,0.8318245037690412,-1.2453068219403038,2.0560628672339445,-0.4866284179142582,-0.7133791044129464,0.8010172661180419,1.4424108573847378,-0.6103551075070955,-0.33607871592092176,-0.5521695245585503,-2.7977532815928297,-0.9489672034263006,-2.1090291179007346,1.3862290758476772,1.532797521543101,0.12739393906015883,-1.3017290374098225,0.9413449165405718,2.1919640940881613,-0.9988376871432829,-0.9115548171311805,-0.8819451844821791,-0.8948716360537634,0.7359859480473583,-1.5282052389177028,-2.116501696541168,-0.10224040750268937,0.09096539428520323,-1.9511964654913818,0.9063667163114919,-0.3830722727934296,0.39087216407308617,-0.09551086209198983,0.07690072671678563,-2.144346315606136,0.7592810526736657,0.29987936221110745,0.6841510046985967,0.9757755996708546,-1.7063235568486457,-1.3183123260116705,0.2633782406049863,0.7085895783107468,0.5707101606332952,-0.28681229405074504,-1.1778461179397661,0.4937736947171985,0.9726388243685711,-1.0831866479660615,-0.2841487424073051,-1.7310396008811508,0.5148383782141979,2.1244127611160812,0.8191727403948448,-2.0575899096911034,1.652299783069465,-0.1742536578452664,-1.397142366975874,0.4386134895796823,0.5543735539674428,0.9206246507358162,1.739202297871384,1.984850583755654,-0.8791051450211873,-1.1353619629367668,-0.9865315127971894,0.4147591393272914,2.5052064922767885,0.9333584837796104,0.14839077568167225,-3.665872786919659,1.1595270831190352,-1.8995521773218804,1.6791254526106865,0.8369622308569841,-0.2787848019463761,-0.35232972795107964,1.5303121657301522,-1.0852627657914886,-1.097556802939968,-2.2410361277878104,0.30309142568239106,1.766974713357016,1.4101536994115342,1.6901863993420951,-1.66844628371785,-3.1185637045974692,-0.07150675433025971,-0.29102217953127785,-2.468022185728434,-2.209678430291211,0.5595790499900356,-0.4106524460931102,-1.1650189015083812,-2.414348030627518,0.48596529667899124,-1.7389824383905492,-0.130119524374894,-0.673523220388486,1.036760224464647,-1.5078116966889867,-2.38030231596883,1.7315177337150025,-0.4158392307493001,1.197024085641991,-2.6359819441903043,-1.5029172256508878,-0.62341844668839,-1.7763310825202934,-2.1838903735046222,2.5438394435997687,-1.115223010031041,-1.6939649215478008,3.106131119206164,0.5461515206340716,0.8305627840175557,-0.2820627484522819,1.4527155113088093,1.8397980495908186,-0.79069820211579,1.3183284360356766,-2.0791958202943137,-0.05596644222363596,-0.5543298899183197,0.5039581261403177,-2.12557653857707,-0.5140396887876956,-1.2005417486665866,0.6160799490103331,0.8500832562407705,-1.7105345194567676,-0.573799697463271,-0.45887724737028646,-0.42630540311469145,0.28243380563304055,-0.33833115597464386,-0.5953100586126833,-1.874630652437709,-1.5670740907654928,0.6620831833619711,0.7959972645297522,-0.66012443648237,3.3983162667910882,-0.5593194951991675,-0.049495828510796855,-1.815687655577179,0.04898795334449846,-1.9244571187924735,2.342469956025628,-0.5267219926347473,-0.8791652150709732,-0.7788196078283778,-0.690777679366964,-0.6739376972334357
3;142;76381.53574824333;3877;5342;0.047412;0.372919;0.053087/0.048803/0.04952/0.077804/0.067019/0.051518/0.136727/0.09831/0.049126/0.104357/0.049769/0.055292/0.058825/0.049707/0.133584/0.051755/0.0732/0.081623/0.098791/0.060243/0.090501/0.134462/0.054506/0.081956/0.05097/0.051158/0.082967/0.075432/0.056304/0.060286/0.12735/0.051746/0.076651/0.058613/0.123068/0.051019/0.065789/0.099093/0.144366/0.04891/0.085497/0.079944/0.050373/0.075787/0.051132/0.050267/0.047412/0.056818/0.053368/0.074626/0.090025/0.077382/0.102207/0.054012/0.050133/0.050343/0.059555/0.079465/0.049265/0.050257/0.067338/0.054346/0.050407/0.050025/0.054822/0.050124/0.052844/0.058436/0.157951/0.050179/0.049899/0.115813/0.054167/0.052779/0.049959/0.075225/0.050228/0.096244/0.052933/0.054969/0.054465/0.050498/0.082714/0.05894/0.052684/0.049546/0.069622/0.052469/0.050586/0.0539/0.051064/0.050064/0.05177/0.049137/0.057647/0.049584/0.048892/0.05161/0.081742/0.133857;0.165537/0.0/0.0/0.388812/0.383887/0.144088/0.580559/0.652556/0.0/0.431652/0.0/0.294564/0.312924/0.006445/0.441052/0.435754/0.504203/0.408386/0.509912/0.342721/0.60153/0.516988/0.583256/0.422252/0.226153/0.212795/0.506995/0.870447/0.345551/0.37312/0.709778/0.480296/0.431967/0.389558/0.575989/0.394243/0.558212/0.428477/0.423246/4.8e-05/0.41552/0.594109/0.024442/0.545694/0.067263/0.149309/0.372919/0.326847/0.238661/0.411246/0.420492/0.385752/0.514062/0.179173/0.054/0.467062/0.314148/0.393717/0.224576/0.0/0.425541/0.385561/0.04874/0.0/0.399206/0.327774/0.206971/0.366273/0.756873/4.8e-05/0.002219/0.421296/0.290098/0.290012/0.114683/0.395267/0.221573/0.473402/0.323911/0.418178/0.206627/0.160698/0.415396/0.388697/0.416333/0.374898/0.458781/0.18251/0.167373/0.699316/0.161511/0.091188/0.361377/0.305302/0.255749/0.035907/0.0/0.425628/0.44306/0.554243;0.075432/0.0539/0.051746/0.050343/0.049546/0.047412;0.870447/0.699316/0.480296/0.467062/0.374898/0.372919;3.962348258312918,0.8339885646398719,-1.007793362480925,-0.2184625022447242,1.5379335089084878,-1.2219682106178884,2.086643429391695,0.3990205524591274,0.7373856257481506,1.0031905822232812,-0.9170014086173379,-0.33301527269660747,-0.06658958552078464,-0.7441993918064447,-1.7580419581499847,-1.0709039252833055,-0.13633235006261368,1.0671874518563818,1.416036010040315,-0.6764373579911961,-0.2528779273230124,1.3864902327515567,0.7124389429934609,-0.9134811966593819,0.3126317086033736,-1.9008880944614903,-2.1061867267013232,1.5131046708525724,-2.3973883765155226,-2.3075623322269703,-1.0309901352510602,-1.3807585547892005,-0.7927658302926817,1.8324112437069218,-2.0212897106163914,0.331815038322927,-0.736575562543405,1.6872952076183398,0.03438295917628417,0.5946222219955912,0.11178981004178723,0.692489770862007,-0.09038918989431771,-0.606886238434369,-0.46209764504059364,-0.42221745297613755,0.5063538220682972,1.5681129390097743,0.013499993124852089,0.34068565460125017,-0.8915367697414908,0.1786107731238437,-1.2846452336563858,0.5293864074800793,-2.5468149827751407,-0.7824093689987637,0.8329464259317579,1.7082185787293795,-2.476167995979677,1.041681924654354,0.08063287253346466,-2.0299094422822788,-0.939714893149719,-0.18914089737186826,0.9099712287743175,2.1049416198062456,0.5903387781059164,0.18602790852412465,0.0854971117344111,0.12282087252184085,1.7418879508129845,3.3859857531984097,1.6983552639033075,-0.10154510393714372,-3.3244806189269824,0.7687531498359867,-1.6848216935513642,1.143928385066737,0.3263817179705776,-0.9152986357626633,0.5772500589811952,2.931823907634211,-1.7857715708612139,-1.1335627355323095,-2.2465359582079905,-1.2191013640188155,1.5003515610029745,2.584722186912842,0.3017153957988893,-0.8587770921200077,-0.7945476213599855,0.39132328602899025,-0.5205334053213101,-2.159059439545565,-2.2765947275779777,1.2067226317256237,-0.5804265724323426,-0.33935830296672576,-1.7946001234243,0.0030900835754571615,-0.026472235899217628,-0.2821399339197717,-0.6410193333275724,1.3417567746953152,-0.9309624072823499,-1.6260781611314261,-0.6820815803750979,-1.7174767748909223,0.06401366616456539,-1.1495324016863508,-0.9163725745183509,0.9392985001092633,-3.9513778266017074,-2.8201124160381625,0.23506350229761397,1.1387226370327865,-3.1016708053935154,3.298505927969922,0.7766160888724718,0.10264872521571566,-0.20715516305068077,-1.273809416597154,-0.6002019478551751,1.4031579019546652,1.9029536816220445,-1.6360852959255465,-0.376977191392729,-0.5109650585774372,0.17302844324286124,-2.2171353285480344,0.7725678136485881,-0.33906538130969455,0.39022272738644076,1.4188424724732354,0.127492568140596,-0.5553945032705838,-1.945879927611846,-0.27144054610888757,0.5726981221854851,-1.30328968050792,-0.23133929678812926,-1.2075304087812415,-0.4070849449662902,0.6211555251563001,0.9006091058868869,0.371954948120803,2.9572989873489886,0.2463547675475711,0.36937298007688835,-1.4189899371993233,-0.007316571290008678,-0.015807857067996922,0.1535014596130742,-0.08618296526915417,-2.404695951179009,-1.9490406263211573,-0.8489746980400449,-1.625848979449617;3.4808065776743202,0.8723372919804471,-0.4293885430846588,1.6128651979442328,0.8318245037690412,-1.2453068219403038,2.0560628672339445,-0.4866284179142582,-0.7133791044129464,0.8010172661180419,1.4424108573847378,-0.6103551075070955,-0.33607871592092176,-0.5521695245585503,-2.7977532815928297,-0.9489672034263006,-2.1090291179007346,1.3862290758476772,1.532797521543101,0.12739393906015883,-1.3017290374098225,0.9413449165405718,2.1919640940881613,-0.9988376871432829,-0.9115548171311805,-0.8819451844821791,-0.8948716360537634,0.7359859480473583,-1.5282052389177028,-2.116501696541168,-0.10224040750268937,0.09096539428520323,-1.9511964654913818,0.9063667163114919,-0.3830722727934296,0.39087216407308617,-0.09551086209198983,0.07690072671678563,-2.144346315606136,0.7592810526736657,0.29987936221110745,0.6841510046985967,0.9757755996708546,-1.7063235568486457,-1.3183123260116705,0.2633782406049863,0.7085895783107468,0.5707101606332952,-0.28681229405074504,-1.1778461179397661,0.4937736947171985,0.9726388243685711,-1.0831866479660615,-0.2841487424073051,-1.7310396008811508,0.5148383782141979,2.1244127611160812,0.8191727403948448,-2.0575899096911034,1.652299783069465,-0.1742536578452664,-1.397142366975874,0.4386134895796823,0.5543735539674428,0.9206246507358162,1.739202297871384,1.984850583755654,-0.8791051450211873,-1.1353619629367668,-0.9865315127971894,0.4147591393272914,2.5052064922767885,0.9333584837796104,0.14839077568167225,-3.665872786919659,1.1595270831190352,-1.8995521773218804,1.6791254526106865,0.8369622308569841,-0.2787848019463761,-0.35232972795107964,1.5303121657301522,-1.0852627657914886,-1.097556802939968,-2.2410361277878104,0.30309142568239106,1.766974713357016,1.4101536994115342,1.6901863993420951,-1.66844628371785,-3.1185637045974692,-0.07150675433025971,-0.29102217953127785,-2.468022185728434,-2.209678430291211,0.5595790499900356,-0.4106524460931102,-1.1650189015083812,-2.414348030627518,0.48596529667899124,-1.7389824383905492,-0.130119524374894,-0.673523220388486,1.036760224464647,-1.5078116966889867,-2.38030231596883,1.7315177337150025,-0.4158392307493001,1.197024085641991,-2.6359819441903043,-1.5029172256508878,-0.62341844668839,-1.7763310825202934,-2.1838903735046222,2.5438394435997687,-1.115223010031041,-1.6939649215478008,3.106131119206164,0.5461515206340716,0.8305627840175557,-0.2820627484522819,1.4527155113088093,1.8397980495908186,-0.79069820211579,1.3183284360356766,-2.0791958202943137,-0.05596644222363596,-0.5543298899183197,0.5039581261403177,-2.12557653857707,-0.5140396887876956,-1.2005417486665866,0.6160799490103331,0.8500832562407705,-1.7105345194567676,-0.573799697463271,-0.45887724737028646,-0.42630540311469145,0.28243380563304055,-0.33833115597464386,-0.5953100586126833,-1.874630652437709,-1.5670740907654928,0.6620831833619711,0.7959972645297522,-0.66012443648237,3.3983162667910882,-0.5593194951991675,-0.049495828510796855,-1.815687655577179,0.04898795334449846,-1.9244571187924735,2.342469956025628,-0.5267219926347473,-0.8791652150709732,-0.7788196078283778,-0.690777679366964,-0.6739376972334357
3;143;76928.1852107048;3877;5342;0.047412;0.372919;0.053087/0.048803/0.04952/0.077804/0.067019/0.051518/0.136727/0.09831/0.049126/0.104357/0.049769/0.055292/0.058825/0.049707/0.133584/0.051755/0.0732/0.081623/0.098791/0.060243/0.090501/0.134462/0.054506/0.081956/0.05097/0.051158/0.082967/0.075432/0.056304/0.060286/0.12735/0.051746/0.076651/0.058613/0.123068/0.051019/0.065789/0.099093/0.144366/0.04891/0.085497/0.079944/0.050373/0.075787/0.051132/0.050267/0.047412/0.056818/0.053368/0.074626/0.090025/0.077382/0.102207/0.054012/0.050133/0.050343/0.059555/0.079465/0.049265/0.067338/0.054346/0.050407/0.050025/0.054822/0.050124/0.052844/0.058436/0.157951/0.050179/0.049899/0.115813/0.054167/0.052779/0.049959/0.075225/0.050228/0.096244/0.052933/0.054969/0.054465/0.050498/0.082714/0.05894/0.052684/0.049546/0.069622/0.052469/0.050586/0.0539/0.051064/0.050064/0.05177/0.049137/0.057647/0.049584/0.048892/0.05161/0.081742/0.133857/0.049327;0.165537/0.0/0.0/0.388812/0.383887/0.144088/0.580559/0.652556/0.0/0.431652/0.0/0.294564/0.312924/0.006445/0.441052/0.435754/0.504203/0.408386/0.509912/0.342721/0.60153/0.516988/0.583256/0.422252/0.226153/0.212795/0.506995/0.870447/0.345551/0.37312/0.709778/0.480296/0.431967/0.389558/0.575989/0.394243/0.558212/0.428477/0.423246/4.8e-05/0.41552/0.594109/0.024442/0.545694/0.067263/0.149309/0.372919/0.326847/0.238661/0.411246/0.420492/0.385752/0.514062/0.179173/0.054/0.467062/0.314148/0.393717/0.224576/0.425541/0.385561/0.04874/0.0/0.399206/0.327774/0.206971/0.366273/0.756873/4.8e-05/0.002219/0.421296/0.290098/0.290012/0.114683/0.395267/0.221573/0.473402/0.323911/0.418178/0.206627/0.160698/0.415396/0.388697/0.416333/0.374898/0.458781/0.18251/0.167373/0.699316/0.161511/0.091188/0.361377/0.305302/0.255749/0.035907/0.0/0.425628/0.44306/0.554243/0.036481;0.075432/0.0539/0.051746/0.050343/0.049546/0.047412;0.870447/0.699316/0.480296/0.467062/0.374898/0.372919;3.962348258312918,0.8339885646398719,-1.007793362480925,-0.2184625022447242,1.5379335089084878,-1.2219682106178884,2.086643429391695,0.3990205524591274,0.7373856257481506,1.0031905822232812,-0.9170014086173379,-0.33301527269660747,-0.06658958552078464,-0.7441993918064447,-1.7580419581499847,-1.0709039252833055,-0.13633235006261368,1.0671874518563818,1.416036010040315,-0.6764373579911961,-0.2528779273230124,1.3864902327515567,0.7124389429934609,-0.9134811966593819,0.3126317086033736,-1.9008880944614903,-2.1061867267013232,1.5131046708525724,-2.3973883765155226,-2.3075623322269703,-1.0309901352510602,-1.3807585547892005,-0.7927658302926817,1.8324112437069218,-2.0212897106163914,0.331815038322927,-0.736575562543405,1.6872952076183398,0.03438295917628417,0.5946222219955912,0.11178981004178723,0.692489770862007,-0.09038918989431771,-0.606886238434369,-0.46209764504059364,-0.42221745297613755,0.5063538220682972,1.5681129390097743,0.013499993124852089,0.34068565460125017,-0.8915367697414908,0.1786107731238437,-1.2846452336563858,0.5293864074800793,-2.5468149827751407,-0.7824093689987637,0.8329464259317579,1.7082185787293795,-2.476167995979677,1.041681924654354,0.08063287253346466,-2.0299094422822788,-0.939714893149719,-0.18914089737186826,0.9099712287743175,2.1049416198062456,0.5903387781059164,0.18602790852412465,0.0854971117344111,0.12282087252184085,1.7418879508129845,3.3859857531984097,1.6983552639033075,-0.10154510393714372,-3.3244806189269824,0.7687531498359867,-1.6848216935513642,1.143928385066737,0.3263817179705776,-0.9152986357626633,0.5772500589811952,2.931823907634211,-1.7857715708612139,-1.1335627355323095,-2.2465359582079905,-1.2191013640188155,1.5003515610029745,2.584722186912842,0.3017153957988893,-0.8587770921200077,-0.7945476213599855,0.39132328602899025,-0.5205334053213101,-2.159059439545565,-2.2765947275779777,1.2067226317256237,-0.5804265724323426,-0.33935830296672576,-1.7946001234243,0.0030900835754571615,-0.026472235899217628,-0.2821399339197717,-0.6410193333275724,1.3417567746953152,-0.9309624072823499,-1.6260781611314261,-0.6820815803750979,-1.7174767748909223,0.06401366616456539,-1.1495324016863508,-0.9163725745183509,0.9392985001092633,-3.9513778266017074,-2.8201124160381625,0.23506350229761397,1.1387226370327865,-3.1016708053935154,3.298505927969922,0.7766160888724718,0.10264872521571566,-0.20715516305068077,-1.273809416597154,-0.6002019478551751,1.4031579019546652,1.9029536816220445,-1.6360852959255465,-0.376977191392729,-0.5109650585774372,0.17302844324286124,-2.2171353285480344,0.7725678136485881,-0.33906538130969455,0.39022272738644076,1.4188424724732354,0.127492568140596,-0.5553945032705838,-1.945879927611846,-0.27144054610888757,0.5726981221854851,-1.30328968050792,-0.23133929678812926,-1.2075304087812415,-0.4070849449662902,0.6211555251563001,0.9006091058868869,0.371954948120803,2.9572989873489886,0.2463547675475711,0.36937298007688835,-1.4189899371993233,-0.007316571290008678,-0.015807857067996922,0.1535014596130742,-0.08618296526915417,-2.404695951179009,-1.9490406263211573,-0.8489746980400449,-1.625848979449617;3.4808065776743202,0.8723372919804471,-0.4293885430846588,1.6128651979442328,0.8318245037690412,-1.2453068219403038,2.0560628672339445,-0.4866284179142582,-0.7133791044129464,0.8010172661180419,1.4424108573847378,-0.6103551075070955,-0.33607871592092176,-0.5521695245585503,-2.7977532815928297,-0.9489672034263006,-2.1090291179007346,1.3862290758476772,1.532797521543101,0.12739393906015883,-1.3017290374098225,0.9413449165405718,2.1919640940881613,-0.9988376871432829,-0.9115548171311805,-0.8819451844821791,-0.8948716360537634,0.7359859480473583,-1.5282052389177028,-2.116501696541168,-0.10224040750268937,0.09096539428520323,-1.9511964654913818,0.9063667163114919,-0.3830722727934296,0.39087216407308617,-0.09551086209198983,0.07690072671678563,-2.144346315606136,0.7592810526736657,0.29987936221110745,0.6841510046985967,0.9757755996708546,-1.7063235568486457,-1.3183123260116705,0.2633782406049863,0.7085895783107468,0.5707101606332952,-0.28681229405074504,-1.1778461179397661,0.4937736947171985,0.9726388243685711,-1.0831866479660615,-0.2841487424073051,-1.7310396008811508,0.5148383782141979,2.1244127611160812,0.8191727403948448,-2.0575899096911034,1.652299783069465,-0.1742536578452664,-1.397142366975874,0.4386134895796823,0.5543735539674428,0.9206246507358162,1.739202297871384,1.984850583755654,-0.8791051450211873,-1.1353619629367668,-0.9865315127971894,0.4147591393272914,2.5052064922767885,0.9333584837796104,0.14839077568167225,-3.665872786919659,1.1595270831190352,-1.8995521773218804,1.6791254526106865,0.8369622308569841,-0.2787848019463761,-0.35232972795107964,1.5303121657301522,-1.0852627657914886,-1.097556802939968,-2.2410361277878104,0.30309142568239106,1.766974713357016,1.4101536994115342,1.6901863993420951,-1.66844628371785,-3.1185637045974692,-0.07150675433025971,-0.29102217953127785,-2.468022185728434,-2.209678430291211,0.5595790499900356,-0.4106524460931102,-1.1650189015083812,-2.414348030627518,0.48596529667899124,-1.7389824383905492,-0.130119524374894,-0.673523220388486,1.036760224464647,-1.5078116966889867,-2.38030231596883,1.7315177337150025,-0.4158392307493001,1.197024085641991,-2.6359819441903043,-1.5029172256508878,-0.62341844668839,-1.7763310825202934,-2.1838903735046222,2.5438394435997687,-1.115223010031041,-1.6939649215478008,3.106131119206164,0.5461515206340716,0.8305627840175557,-0.2820627484522819,1.4527155113088093,1.8397980495908186,-0.79069820211579,1.3183284360356766,-2.0791958202943137,-0.05596644222363596,-0.5543298899183197,0.5039581261403177,-2.12557653857707,-0.5140396887876956,-1.2005417486665866,0.6160799490103331,0.8500832562407705,-1.7105345194567676,-0.573799697463271,-0.45887724737028646,-0.42630540311469145,0.28243380563304055,-0.33833115597464386,-0.5953100586126833,-1.874630652437709,-1.5670740907654928,0.6620831833619711,0.7959972645297522,-0.66012443648237,3.3983162667910882,-0.5593194951991675,-0.049495828510796855,-1.815687655577179,0.04898795334449846,-1.9244571187924735,2.342469956025628,-0.5267219926347473,-0.8791652150709732,-0.7788196078283778,-0.690777679366964,-0.6739376972334357
3;144;77482.29615402222;3877;5342;0.047412;0.372919;0.053087/0.048803/0.04952/0.077804/0.067019/0.051518/0.136727/0.09831/0.049126/0.104357/0.049769/0.055292/0.058825/0.049707/0.133584/0.051755/0.0732/0.081623/0.098791/0.060243/0.090501/0.134462/0.054506/0.081956/0.05097/0.051158/0.082967/0.075432/0.056304/0.060286/0.12735/0.051746/0.076651/0.058613/0.123068/0.051019/0.065789/0.099093/0.144366/0.04891/0.085497/0.079944/0.050373/0.075787/0.051132/0.050267/0.047412/0.056818/0.053368/0.074626/0.090025/0.077382/0.102207/0.054012/0.050133/0.050343/0.059555/0.079465/0.049265/0.067338/0.054346/0.050407/0.050025/0.054822/0.050124/0.052844/0.058436/0.157951/0.050179/0.049899/0.115813/0.054167/0.052779/0.049959/0.075225/0.050228/0.096244/0.052933/0.054969/0.054465/0.050498/0.082714/0.05894/0.052684/0.049546/0.069622/0.052469/0.050586/0.0539/0.051064/0.050064/0.05177/0.049137/0.057647/0.049584/0.048892/0.05161/0.081742/0.133857/0.049327;0.165537/0.0/0.0/0.388812/0.383887/0.144088/0.580559/0.652556/0.0/0.431652/0.0/0.294564/0.312924/0.006445/0.441052/0.435754/0.504203/0.408386/0.509912/0.342721/0.60153/0.516988/0.583256/0.422252/0.226153/0.212795/0.506995/0.870447/0.345551/0.37312/0.709778/0.480296/0.431967/0.389558/0.575989/0.394243/0.558212/0.428477/0.423246/4.8e-05/0.41552/0.594109/0.024442/0.545694/0.067263/0.149309/0.372919/0.326847/0.238661/0.411246/0.420492/0.385752/0.514062/0.179173/0.054/0.467062/0.314148/0.393717/0.224576/0.425541/0.385561/0.04874/0.0/0.399206/0.327774/0.206971/0.366273/0.756873/4.8e-05/0.002219/0.421296/0.290098/0.290012/0.114683/0.395267/0.221573/0.473402/0.323911/0.418178/0.206627/0.160698/0.415396/0.388697/0.416333/0.374898/0.458781/0.18251/0.167373/0.699316/0.161511/0.091188/0.361377/0.305302/0.255749/0.035907/0.0/0.425628/0.44306/0.554243/0.036481;0.075432/0.0539/0.051746/0.050343/0.049546/0.047412;0.870447/0.699316/0.480296/0.467062/0.374898/0.372919;3.962348258312918,0.8339885646398719,-1.007793362480925,-0.2184625022447242,1.5379335089084878,-1.2219682106178884,2.086643429391695,0.3990205524591274,0.7373856257481506,1.0031905822232812,-0.9170014086173379,-0.33301527269660747,-0.06658958552078464,-0.7441993918064447,-1.7580419581499847,-1.0709039252833055,-0.13633235006261368,1.0671874518563818,1.416036010040315,-0.6764373579911961,-0.2528779273230124,1.3864902327515567,0.7124389429934609,-0.9134811966593819,0.3126317086033736,-1.9008880944614903,-2.1061867267013232,1.5131046708525724,-2.3973883765155226,-2.3075623322269703,-1.0309901352510602,-1.3807585547892005,-0.7927658302926817,1.8324112437069218,-2.0212897106163914,0.331815038322927,-0.736575562543405,1.6872952076183398,0.03438295917628417,0.5946222219955912,0.11178981004178723,0.692489770862007,-0.09038918989431771,-0.606886238434369,-0.46209764504059364,-0.42221745297613755,0.5063538220682972,1.5681129390097743,0.013499993124852089,0.34068565460125017,-0.8915367697414908,0.1786107731238437,-1.2846452336563858,0.5293864074800793,-2.5468149827751407,-0.7824093689987637,0.8329464259317579,1.7082185787293795,-2.476167995979677,1.041681924654354,0.08063287253346466,-2.0299094422822788,-0.939714893149719,-0.18914089737186826,0.9099712287743175,2.1049416198062456,0.5903387781059164,0.18602790852412465,0.0854971117344111,0.12282087252184085,1.7418879508129845,3.3859857531984097,1.6983552639033075,-0.10154510393714372,-3.3244806189269824,0.7687531498359867,-1.6848216935513642,1.143928385066737,0.3263817179705776,-0.9152986357626633,0.5772500589811952,2.931823907634211,-1.7857715708612139,-1.1335627355323095,-2.2465359582079905,-1.2191013640188155,1.5003515610029745,2.584722186912842,0.3017153957988893,-0.8587770921200077,-0.7945476213599855,0.39132328602899025,-0.5205334053213101,-2.159059439545565,-2.2765947275779777,1.2067226317256237,-0.5804265724323426,-0.33935830296672576,-1.7946001234243,0.0030900835754571615,-0.026472235899217628,-0.2821399339197717,-0.6410193333275724,1.3417567746953152,-0.9309624072823499,-1.6260781611314261,-0.6820815803750979,-1.7174767748909223,0.06401366616456539,-1.1495324016863508,-0.9163725745183509,0.9392985001092633,-3.9513778266017074,-2.8201124160381625,0.23506350229761397,1.1387226370327865,-3.1016708053935154,3.298505927969922,0.7766160888724718,0.10264872521571566,-0.20715516305068077,-1.273809416597154,-0.6002019478551751,1.4031579019546652,1.9029536816220445,-1.6360852959255465,-0.376977191392729,-0.5109650585774372,0.17302844324286124,-2.2171353285480344,0.7725678136485881,-0.33906538130969455,0.39022272738644076,1.4188424724732354,0.127492568140596,-0.5553945032705838,-1.945879927611846,-0.27144054610888757,0.5726981221854851,-1.30328968050792,-0.23133929678812926,-1.2075304087812415,-0.4070849449662902,0.6211555251563001,0.9006091058868869,0.371954948120803,2.9572989873489886,0.2463547675475711,0.36937298007688835,-1.4189899371993233,-0.007316571290008678,-0.015807857067996922,0.1535014596130742,-0.08618296526915417,-2.404695951179009,-1.9490406263211573,-0.8489746980400449,-1.625848979449617;3.4808065776743202,0.8723372919804471,-0.4293885430846588,1.6128651979442328,0.8318245037690412,-1.2453068219403038,2.0560628672339445,-0.4866284179142582,-0.7133791044129464,0.8010172661180419,1.4424108573847378,-0.6103551075070955,-0.33607871592092176,-0.5521695245585503,-2.7977532815928297,-0.9489672034263006,-2.1090291179007346,1.3862290758476772,1.532797521543101,0.12739393906015883,-1.3017290374098225,0.9413449165405718,2.1919640940881613,-0.9988376871432829,-0.9115548171311805,-0.8819451844821791,-0.8948716360537634,0.7359859480473583,-1.5282052389177028,-2.116501696541168,-0.10224040750268937,0.09096539428520323,-1.9511964654913818,0.9063667163114919,-0.3830722727934296,0.39087216407308617,-0.09551086209198983,0.07690072671678563,-2.144346315606136,0.7592810526736657,0.29987936221110745,0.6841510046985967,0.9757755996708546,-1.7063235568486457,-1.3183123260116705,0.2633782406049863,0.7085895783107468,0.5707101606332952,-0.28681229405074504,-1.1778461179397661,0.4937736947171985,0.9726388243685711,-1.0831866479660615,-0.2841487424073051,-1.7310396008811508,0.5148383782141979,2.1244127611160812,0.8191727403948448,-2.0575899096911034,1.652299783069465,-0.1742536578452664,-1.397142366975874,0.4386134895796823,0.5543735539674428,0.9206246507358162,1.739202297871384,1.984850583755654,-0.8791051450211873,-1.1353619629367668,-0.9865315127971894,0.4147591393272914,2.5052064922767885,0.9333584837796104,0.14839077568167225,-3.665872786919659,1.1595270831190352,-1.8995521773218804,1.6791254526106865,0.8369622308569841,-0.2787848019463761,-0.35232972795107964,1.5303121657301522,-1.0852627657914886,-1.097556802939968,-2.2410361277878104,0.30309142568239106,1.766974713357016,1.4101536994115342,1.6901863993420951,-1.66844628371785,-3.1185637045974692,-0.07150675433025971,-0.29102217953127785,-2.468022185728434,-2.209678430291211,0.5595790499900356,-0.4106524460931102,-1.1650189015083812,-2.414348030627518,0.48596529667899124,-1.7389824383905492,-0.130119524374894,-0.673523220388486,1.036760224464647,-1.5078116966889867,-2.38030231596883,1.7315177337150025,-0.4158392307493001,1.197024085641991,-2.6359819441903043,-1.5029172256508878,-0.62341844668839,-1.7763310825202934,-2.1838903735046222,2.5438394435997687,-1.115223010031041,-1.6939649215478008,3.106131119206164,0.5461515206340716,0.8305627840175557,-0.2820627484522819,1.4527155113088093,1.8397980495908186,-0.79069820211579,1.3183284360356766,-2.0791958202943137,-0.05596644222363596,-0.5543298899183197,0.5039581261403177,-2.12557653857707,-0.5140396887876956,-1.2005417486665866,0.6160799490103331,0.8500832562407705,-1.7105345194567676,-0.573799697463271,-0.45887724737028646,-0.42630540311469145,0.28243380563304055,-0.33833115597464386,-0.5953100586126833,-1.874630652437709,-1.5670740907654928,0.6620831833619711,0.7959972645297522,-0.66012443648237,3.3983162667910882,-0.5593194951991675,-0.049495828510796855,-1.815687655577179,0.04898795334449846,-1.9244571187924735,2.342469956025628,-0.5267219926347473,-0.8791652150709732,-0.7788196078283778,-0.690777679366964,-0.6739376972334357
3;145;78022.32098913193;3877;5342;0.047412;0.372919;0.053087/0.048803/0.04952/0.077804/0.067019/0.051518/0.136727/0.09831/0.049126/0.104357/0.049769/0.055292/0.058825/0.049707/0.133584/0.051755/0.0732/0.081623/0.098791/0.060243/0.090501/0.134462/0.054506/0.081956/0.05097/0.051158/0.082967/0.075432/0.056304/0.060286/0.12735/0.051746/0.076651/0.058613/0.123068/0.051019/0.065789/0.099093/0.144366/0.04891/0.085497/0.079944/0.050373/0.075787/0.051132/0.050267/0.047412/0.056818/0.053368/0.074626/0.090025/0.077382/0.102207/0.054012/0.050133/0.050343/0.059555/0.079465/0.049265/0.067338/0.054346/0.050407/0.050025/0.054822/0.050124/0.052844/0.058436/0.157951/0.050179/0.049899/0.054167/0.052779/0.049959/0.075225/0.050228/0.096244/0.052933/0.054969/0.054465/0.050498/0.082714/0.05894/0.052684/0.049546/0.069622/0.052469/0.050586/0.0539/0.051064/0.050064/0.05177/0.049137/0.057647/0.049584/0.048892/0.05161/0.081742/0.133857/0.049327/0.061191;0.165537/0.0/0.0/0.388812/0.383887/0.144088/0.580559/0.652556/0.0/0.431652/0.0/0.294564/0.312924/0.006445/0.441052/0.435754/0.504203/0.408386/0.509912/0.342721/0.60153/0.516988/0.583256/0.422252/0.226153/0.212795/0.506995/0.870447/0.345551/0.37312/0.709778/0.480296/0.431967/0.389558/0.575989/0.394243/0.558212/0.428477/0.423246/4.8e-05/0.41552/0.594109/0.024442/0.545694/0.067263/0.149309/0.372919/0.326847/0.238661/0.411246/0.420492/0.385752/0.514062/0.179173/0.054/0.467062/0.314148/0.393717/0.224576/0.425541/0.385561/0.04874/0.0/0.399206/0.327774/0.206971/0.366273/0.756873/4.8e-05/0.002219/0.290098/0.290012/0.114683/0.395267/0.221573/0.473402/0.323911/0.418178/0.206627/0.160698/0.415396/0.388697/0.416333/0.374898/0.458781/0.18251/0.167373/0.699316/0.161511/0.091188/0.361377/0.305302/0.255749/0.035907/0.0/0.425628/0.44306/0.554243/0.036481/0.015109;0.075432/0.0539/0.051746/0.050343/0.049546/0.047412;0.870447/0.699316/0.480296/0.467062/0.374898/0.372919;3.962348258312918,0.8339885646398719,-1.007793362480925,-0.2184625022447242,1.5379335089084878,-1.2219682106178884,2.086643429391695,0.3990205524591274,0.7373856257481506,1.0031905822232812,-0.9170014086173379,-0.33301527269660747,-0.06658958552078464,-0.7441993918064447,-1.7580419581499847,-1.0709039252833055,-0.13633235006261368,1.0671874518563818,1.416036010040315,-0.6764373579911961,-0.2528779273230124,1.3864902327515567,0.7124389429934609,-0.9134811966593819,0.3126317086033736,-1.9008880944614903,-2.1061867267013232,1.5131046708525724,-2.3973883765155226,-2.3075623322269703,-1.0309901352510602,-1.3807585547892005,-0.7927658302926817,1.8324112437069218,-2.0212897106163914,0.331815038322927,-0.736575562543405,1.6872952076183398,0.03438295917628417,0.5946222219955912,0.11178981004178723,0.692489770862007,-0.09038918989431771,-0.606886238434369,-0.46209764504059364,-0.42221745297613755,0.5063538220682972,1.5681129390097743,0.013499993124852089,0.34068565460125017,-0.8915367697414908,0.1786107731238437,-1.2846452336563858,0.5293864074800793,-2.5468149827751407,-0.7824093689987637,0.8329464259317579,1.7082185787293795,-2.476167995979677,1.041681924654354,0.08063287253346466,-2.0299094422822788,-0.939714893149719,-0.18914089737186826,0.9099712287743175,2.1049416198062456,0.5903387781059164,0.18602790852412465,0.0854971117344111,0.12282087252184085,1.7418879508129845,3.3859857531984097,1.6983552639033075,-0.10154510393714372,-3.3244806189269824,0.7687531498359867,-1.6848216935513642,1.143928385066737,0.3263817179705776,-0.9152986357626633,0.5772500589811952,2.931823907634211,-1.7857715708612139,-1.1335627355323095,-2.2465359582079905,-1.2191013640188155,1.5003515610029745,2.584722186912842,0.3017153957988893,-0.8587770921200077,-0.7945476213599855,0.39132328602899025,-0.5205334053213101,-2.159059439545565,-2.2765947275779777,1.2067226317256237,-0.5804265724323426,-0.33935830296672576,-1.7946001234243,0.0030900835754571615,-0.026472235899217628,-0.2821399339197717,-0.6410193333275724,1.3417567746953152,-0.9309624072823499,-1.6260781611314261,-0.6820815803750979,-1.7174767748909223,0.06401366616456539,-1.1495324016863508,-0.9163725745183509,0.9392985001092633,-3.9513778266017074,-2.8201124160381625,0.23506350229761397,1.1387226370327865,-3.1016708053935154,3.298505927969922,0.7766160888724718,0.10264872521571566,-0.20715516305068077,-1.273809416597154,-0.6002019478551751,1.4031579019546652,1.9029536816220445,-1.6360852959255465,-0.376977191392729,-0.5109650585774372,0.17302844324286124,-2.2171353285480344,0.7725678136485881,-0.33906538130969455,0.39022272738644076,1.4188424724732354,0.127492568140596,-0.5553945032705838,-1.945879927611846,-0.27144054610888757,0.5726981221854851,-1.30328968050792,-0.23133929678812926,-1.2075304087812415,-0.4070849449662902,0.6211555251563001,0.9006091058868869,0.371954948120803,2.9572989873489886,0.2463547675475711,0.36937298007688835,-1.4189899371993233,-0.007316571290008678,-0.015807857067996922,0.1535014596130742,-0.08618296526915417,-2.404695951179009,-1.9490406263211573,-0.8489746980400449,-1.625848979449617;3.4808065776743202,0.8723372919804471,-0.4293885430846588,1.6128651979442328,0.8318245037690412,-1.2453068219403038,2.0560628672339445,-0.4866284179142582,-0.7133791044129464,0.8010172661180419,1.4424108573847378,-0.6103551075070955,-0.33607871592092176,-0.5521695245585503,-2.7977532815928297,-0.9489672034263006,-2.1090291179007346,1.3862290758476772,1.532797521543101,0.12739393906015883,-1.3017290374098225,0.9413449165405718,2.1919640940881613,-0.9988376871432829,-0.9115548171311805,-0.8819451844821791,-0.8948716360537634,0.7359859480473583,-1.5282052389177028,-2.116501696541168,-0.10224040750268937,0.09096539428520323,-1.9511964654913818,0.9063667163114919,-0.3830722727934296,0.39087216407308617,-0.09551086209198983,0.07690072671678563,-2.144346315606136,0.7592810526736657,0.29987936221110745,0.6841510046985967,0.9757755996708546,-1.7063235568486457,-1.3183123260116705,0.2633782406049863,0.7085895783107468,0.5707101606332952,-0.28681229405074504,-1.1778461179397661,0.4937736947171985,0.9726388243685711,-1.0831866479660615,-0.2841487424073051,-1.7310396008811508,0.5148383782141979,2.1244127611160812,0.8191727403948448,-2.0575899096911034,1.652299783069465,-0.1742536578452664,-1.397142366975874,0.4386134895796823,0.5543735539674428,0.9206246507358162,1.739202297871384,1.984850583755654,-0.8791051450211873,-1.1353619629367668,-0.9865315127971894,0.4147591393272914,2.5052064922767885,0.9333584837796104,0.14839077568167225,-3.665872786919659,1.1595270831190352,-1.8995521773218804,1.6791254526106865,0.8369622308569841,-0.2787848019463761,-0.35232972795107964,1.5303121657301522,-1.0852627657914886,-1.097556802939968,-2.2410361277878104,0.30309142568239106,1.766974713357016,1.4101536994115342,1.6901863993420951,-1.66844628371785,-3.1185637045974692,-0.07150675433025971,-0.29102217953127785,-2.468022185728434,-2.209678430291211,0.5595790499900356,-0.4106524460931102,-1.1650189015083812,-2.414348030627518,0.48596529667899124,-1.7389824383905492,-0.130119524374894,-0.673523220388486,1.036760224464647,-1.5078116966889867,-2.38030231596883,1.7315177337150025,-0.4158392307493001,1.197024085641991,-2.6359819441903043,-1.5029172256508878,-0.62341844668839,-1.7763310825202934,-2.1838903735046222,2.5438394435997687,-1.115223010031041,-1.6939649215478008,3.106131119206164,0.5461515206340716,0.8305627840175557,-0.2820627484522819,1.4527155113088093,1.8397980495908186,-0.79069820211579,1.3183284360356766,-2.0791958202943137,-0.05596644222363596,-0.5543298899183197,0.5039581261403177,-2.12557653857707,-0.5140396887876956,-1.2005417486665866,0.6160799490103331,0.8500832562407705,-1.7105345194567676,-0.573799697463271,-0.45887724737028646,-0.42630540311469145,0.28243380563304055,-0.33833115597464386,-0.5953100586126833,-1.874630652437709,-1.5670740907654928,0.6620831833619711,0.7959972645297522,-0.66012443648237,3.3983162667910882,-0.5593194951991675,-0.049495828510796855,-1.815687655577179,0.04898795334449846,-1.9244571187924735,2.342469956025628,-0.5267219926347473,-0.8791652150709732,-0.7788196078283778,-0.690777679366964,-0.6739376972334357
3;146;78578.83239221573;3877;5342;0.047412;0.372919;0.053087/0.048803/0.04952/0.077804/0.067019/0.051518/0.136727/0.09831/0.049126/0.104357/0.049769/0.055292/0.058825/0.049707/0.133584/0.051755/0.0732/0.081623/0.098791/0.060243/0.090501/0.134462/0.054506/0.081956/0.05097/0.051158/0.082967/0.075432/0.056304/0.060286/0.12735/0.051746/0.076651/0.058613/0.123068/0.051019/0.065789/0.04891/0.085497/0.079944/0.050373/0.075787/0.051132/0.050267/0.047412/0.056818/0.053368/0.074626/0.090025/0.077382/0.102207/0.054012/0.050133/0.050343/0.059555/0.079465/0.049265/0.067338/0.054346/0.050407/0.050025/0.054822/0.050124/0.052844/0.058436/0.157951/0.049899/0.054167/0.052779/0.049959/0.075225/0.050228/0.096244/0.052933/0.054969/0.054465/0.050498/0.082714/0.05894/0.052684/0.049546/0.069622/0.052469/0.050586/0.0539/0.051064/0.050064/0.05177/0.049137/0.057647/0.049584/0.048892/0.05161/0.081742/0.133857/0.049327/0.053089/0.0987/0.053093/0.048719;0.165537/0.0/0.0/0.388812/0.383887/0.144088/0.580559/0.652556/0.0/0.431652/0.0/0.294564/0.312924/0.006445/0.441052/0.435754/0.504203/0.408386/0.509912/0.342721/0.60153/0.516988/0.583256/0.422252/0.226153/0.212795/0.506995/0.870447/0.345551/0.37312/0.709778/0.480296/0.431967/0.389558/0.575989/0.394243/0.558212/4.8e-05/0.41552/0.594109/0.024442/0.545694/0.067263/0.149309/0.372919/0.326847/0.238661/0.411246/0.420492/0.385752/0.514062/0.179173/0.054/0.467062/0.314148/0.393717/0.224576/0.425541/0.385561/0.04874/0.0/0.399206/0.327774/0.206971/0.366273/0.756873/0.002219/0.290098/0.290012/0.114683/0.395267/0.221573/0.473402/0.323911/0.418178/0.206627/0.160698/0.415396/0.388697/0.416333/0.374898/0.458781/0.18251/0.167373/0.699316/0.161511/0.091188/0.361377/0.305302/0.255749/0.035907/0.0/0.425628/0.44306/0.554243/0.036481/0.266775/0.447421/0.362859/0.22121;0.075432/0.0539/0.051746/0.050343/0.049546/0.047412;0.870447/0.699316/0.480296/0.467062/0.374898/0.372919;3.962348258312918,0.8339885646398719,-1.007793362480925,-0.2184625022447242,1.5379335089084878,-1.2219682106178884,2.086643429391695,0.3990205524591274,0.7373856257481506,1.0031905822232812,-0.9170014086173379,-0.33301527269660747,-0.06658958552078464,-0.7441993918064447,-1.7580419581499847,-1.0709039252833055,-0.13633235006261368,1.0671874518563818,1.416036010040315,-0.6764373579911961,-0.2528779273230124,1.3864902327515567,0.7124389429934609,-0.9134811966593819,0.3126317086033736,-1.9008880944614903,-2.1061867267013232,1.5131046708525724,-2.3973883765155226,-2.3075623322269703,-1.0309901352510602,-1.3807585547892005,-0.7927658302926817,1.8324112437069218,-2.0212897106163914,0.331815038322927,-0.736575562543405,1.6872952076183398,0.03438295917628417,0.5946222219955912,0.11178981004178723,0.692489770862007,-0.09038918989431771,-0.606886238434369,-0.46209764504059364,-0.42221745297613755,0.5063538220682972,1.5681129390097743,0.013499993124852089,0.34068565460125017,-0.8915367697414908,0.1786107731238437,-1.2846452336563858,0.5293864074800793,-2.5468149827751407,-0.7824093689987637,0.8329464259317579,1.7082185787293795,-2.476167995979677,1.041681924654354,0.08063287253346466,-2.0299094422822788,-0.939714893149719,-0.18914089737186826,0.9099712287743175,2.1049416198062456,0.5903387781059164,0.18602790852412465,0.0854971117344111,0.12282087252184085,1.7418879508129845,3.3859857531984097,1.6983552639033075,-0.10154510393714372,-3.3244806189269824,0.7687531498359867,-1.6848216935513642,1.143928385066737,0.3263817179705776,-0.9152986357626633,0.5772500589811952,2.931823907634211,-1.7857715708612139,-1.1335627355323095,-2.2465359582079905,-1.2191013640188155,1.5003515610029745,2.584722186912842,0.3017153957988893,-0.8587770921200077,-0.7945476213599855,0.39132328602899025,-0.5205334053213101,-2.159059439545565,-2.2765947275779777,1.2067226317256237,-0.5804265724323426,-0.33935830296672576,-1.7946001234243,0.0030900835754571615,-0.026472235899217628,-0.2821399339197717,-0.6410193333275724,1.3417567746953152,-0.9309624072823499,-1.6260781611314261,-0.6820815803750979,-1.7174767748909223,0.06401366616456539,-1.1495324016863508,-0.9163725745183509,0.9392985001092633,-3.9513778266017074,-2.8201124160381625,0.23506350229761397,1.1387226370327865,-3.1016708053935154,3.298505927969922,0.7766160888724718,0.10264872521571566,-0.20715516305068077,-1.273809416597154,-0.6002019478551751,1.4031579019546652,1.9029536816220445,-1.6360852959255465,-0.376977191392729,-0.5109650585774372,0.17302844324286124,-2.2171353285480344,0.7725678136485881,-0.33906538130969455,0.39022272738644076,1.4188424724732354,0.127492568140596,-0.5553945032705838,-1.945879927611846,-0.27144054610888757,0.5726981221854851,-1.30328968050792,-0.23133929678812926,-1.2075304087812415,-0.4070849449662902,0.6211555251563001,0.9006091058868869,0.371954948120803,2.9572989873489886,0.2463547675475711,0.36937298007688835,-1.4189899371993233,-0.007316571290008678,-0.015807857067996922,0.1535014596130742,-0.08618296526915417,-2.404695951179009,-1.9490406263211573,-0.8489746980400449,-1.625848979449617;3.4808065776743202,0.8723372919804471,-0.4293885430846588,1.6128651979442328,0.8318245037690412,-1.2453068219403038,2.0560628672339445,-0.4866284179142582,-0.7133791044129464,0.8010172661180419,1.4424108573847378,-0.6103551075070955,-0.33607871592092176,-0.5521695245585503,-2.7977532815928297,-0.9489672034263006,-2.1090291179007346,1.3862290758476772,1.532797521543101,0.12739393906015883,-1.3017290374098225,0.9413449165405718,2.1919640940881613,-0.9988376871432829,-0.9115548171311805,-0.8819451844821791,-0.8948716360537634,0.7359859480473583,-1.5282052389177028,-2.116501696541168,-0.10224040750268937,0.09096539428520323,-1.9511964654913818,0.9063667163114919,-0.3830722727934296,0.39087216407308617,-0.09551086209198983,0.07690072671678563,-2.144346315606136,0.7592810526736657,0.29987936221110745,0.6841510046985967,0.9757755996708546,-1.7063235568486457,-1.3183123260116705,0.2633782406049863,0.7085895783107468,0.5707101606332952,-0.28681229405074504,-1.1778461179397661,0.4937736947171985,0.9726388243685711,-1.0831866479660615,-0.2841487424073051,-1.7310396008811508,0.5148383782141979,2.1244127611160812,0.8191727403948448,-2.0575899096911034,1.652299783069465,-0.1742536578452664,-1.397142366975874,0.4386134895796823,0.5543735539674428,0.9206246507358162,1.739202297871384,1.984850583755654,-0.8791051450211873,-1.1353619629367668,-0.9865315127971894,0.4147591393272914,2.5052064922767885,0.9333584837796104,0.14839077568167225,-3.665872786919659,1.1595270831190352,-1.8995521773218804,1.6791254526106865,0.8369622308569841,-0.2787848019463761,-0.35232972795107964,1.5303121657301522,-1.0852627657914886,-1.097556802939968,-2.2410361277878104,0.30309142568239106,1.766974713357016,1.4101536994115342,1.6901863993420951,-1.66844628371785,-3.1185637045974692,-0.07150675433025971,-0.29102217953127785,-2.468022185728434,-2.209678430291211,0.5595790499900356,-0.4106524460931102,-1.1650189015083812,-2.414348030627518,0.48596529667899124,-1.7389824383905492,-0.130119524374894,-0.673523220388486,1.036760224464647,-1.5078116966889867,-2.38030231596883,1.7315177337150025,-0.4158392307493001,1.197024085641991,-2.6359819441903043,-1.5029172256508878,-0.62341844668839,-1.7763310825202934,-2.1838903735046222,2.5438394435997687,-1.115223010031041,-1.6939649215478008,3.106131119206164,0.5461515206340716,0.8305627840175557,-0.2820627484522819,1.4527155113088093,1.8397980495908186,-0.79069820211579,1.3183284360356766,-2.0791958202943137,-0.05596644222363596,-0.5543298899183197,0.5039581261403177,-2.12557653857707,-0.5140396887876956,-1.2005417486665866,0.6160799490103331,0.8500832562407705,-1.7105345194567676,-0.573799697463271,-0.45887724737028646,-0.42630540311469145,0.28243380563304055,-0.33833115597464386,-0.5953100586126833,-1.874630652437709,-1.5670740907654928,0.6620831833619711,0.7959972645297522,-0.66012443648237,3.3983162667910882,-0.5593194951991675,-0.049495828510796855,-1.815687655577179,0.04898795334449846,-1.9244571187924735,2.342469956025628,-0.5267219926347473,-0.8791652150709732,-0.7788196078283778,-0.690777679366964,-0.6739376972334357
3;147;79122.95456123352;3877;5342;0.047412;0.372919;0.053087/0.048803/0.04952/0.077804/0.067019/0.051518/0.136727/0.09831/0.049126/0.049769/0.055292/0.058825/0.049707/0.133584/0.051755/0.0732/0.081623/0.098791/0.060243/0.090501/0.134462/0.054506/0.081956/0.05097/0.051158/0.082967/0.075432/0.056304/0.060286/0.12735/0.051746/0.076651/0.058613/0.123068/0.051019/0.065789/0.04891/0.085497/0.079944/0.050373/0.075787/0.051132/0.050267/0.047412/0.056818/0.053368/0.074626/0.090025/0.077382/0.102207/0.054012/0.050133/0.050343/0.059555/0.079465/0.049265/0.067338/0.054346/0.050407/0.050025/0.054822/0.050124/0.052844/0.058436/0.157951/0.049899/0.054167/0.052779/0.049959/0.075225/0.050228/0.096244/0.052933/0.054969/0.054465/0.050498/0.082714/0.05894/0.052684/0.049546/0.069622/0.052469/0.050586/0.0539/0.051064/0.050064/0.05177/0.049137/0.057647/0.049584/0.048892/0.05161/0.081742/0.133857/0.049327/0.053089/0.0987/0.053093/0.048719/0.050074;0.165537/0.0/0.0/0.388812/0.383887/0.144088/0.580559/0.652556/0.0/0.0/0.294564/0.312924/0.006445/0.441052/0.435754/0.504203/0.408386/0.509912/0.342721/0.60153/0.516988/0.583256/0.422252/0.226153/0.212795/0.506995/0.870447/0.345551/0.37312/0.709778/0.480296/0.431967/0.389558/0.575989/0.394243/0.558212/4.8e-05/0.41552/0.594109/0.024442/0.545694/0.067263/0.149309/0.372919/0.326847/0.238661/0.411246/0.420492/0.385752/0.514062/0.179173/0.054/0.467062/0.314148/0.393717/0.224576/0.425541/0.385561/0.04874/0.0/0.399206/0.327774/0.206971/0.366273/0.756873/0.002219/0.290098/0.290012/0.114683/0.395267/0.221573/0.473402/0.323911/0.418178/0.206627/0.160698/0.415396/0.388697/0.416333/0.374898/0.458781/0.18251/0.167373/0.699316/0.161511/0.091188/0.361377/0.305302/0.255749/0.035907/0.0/0.425628/0.44306/0.554243/0.036481/0.266775/0.447421/0.362859/0.22121/0.421497;0.075432/0.0539/0.051746/0.050343/0.050074/0.049546/0.047412;0.870447/0.699316/0.480296/0.467062/0.421497/0.374898/0.372919;3.962348258312918,0.8339885646398719,-1.007793362480925,-0.2184625022447242,1.5379335089084878,-1.2219682106178884,2.086643429391695,0.3990205524591274,0.7373856257481506,1.0031905822232812,-0.9170014086173379,-0.33301527269660747,-0.06658958552078464,-0.7441993918064447,-1.7580419581499847,-1.0709039252833055,-0.13633235006261368,1.0671874518563818,1.416036010040315,-0.6764373579911961,-0.2528779273230124,1.3864902327515567,0.7124389429934609,-0.9134811966593819,0.3126317086033736,-1.9008880944614903,-2.1061867267013232,1.5131046708525724,-2.3973883765155226,-2.3075623322269703,-1.0309901352510602,-1.3807585547892005,-0.7927658302926817,1.8324112437069218,-2.0212897106163914,0.331815038322927,-0.736575562543405,1.6872952076183398,0.03438295917628417,0.5946222219955912,0.11178981004178723,0.692489770862007,-0.09038918989431771,-0.606886238434369,-0.46209764504059364,-0.42221745297613755,0.5063538220682972,1.5681129390097743,0.013499993124852089,0.34068565460125017,-0.8915367697414908,0.1786107731238437,-1.2846452336563858,0.5293864074800793,-2.5468149827751407,-0.7824093689987637,0.8329464259317579,1.7082185787293795,-2.476167995979677,1.041681924654354,0.08063287253346466,-2.0299094422822788,-0.939714893149719,-0.18914089737186826,0.9099712287743175,2.1049416198062456,0.5903387781059164,0.18602790852412465,0.0854971117344111,0.12282087252184085,1.7418879508129845,3.3859857531984097,1.6983552639033075,-0.10154510393714372,-3.3244806189269824,0.7687531498359867,-1.6848216935513642,1.143928385066737,0.3263817179705776,-0.9152986357626633,0.5772500589811952,2.931823907634211,-1.7857715708612139,-1.1335627355323095,-2.2465359582079905,-1.2191013640188155,1.5003515610029745,2.584722186912842,0.3017153957988893,-0.8587770921200077,-0.7945476213599855,0.39132328602899025,-0.5205334053213101,-2.159059439545565,-2.2765947275779777,1.2067226317256237,-0.5804265724323426,-0.33935830296672576,-1.7946001234243,0.0030900835754571615,-0.026472235899217628,-0.2821399339197717,-0.6410193333275724,1.3417567746953152,-0.9309624072823499,-1.6260781611314261,-0.6820815803750979,-1.7174767748909223,0.06401366616456539,-1.1495324016863508,-0.9163725745183509,0.9392985001092633,-3.9513778266017074,-2.8201124160381625,0.23506350229761397,1.1387226370327865,-3.1016708053935154,3.298505927969922,0.7766160888724718,0.10264872521571566,-0.20715516305068077,-1.273809416597154,-0.6002019478551751,1.4031579019546652,1.9029536816220445,-1.6360852959255465,-0.376977191392729,-0.5109650585774372,0.17302844324286124,-2.2171353285480344,0.7725678136485881,-0.33906538130969455,0.39022272738644076,1.4188424724732354,0.127492568140596,-0.5553945032705838,-1.945879927611846,-0.27144054610888757,0.5726981221854851,-1.30328968050792,-0.23133929678812926,-1.2075304087812415,-0.4070849449662902,0.6211555251563001,0.9006091058868869,0.371954948120803,2.9572989873489886,0.2463547675475711,0.36937298007688835,-1.4189899371993233,-0.007316571290008678,-0.015807857067996922,0.1535014596130742,-0.08618296526915417,-2.404695951179009,-1.9490406263211573,-0.8489746980400449,-1.625848979449617;3.4808065776743202,0.8723372919804471,-0.4293885430846588,1.6128651979442328,0.8318245037690412,-1.2453068219403038,2.0560628672339445,-0.4866284179142582,-0.7133791044129464,0.8010172661180419,1.4424108573847378,-0.6103551075070955,-0.33607871592092176,-0.5521695245585503,-2.7977532815928297,-0.9489672034263006,-2.1090291179007346,1.3862290758476772,1.532797521543101,0.12739393906015883,-1.3017290374098225,0.9413449165405718,2.1919640940881613,-0.9988376871432829,-0.9115548171311805,-0.8819451844821791,-0.8948716360537634,0.7359859480473583,-1.5282052389177028,-2.116501696541168,-0.10224040750268937,0.09096539428520323,-1.9511964654913818,0.9063667163114919,-0.3830722727934296,0.39087216407308617,-0.09551086209198983,0.07690072671678563,-2.144346315606136,0.7592810526736657,0.29987936221110745,0.6841510046985967,0.9757755996708546,-1.7063235568486457,-1.3183123260116705,0.2633782406049863,0.7085895783107468,0.5707101606332952,-0.28681229405074504,-1.1778461179397661,0.4937736947171985,0.9726388243685711,-1.0831866479660615,-0.2841487424073051,-1.7310396008811508,0.5148383782141979,2.1244127611160812,0.8191727403948448,-2.0575899096911034,1.652299783069465,-0.1742536578452664,-1.397142366975874,0.4386134895796823,0.5543735539674428,0.9206246507358162,1.739202297871384,1.984850583755654,-0.8791051450211873,-1.1353619629367668,-0.9865315127971894,0.4147591393272914,2.5052064922767885,0.9333584837796104,0.14839077568167225,-3.665872786919659,1.1595270831190352,-1.8995521773218804,1.6791254526106865,0.8369622308569841,-0.2787848019463761,-0.35232972795107964,1.5303121657301522,-1.0852627657914886,-1.097556802939968,-2.2410361277878104,0.30309142568239106,1.766974713357016,1.4101536994115342,1.6901863993420951,-1.66844628371785,-3.1185637045974692,-0.07150675433025971,-0.29102217953127785,-2.468022185728434,-2.209678430291211,0.5595790499900356,-0.4106524460931102,-1.1650189015083812,-2.414348030627518,0.48596529667899124,-1.7389824383905492,-0.130119524374894,-0.673523220388486,1.036760224464647,-1.5078116966889867,-2.38030231596883,1.7315177337150025,-0.4158392307493001,1.197024085641991,-2.6359819441903043,-1.5029172256508878,-0.62341844668839,-1.7763310825202934,-2.1838903735046222,2.5438394435997687,-1.115223010031041,-1.6939649215478008,3.106131119206164,0.5461515206340716,0.8305627840175557,-0.2820627484522819,1.4527155113088093,1.8397980495908186,-0.79069820211579,1.3183284360356766,-2.0791958202943137,-0.05596644222363596,-0.5543298899183197,0.5039581261403177,-2.12557653857707,-0.5140396887876956,-1.2005417486665866,0.6160799490103331,0.8500832562407705,-1.7105345194567676,-0.573799697463271,-0.45887724737028646,-0.42630540311469145,0.28243380563304055,-0.33833115597464386,-0.5953100586126833,-1.874630652437709,-1.5670740907654928,0.6620831833619711,0.7959972645297522,-0.66012443648237,3.3983162667910882,-0.5593194951991675,-0.049495828510796855,-1.815687655577179,0.04898795334449846,-1.9244571187924735,2.342469956025628,-0.5267219926347473,-0.8791652150709732,-0.7788196078283778,-0.690777679366964,-0.6739376972334357
3;148;79665.9167292118;3877;5342;0.047412;0.372919;0.053087/0.048803/0.04952/0.077804/0.067019/0.051518/0.136727/0.09831/0.049126/0.049769/0.055292/0.058825/0.049707/0.051755/0.0732/0.081623/0.098791/0.060243/0.090501/0.134462/0.054506/0.081956/0.05097/0.051158/0.082967/0.075432/0.056304/0.060286/0.12735/0.051746/0.076651/0.058613/0.123068/0.051019/0.065789/0.04891/0.085497/0.079944/0.050373/0.075787/0.051132/0.050267/0.047412/0.056818/0.053368/0.074626/0.090025/0.077382/0.102207/0.050133/0.050343/0.059555/0.079465/0.049265/0.067338/0.054346/0.050407/0.050025/0.054822/0.050124/0.052844/0.058436/0.157951/0.049899/0.054167/0.052779/0.049959/0.075225/0.050228/0.096244/0.052933/0.054969/0.050498/0.082714/0.05894/0.052684/0.049546/0.069622/0.052469/0.050586/0.0539/0.051064/0.050064/0.05177/0.049137/0.057647/0.049584/0.048892/0.05161/0.081742/0.133857/0.049327/0.053089/0.0987/0.053093/0.048719/0.050074/0.052419/0.050674/0.108741;0.165537/0.0/0.0/0.388812/0.383887/0.144088/0.580559/0.652556/0.0/0.0/0.294564/0.312924/0.006445/0.435754/0.504203/0.408386/0.509912/0.342721/0.60153/0.516988/0.583256/0.422252/0.226153/0.212795/0.506995/0.870447/0.345551/0.37312/0.709778/0.480296/0.431967/0.389558/0.575989/0.394243/0.558212/4.8e-05/0.41552/0.594109/0.024442/0.545694/0.067263/0.149309/0.372919/0.326847/0.238661/0.411246/0.420492/0.385752/0.514062/0.054/0.467062/0.314148/0.393717/0.224576/0.425541/0.385561/0.04874/0.0/0.399206/0.327774/0.206971/0.366273/0.756873/0.002219/0.290098/0.290012/0.114683/0.395267/0.221573/0.473402/0.323911/0.418178/0.160698/0.415396/0.388697/0.416333/0.374898/0.458781/0.18251/0.167373/0.699316/0.161511/0.091188/0.361377/0.305302/0.255749/0.035907/0.0/0.425628/0.44306/0.554243/0.036481/0.266775/0.447421/0.362859/0.22121/0.421497/0.31431/0.3246/0.512082;0.075432/0.0539/0.051746/0.050343/0.050074/0.049546/0.047412;0.870447/0.699316/0.480296/0.467062/0.421497/0.374898/0.372919;3.962348258312918,0.8339885646398719,-1.007793362480925,-0.2184625022447242,1.5379335089084878,-1.2219682106178884,2.086643429391695,0.3990205524591274,0.7373856257481506,1.0031905822232812,-0.9170014086173379,-0.33301527269660747,-0.06658958552078464,-0.7441993918064447,-1.7580419581499847,-1.0709039252833055,-0.13633235006261368,1.0671874518563818,1.416036010040315,-0.6764373579911961,-0.2528779273230124,1.3864902327515567,0.7124389429934609,-0.9134811966593819,0.3126317086033736,-1.9008880944614903,-2.1061867267013232,1.5131046708525724,-2.3973883765155226,-2.3075623322269703,-1.0309901352510602,-1.3807585547892005,-0.7927658302926817,1.8324112437069218,-2.0212897106163914,0.331815038322927,-0.736575562543405,1.6872952076183398,0.03438295917628417,0.5946222219955912,0.11178981004178723,0.692489770862007,-0.09038918989431771,-0.606886238434369,-0.46209764504059364,-0.42221745297613755,0.5063538220682972,1.5681129390097743,0.013499993124852089,0.34068565460125017,-0.8915367697414908,0.1786107731238437,-1.2846452336563858,0.5293864074800793,-2.5468149827751407,-0.7824093689987637,0.8329464259317579,1.7082185787293795,-2.476167995979677,1.041681924654354,0.08063287253346466,-2.0299094422822788,-0.939714893149719,-0.18914089737186826,0.9099712287743175,2.1049416198062456,0.5903387781059164,0.18602790852412465,0.0854971117344111,0.12282087252184085,1.7418879508129845,3.3859857531984097,1.6983552639033075,-0.10154510393714372,-3.3244806189269824,0.7687531498359867,-1.6848216935513642,1.143928385066737,0.3263817179705776,-0.9152986357626633,0.5772500589811952,2.931823907634211,-1.7857715708612139,-1.1335627355323095,-2.2465359582079905,-1.2191013640188155,1.5003515610029745,2.584722186912842,0.3017153957988893,-0.8587770921200077,-0.7945476213599855,0.39132328602899025,-0.5205334053213101,-2.159059439545565,-2.2765947275779777,1.2067226317256237,-0.5804265724323426,-0.33935830296672576,-1.7946001234243,0.0030900835754571615,-0.026472235899217628,-0.2821399339197717,-0.6410193333275724,1.3417567746953152,-0.9309624072823499,-1.6260781611314261,-0.6820815803750979,-1.7174767748909223,0.06401366616456539,-1.1495324016863508,-0.9163725745183509,0.9392985001092633,-3.9513778266017074,-2.8201124160381625,0.23506350229761397,1.1387226370327865,-3.1016708053935154,3.298505927969922,0.7766160888724718,0.10264872521571566,-0.20715516305068077,-1.273809416597154,-0.6002019478551751,1.4031579019546652,1.9029536816220445,-1.6360852959255465,-0.376977191392729,-0.5109650585774372,0.17302844324286124,-2.2171353285480344,0.7725678136485881,-0.33906538130969455,0.39022272738644076,1.4188424724732354,0.127492568140596,-0.5553945032705838,-1.945879927611846,-0.27144054610888757,0.5726981221854851,-1.30328968050792,-0.23133929678812926,-1.2075304087812415,-0.4070849449662902,0.6211555251563001,0.9006091058868869,0.371954948120803,2.9572989873489886,0.2463547675475711,0.36937298007688835,-1.4189899371993233,-0.007316571290008678,-0.015807857067996922,0.1535014596130742,-0.08618296526915417,-2.404695951179009,-1.9490406263211573,-0.8489746980400449,-1.625848979449617;3.4808065776743202,0.8723372919804471,-0.4293885430846588,1.6128651979442328,0.8318245037690412,-1.2453068219403038,2.0560628672339445,-0.4866284179142582,-0.7133791044129464,0.8010172661180419,1.4424108573847378,-0.6103551075070955,-0.33607871592092176,-0.5521695245585503,-2.7977532815928297,-0.9489672034263006,-2.1090291179007346,1.3862290758476772,1.532797521543101,0.12739393906015883,-1.3017290374098225,0.9413449165405718,2.1919640940881613,-0.9988376871432829,-0.9115548171311805,-0.8819451844821791,-0.8948716360537634,0.7359859480473583,-1.5282052389177028,-2.116501696541168,-0.10224040750268937,0.09096539428520323,-1.9511964654913818,0.9063667163114919,-0.3830722727934296,0.39087216407308617,-0.09551086209198983,0.07690072671678563,-2.144346315606136,0.7592810526736657,0.29987936221110745,0.6841510046985967,0.9757755996708546,-1.7063235568486457,-1.3183123260116705,0.2633782406049863,0.7085895783107468,0.5707101606332952,-0.28681229405074504,-1.1778461179397661,0.4937736947171985,0.9726388243685711,-1.0831866479660615,-0.2841487424073051,-1.7310396008811508,0.5148383782141979,2.1244127611160812,0.8191727403948448,-2.0575899096911034,1.652299783069465,-0.1742536578452664,-1.397142366975874,0.4386134895796823,0.5543735539674428,0.9206246507358162,1.739202297871384,1.984850583755654,-0.8791051450211873,-1.1353619629367668,-0.9865315127971894,0.4147591393272914,2.5052064922767885,0.9333584837796104,0.14839077568167225,-3.665872786919659,1.1595270831190352,-1.8995521773218804,1.6791254526106865,0.8369622308569841,-0.2787848019463761,-0.35232972795107964,1.5303121657301522,-1.0852627657914886,-1.097556802939968,-2.2410361277878104,0.30309142568239106,1.766974713357016,1.4101536994115342,1.6901863993420951,-1.66844628371785,-3.1185637045974692,-0.07150675433025971,-0.29102217953127785,-2.468022185728434,-2.209678430291211,0.5595790499900356,-0.4106524460931102,-1.1650189015083812,-2.414348030627518,0.48596529667899124,-1.7389824383905492,-0.130119524374894,-0.673523220388486,1.036760224464647,-1.5078116966889867,-2.38030231596883,1.7315177337150025,-0.4158392307493001,1.197024085641991,-2.6359819441903043,-1.5029172256508878,-0.62341844668839,-1.7763310825202934,-2.1838903735046222,2.5438394435997687,-1.115223010031041,-1.6939649215478008,3.106131119206164,0.5461515206340716,0.8305627840175557,-0.2820627484522819,1.4527155113088093,1.8397980495908186,-0.79069820211579,1.3183284360356766,-2.0791958202943137,-0.05596644222363596,-0.5543298899183197,0.5039581261403177,-2.12557653857707,-0.5140396887876956,-1.2005417486665866,0.6160799490103331,0.8500832562407705,-1.7105345194567676,-0.573799697463271,-0.45887724737028646,-0.42630540311469145,0.28243380563304055,-0.33833115597464386,-0.5953100586126833,-1.874630652437709,-1.5670740907654928,0.6620831833619711,0.7959972645297522,-0.66012443648237,3.3983162667910882,-0.5593194951991675,-0.049495828510796855,-1.815687655577179,0.04898795334449846,-1.9244571187924735,2.342469956025628,-0.5267219926347473,-0.8791652150709732,-0.7788196078283778,-0.690777679366964,-0.6739376972334357
3;149;80200.71695566177;3877;5342;0.047412;0.372919;0.053087/0.048803/0.04952/0.077804/0.067019/0.051518/0.136727/0.09831/0.049126/0.049769/0.055292/0.058825/0.049707/0.051755/0.0732/0.081623/0.098791/0.060243/0.090501/0.134462/0.054506/0.081956/0.05097/0.051158/0.082967/0.075432/0.056304/0.060286/0.12735/0.051746/0.076651/0.058613/0.123068/0.051019/0.065789/0.04891/0.085497/0.079944/0.050373/0.075787/0.051132/0.050267/0.047412/0.056818/0.053368/0.074626/0.090025/0.077382/0.102207/0.050133/0.050343/0.059555/0.079465/0.049265/0.067338/0.054346/0.050407/0.054822/0.050124/0.052844/0.058436/0.157951/0.049899/0.054167/0.052779/0.049959/0.075225/0.050228/0.096244/0.052933/0.054969/0.050498/0.082714/0.05894/0.052684/0.049546/0.069622/0.052469/0.050586/0.0539/0.051064/0.050064/0.05177/0.049137/0.057647/0.049584/0.048892/0.05161/0.081742/0.133857/0.049327/0.053089/0.0987/0.053093/0.048719/0.050074/0.052419/0.050674/0.108741/0.087798;0.165537/0.0/0.0/0.388812/0.383887/0.144088/0.580559/0.652556/0.0/0.0/0.294564/0.312924/0.006445/0.435754/0.504203/0.408386/0.509912/0.342721/0.60153/0.516988/0.583256/0.422252/0.226153/0.212795/0.506995/0.870447/0.345551/0.37312/0.709778/0.480296/0.431967/0.389558/0.575989/0.394243/0.558212/4.8e-05/0.41552/0.594109/0.024442/0.545694/0.067263/0.149309/0.372919/0.326847/0.238661/0.411246/0.420492/0.385752/0.514062/0.054/0.467062/0.314148/0.393717/0.224576/0.425541/0.385561/0.04874/0.399206/0.327774/0.206971/0.366273/0.756873/0.002219/0.290098/0.290012/0.114683/0.395267/0.221573/0.473402/0.323911/0.418178/0.160698/0.415396/0.388697/0.416333/0.374898/0.458781/0.18251/0.167373/0.699316/0.161511/0.091188/0.361377/0.305302/0.255749/0.035907/0.0/0.425628/0.44306/0.554243/0.036481/0.266775/0.447421/0.362859/0.22121/0.421497/0.31431/0.3246/0.512082/0.51934;0.075432/0.0539/0.051746/0.050343/0.050074/0.049546/0.047412;0.870447/0.699316/0.480296/0.467062/0.421497/0.374898/0.372919;3.962348258312918,0.8339885646398719,-1.007793362480925,-0.2184625022447242,1.5379335089084878,-1.2219682106178884,2.086643429391695,0.3990205524591274,0.7373856257481506,1.0031905822232812,-0.9170014086173379,-0.33301527269660747,-0.06658958552078464,-0.7441993918064447,-1.7580419581499847,-1.0709039252833055,-0.13633235006261368,1.0671874518563818,1.416036010040315,-0.6764373579911961,-0.2528779273230124,1.3864902327515567,0.7124389429934609,-0.9134811966593819,0.3126317086033736,-1.9008880944614903,-2.1061867267013232,1.5131046708525724,-2.3973883765155226,-2.3075623322269703,-1.0309901352510602,-1.3807585547892005,-0.7927658302926817,1.8324112437069218,-2.0212897106163914,0.331815038322927,-0.736575562543405,1.6872952076183398,0.03438295917628417,0.5946222219955912,0.11178981004178723,0.692489770862007,-0.09038918989431771,-0.606886238434369,-0.46209764504059364,-0.42221745297613755,0.5063538220682972,1.5681129390097743,0.013499993124852089,0.34068565460125017,-0.8915367697414908,0.1786107731238437,-1.2846452336563858,0.5293864074800793,-2.5468149827751407,-0.7824093689987637,0.8329464259317579,1.7082185787293795,-2.476167995979677,1.041681924654354,0.08063287253346466,-2.0299094422822788,-0.939714893149719,-0.18914089737186826,0.9099712287743175,2.1049416198062456,0.5903387781059164,0.18602790852412465,0.0854971117344111,0.12282087252184085,1.7418879508129845,3.3859857531984097,1.6983552639033075,-0.10154510393714372,-3.3244806189269824,0.7687531498359867,-1.6848216935513642,1.143928385066737,0.3263817179705776,-0.9152986357626633,0.5772500589811952,2.931823907634211,-1.7857715708612139,-1.1335627355323095,-2.2465359582079905,-1.2191013640188155,1.5003515610029745,2.584722186912842,0.3017153957988893,-0.8587770921200077,-0.7945476213599855,0.39132328602899025,-0.5205334053213101,-2.159059439545565,-2.2765947275779777,1.2067226317256237,-0.5804265724323426,-0.33935830296672576,-1.7946001234243,0.0030900835754571615,-0.026472235899217628,-0.2821399339197717,-0.6410193333275724,1.3417567746953152,-0.9309624072823499,-1.6260781611314261,-0.6820815803750979,-1.7174767748909223,0.06401366616456539,-1.1495324016863508,-0.9163725745183509,0.9392985001092633,-3.9513778266017074,-2.8201124160381625,0.23506350229761397,1.1387226370327865,-3.1016708053935154,3.298505927969922,0.7766160888724718,0.10264872521571566,-0.20715516305068077,-1.273809416597154,-0.6002019478551751,1.4031579019546652,1.9029536816220445,-1.6360852959255465,-0.376977191392729,-0.5109650585774372,0.17302844324286124,-2.2171353285480344,0.7725678136485881,-0.33906538130969455,0.39022272738644076,1.4188424724732354,0.127492568140596,-0.5553945032705838,-1.945879927611846,-0.27144054610888757,0.5726981221854851,-1.30328968050792,-0.23133929678812926,-1.2075304087812415,-0.4070849449662902,0.6211555251563001,0.9006091058868869,0.371954948120803,2.9572989873489886,0.2463547675475711,0.36937298007688835,-1.4189899371993233,-0.007316571290008678,-0.015807857067996922,0.1535014596130742,-0.08618296526915417,-2.404695951179009,-1.9490406263211573,-0.8489746980400449,-1.625848979449617;3.4808065776743202,0.8723372919804471,-0.4293885430846588,1.6128651979442328,0.8318245037690412,-1.2453068219403038,2.0560628672339445,-0.4866284179142582,-0.7133791044129464,0.8010172661180419,1.4424108573847378,-0.6103551075070955,-0.33607871592092176,-0.5521695245585503,-2.7977532815928297,-0.9489672034263006,-2.1090291179007346,1.3862290758476772,1.532797521543101,0.12739393906015883,-1.3017290374098225,0.9413449165405718,2.1919640940881613,-0.9988376871432829,-0.9115548171311805,-0.8819451844821791,-0.8948716360537634,0.7359859480473583,-1.5282052389177028,-2.116501696541168,-0.10224040750268937,0.09096539428520323,-1.9511964654913818,0.9063667163114919,-0.3830722727934296,0.39087216407308617,-0.09551086209198983,0.07690072671678563,-2.144346315606136,0.7592810526736657,0.29987936221110745,0.6841510046985967,0.9757755996708546,-1.7063235568486457,-1.3183123260116705,0.2633782406049863,0.7085895783107468,0.5707101606332952,-0.28681229405074504,-1.1778461179397661,0.4937736947171985,0.9726388243685711,-1.0831866479660615,-0.2841487424073051,-1.7310396008811508,0.5148383782141979,2.1244127611160812,0.8191727403948448,-2.0575899096911034,1.652299783069465,-0.1742536578452664,-1.397142366975874,0.4386134895796823,0.5543735539674428,0.9206246507358162,1.739202297871384,1.984850583755654,-0.8791051450211873,-1.1353619629367668,-0.9865315127971894,0.4147591393272914,2.5052064922767885,0.9333584837796104,0.14839077568167225,-3.665872786919659,1.1595270831190352,-1.8995521773218804,1.6791254526106865,0.8369622308569841,-0.2787848019463761,-0.35232972795107964,1.5303121657301522,-1.0852627657914886,-1.097556802939968,-2.2410361277878104,0.30309142568239106,1.766974713357016,1.4101536994115342,1.6901863993420951,-1.66844628371785,-3.1185637045974692,-0.07150675433025971,-0.29102217953127785,-2.468022185728434,-2.209678430291211,0.5595790499900356,-0.4106524460931102,-1.1650189015083812,-2.414348030627518,0.48596529667899124,-1.7389824383905492,-0.130119524374894,-0.673523220388486,1.036760224464647,-1.5078116966889867,-2.38030231596883,1.7315177337150025,-0.4158392307493001,1.197024085641991,-2.6359819441903043,-1.5029172256508878,-0.62341844668839,-1.7763310825202934,-2.1838903735046222,2.5438394435997687,-1.115223010031041,-1.6939649215478008,3.106131119206164,0.5461515206340716,0.8305627840175557,-0.2820627484522819,1.4527155113088093,1.8397980495908186,-0.79069820211579,1.3183284360356766,-2.0791958202943137,-0.05596644222363596,-0.5543298899183197,0.5039581261403177,-2.12557653857707,-0.5140396887876956,-1.2005417486665866,0.6160799490103331,0.8500832562407705,-1.7105345194567676,-0.573799697463271,-0.45887724737028646,-0.42630540311469145,0.28243380563304055,-0.33833115597464386,-0.5953100586126833,-1.874630652437709,-1.5670740907654928,0.6620831833619711,0.7959972645297522,-0.66012443648237,3.3983162667910882,-0.5593194951991675,-0.049495828510796855,-1.815687655577179,0.04898795334449846,-1.9244571187924735,2.342469956025628,-0.5267219926347473,-0.8791652150709732,-0.7788196078283778,-0.690777679366964,-0.6739376972334357
3;150;80750.0067615509;3877;5342;0.047412;0.372919;0.053087/0.048803/0.04952/0.077804/0.067019/0.051518/0.136727/0.09831/0.049126/0.049769/0.055292/0.058825/0.049707/0.051755/0.0732/0.081623/0.098791/0.060243/0.090501/0.134462/0.054506/0.081956/0.05097/0.051158/0.082967/0.075432/0.056304/0.060286/0.12735/0.051746/0.076651/0.058613/0.123068/0.051019/0.065789/0.04891/0.085497/0.079944/0.050373/0.075787/0.051132/0.050267/0.047412/0.056818/0.053368/0.074626/0.090025/0.102207/0.050133/0.050343/0.059555/0.049265/0.067338/0.054346/0.050407/0.054822/0.050124/0.052844/0.058436/0.157951/0.049899/0.054167/0.052779/0.049959/0.075225/0.050228/0.096244/0.052933/0.054969/0.050498/0.082714/0.05894/0.052684/0.049546/0.069622/0.052469/0.050586/0.0539/0.051064/0.050064/0.05177/0.049137/0.057647/0.049584/0.048892/0.05161/0.081742/0.133857/0.049327/0.053089/0.0987/0.053093/0.048719/0.050074/0.052419/0.050674/0.108741/0.087798/0.073784/0.050755;0.165537/0.0/0.0/0.388812/0.383887/0.144088/0.580559/0.652556/0.0/0.0/0.294564/0.312924/0.006445/0.435754/0.504203/0.408386/0.509912/0.342721/0.60153/0.516988/0.583256/0.422252/0.226153/0.212795/0.506995/0.870447/0.345551/0.37312/0.709778/0.480296/0.431967/0.389558/0.575989/0.394243/0.558212/4.8e-05/0.41552/0.594109/0.024442/0.545694/0.067263/0.149309/0.372919/0.326847/0.238661/0.411246/0.420492/0.514062/0.054/0.467062/0.314148/0.224576/0.425541/0.385561/0.04874/0.399206/0.327774/0.206971/0.366273/0.756873/0.002219/0.290098/0.290012/0.114683/0.395267/0.221573/0.473402/0.323911/0.418178/0.160698/0.415396/0.388697/0.416333/0.374898/0.458781/0.18251/0.167373/0.699316/0.161511/0.091188/0.361377/0.305302/0.255749/0.035907/0.0/0.425628/0.44306/0.554243/0.036481/0.266775/0.447421/0.362859/0.22121/0.421497/0.31431/0.3246/0.512082/0.51934/0.444188/0.0;0.075432/0.0539/0.051746/0.050343/0.050074/0.049546/0.047412;0.870447/0.699316/0.480296/0.467062/0.421497/0.374898/0.372919;3.962348258312918,0.8339885646398719,-1.007793362480925,-0.2184625022447242,1.5379335089084878,-1.2219682106178884,2.086643429391695,0.3990205524591274,0.7373856257481506,1.0031905822232812,-0.9170014086173379,-0.33301527269660747,-0.06658958552078464,-0.7441993918064447,-1.7580419581499847,-1.0709039252833055,-0.13633235006261368,1.0671874518563818,1.416036010040315,-0.6764373579911961,-0.2528779273230124,1.3864902327515567,0.7124389429934609,-0.9134811966593819,0.3126317086033736,-1.9008880944614903,-2.1061867267013232,1.5131046708525724,-2.3973883765155226,-2.3075623322269703,-1.0309901352510602,-1.3807585547892005,-0.7927658302926817,1.8324112437069218,-2.0212897106163914,0.331815038322927,-0.736575562543405,1.6872952076183398,0.03438295917628417,0.5946222219955912,0.11178981004178723,0.692489770862007,-0.09038918989431771,-0.606886238434369,-0.46209764504059364,-0.42221745297613755,0.5063538220682972,1.5681129390097743,0.013499993124852089,0.34068565460125017,-0.8915367697414908,0.1786107731238437,-1.2846452336563858,0.5293864074800793,-2.5468149827751407,-0.7824093689987637,0.8329464259317579,1.7082185787293795,-2.476167995979677,1.041681924654354,0.08063287253346466,-2.0299094422822788,-0.939714893149719,-0.18914089737186826,0.9099712287743175,2.1049416198062456,0.5903387781059164,0.18602790852412465,0.0854971117344111,0.12282087252184085,1.7418879508129845,3.3859857531984097,1.6983552639033075,-0.10154510393714372,-3.3244806189269824,0.7687531498359867,-1.6848216935513642,1.143928385066737,0.3263817179705776,-0.9152986357626633,0.5772500589811952,2.931823907634211,-1.7857715708612139,-1.1335627355323095,-2.2465359582079905,-1.2191013640188155,1.5003515610029745,2.584722186912842,0.3017153957988893,-0.8587770921200077,-0.7945476213599855,0.39132328602899025,-0.5205334053213101,-2.159059439545565,-2.2765947275779777,1.2067226317256237,-0.5804265724323426,-0.33935830296672576,-1.7946001234243,0.0030900835754571615,-0.026472235899217628,-0.2821399339197717,-0.6410193333275724,1.3417567746953152,-0.9309624072823499,-1.6260781611314261,-0.6820815803750979,-1.7174767748909223,0.06401366616456539,-1.1495324016863508,-0.9163725745183509,0.9392985001092633,-3.9513778266017074,-2.8201124160381625,0.23506350229761397,1.1387226370327865,-3.1016708053935154,3.298505927969922,0.7766160888724718,0.10264872521571566,-0.20715516305068077,-1.273809416597154,-0.6002019478551751,1.4031579019546652,1.9029536816220445,-1.6360852959255465,-0.376977191392729,-0.5109650585774372,0.17302844324286124,-2.2171353285480344,0.7725678136485881,-0.33906538130969455,0.39022272738644076,1.4188424724732354,0.127492568140596,-0.5553945032705838,-1.945879927611846,-0.27144054610888757,0.5726981221854851,-1.30328968050792,-0.23133929678812926,-1.2075304087812415,-0.4070849449662902,0.6211555251563001,0.9006091058868869,0.371954948120803,2.9572989873489886,0.2463547675475711,0.36937298007688835,-1.4189899371993233,-0.007316571290008678,-0.015807857067996922,0.1535014596130742,-0.08618296526915417,-2.404695951179009,-1.9490406263211573,-0.8489746980400449,-1.625848979449617;3.4808065776743202,0.8723372919804471,-0.4293885430846588,1.6128651979442328,0.8318245037690412,-1.2453068219403038,2.0560628672339445,-0.4866284179142582,-0.7133791044129464,0.8010172661180419,1.4424108573847378,-0.6103551075070955,-0.33607871592092176,-0.5521695245585503,-2.7977532815928297,-0.9489672034263006,-2.1090291179007346,1.3862290758476772,1.532797521543101,0.12739393906015883,-1.3017290374098225,0.9413449165405718,2.1919640940881613,-0.9988376871432829,-0.9115548171311805,-0.8819451844821791,-0.8948716360537634,0.7359859480473583,-1.5282052389177028,-2.116501696541168,-0.10224040750268937,0.09096539428520323,-1.9511964654913818,0.9063667163114919,-0.3830722727934296,0.39087216407308617,-0.09551086209198983,0.07690072671678563,-2.144346315606136,0.7592810526736657,0.29987936221110745,0.6841510046985967,0.9757755996708546,-1.7063235568486457,-1.3183123260116705,0.2633782406049863,0.7085895783107468,0.5707101606332952,-0.28681229405074504,-1.1778461179397661,0.4937736947171985,0.9726388243685711,-1.0831866479660615,-0.2841487424073051,-1.7310396008811508,0.5148383782141979,2.1244127611160812,0.8191727403948448,-2.0575899096911034,1.652299783069465,-0.1742536578452664,-1.397142366975874,0.4386134895796823,0.5543735539674428,0.9206246507358162,1.739202297871384,1.984850583755654,-0.8791051450211873,-1.1353619629367668,-0.9865315127971894,0.4147591393272914,2.5052064922767885,0.9333584837796104,0.14839077568167225,-3.665872786919659,1.1595270831190352,-1.8995521773218804,1.6791254526106865,0.8369622308569841,-0.2787848019463761,-0.35232972795107964,1.5303121657301522,-1.0852627657914886,-1.097556802939968,-2.2410361277878104,0.30309142568239106,1.766974713357016,1.4101536994115342,1.6901863993420951,-1.66844628371785,-3.1185637045974692,-0.07150675433025971,-0.29102217953127785,-2.468022185728434,-2.209678430291211,0.5595790499900356,-0.4106524460931102,-1.1650189015083812,-2.414348030627518,0.48596529667899124,-1.7389824383905492,-0.130119524374894,-0.673523220388486,1.036760224464647,-1.5078116966889867,-2.38030231596883,1.7315177337150025,-0.4158392307493001,1.197024085641991,-2.6359819441903043,-1.5029172256508878,-0.62341844668839,-1.7763310825202934,-2.1838903735046222,2.5438394435997687,-1.115223010031041,-1.6939649215478008,3.106131119206164,0.5461515206340716,0.8305627840175557,-0.2820627484522819,1.4527155113088093,1.8397980495908186,-0.79069820211579,1.3183284360356766,-2.0791958202943137,-0.05596644222363596,-0.5543298899183197,0.5039581261403177,-2.12557653857707,-0.5140396887876956,-1.2005417486665866,0.6160799490103331,0.8500832562407705,-1.7105345194567676,-0.573799697463271,-0.45887724737028646,-0.42630540311469145,0.28243380563304055,-0.33833115597464386,-0.5953100586126833,-1.874630652437709,-1.5670740907654928,0.6620831833619711,0.7959972645297522,-0.66012443648237,3.3983162667910882,-0.5593194951991675,-0.049495828510796855,-1.815687655577179,0.04898795334449846,-1.9244571187924735,2.342469956025628,-0.5267219926347473,-0.8791652150709732,-0.7788196078283778,-0.690777679366964,-0.6739376972334357
3;151;81304.35538625717;3877;5342;0.047412;0.372919;0.053087/0.048803/0.04952/0.067019/0.051518/0.136727/0.09831/0.049126/0.049769/0.055292/0.058825/0.049707/0.051755/0.0732/0.081623/0.098791/0.060243/0.090501/0.134462/0.054506/0.081956/0.05097/0.051158/0.082967/0.075432/0.056304/0.060286/0.12735/0.051746/0.076651/0.058613/0.123068/0.051019/0.065789/0.04891/0.079944/0.050373/0.075787/0.051132/0.050267/0.047412/0.056818/0.053368/0.074626/0.102207/0.050133/0.050343/0.059555/0.049265/0.067338/0.054346/0.050407/0.054822/0.050124/0.052844/0.058436/0.157951/0.049899/0.054167/0.052779/0.049959/0.075225/0.050228/0.096244/0.052933/0.054969/0.050498/0.05894/0.052684/0.049546/0.069622/0.052469/0.050586/0.0539/0.051064/0.050064/0.05177/0.049137/0.057647/0.049584/0.048892/0.05161/0.081742/0.133857/0.049327/0.053089/0.0987/0.053093/0.048719/0.050074/0.052419/0.050674/0.108741/0.087798/0.073784/0.052548/0.065428/0.074388/0.052757/0.072531;0.165537/0.0/0.0/0.383887/0.144088/0.580559/0.652556/0.0/0.0/0.294564/0.312924/0.006445/0.435754/0.504203/0.408386/0.509912/0.342721/0.60153/0.516988/0.583256/0.422252/0.226153/0.212795/0.506995/0.870447/0.345551/0.37312/0.709778/0.480296/0.431967/0.389558/0.575989/0.394243/0.558212/4.8e-05/0.594109/0.024442/0.545694/0.067263/0.149309/0.372919/0.326847/0.238661/0.411246/0.514062/0.054/0.467062/0.314148/0.224576/0.425541/0.385561/0.04874/0.399206/0.327774/0.206971/0.366273/0.756873/0.002219/0.290098/0.290012/0.114683/0.395267/0.221573/0.473402/0.323911/0.418178/0.160698/0.388697/0.416333/0.374898/0.458781/0.18251/0.167373/0.699316/0.161511/0.091188/0.361377/0.305302/0.255749/0.035907/0.0/0.425628/0.44306/0.554243/0.036481/0.266775/0.447421/0.362859/0.22121/0.421497/0.31431/0.3246/0.512082/0.51934/0.444188/0.376935/0.468439/0.444236/0.221076/0.396538;0.075432/0.0539/0.051746/0.050343/0.050074/0.049546/0.047412;0.870447/0.699316/0.480296/0.467062/0.421497/0.374898/0.372919;3.962348258312918,0.8339885646398719,-1.007793362480925,-0.2184625022447242,1.5379335089084878,-1.2219682106178884,2.086643429391695,0.3990205524591274,0.7373856257481506,1.0031905822232812,-0.9170014086173379,-0.33301527269660747,-0.06658958552078464,-0.7441993918064447,-1.7580419581499847,-1.0709039252833055,-0.13633235006261368,1.0671874518563818,1.416036010040315,-0.6764373579911961,-0.2528779273230124,1.3864902327515567,0.7124389429934609,-0.9134811966593819,0.3126317086033736,-1.9008880944614903,-2.1061867267013232,1.5131046708525724,-2.3973883765155226,-2.3075623322269703,-1.0309901352510602,-1.3807585547892005,-0.7927658302926817,1.8324112437069218,-2.0212897106163914,0.331815038322927,-0.736575562543405,1.6872952076183398,0.03438295917628417,0.5946222219955912,0.11178981004178723,0.692489770862007,-0.09038918989431771,-0.606886238434369,-0.46209764504059364,-0.42221745297613755,0.5063538220682972,1.5681129390097743,0.013499993124852089,0.34068565460125017,-0.8915367697414908,0.1786107731238437,-1.2846452336563858,0.5293864074800793,-2.5468149827751407,-0.7824093689987637,0.8329464259317579,1.7082185787293795,-2.476167995979677,1.041681924654354,0.08063287253346466,-2.0299094422822788,-0.939714893149719,-0.18914089737186826,0.9099712287743175,2.1049416198062456,0.5903387781059164,0.18602790852412465,0.0854971117344111,0.12282087252184085,1.7418879508129845,3.3859857531984097,1.6983552639033075,-0.10154510393714372,-3.3244806189269824,0.7687531498359867,-1.6848216935513642,1.143928385066737,0.3263817179705776,-0.9152986357626633,0.5772500589811952,2.931823907634211,-1.7857715708612139,-1.1335627355323095,-2.2465359582079905,-1.2191013640188155,1.5003515610029745,2.584722186912842,0.3017153957988893,-0.8587770921200077,-0.7945476213599855,0.39132328602899025,-0.5205334053213101,-2.159059439545565,-2.2765947275779777,1.2067226317256237,-0.5804265724323426,-0.33935830296672576,-1.7946001234243,0.0030900835754571615,-0.026472235899217628,-0.2821399339197717,-0.6410193333275724,1.3417567746953152,-0.9309624072823499,-1.6260781611314261,-0.6820815803750979,-1.7174767748909223,0.06401366616456539,-1.1495324016863508,-0.9163725745183509,0.9392985001092633,-3.9513778266017074,-2.8201124160381625,0.23506350229761397,1.1387226370327865,-3.1016708053935154,3.298505927969922,0.7766160888724718,0.10264872521571566,-0.20715516305068077,-1.273809416597154,-0.6002019478551751,1.4031579019546652,1.9029536816220445,-1.6360852959255465,-0.376977191392729,-0.5109650585774372,0.17302844324286124,-2.2171353285480344,0.7725678136485881,-0.33906538130969455,0.39022272738644076,1.4188424724732354,0.127492568140596,-0.5553945032705838,-1.945879927611846,-0.27144054610888757,0.5726981221854851,-1.30328968050792,-0.23133929678812926,-1.2075304087812415,-0.4070849449662902,0.6211555251563001,0.9006091058868869,0.371954948120803,2.9572989873489886,0.2463547675475711,0.36937298007688835,-1.4189899371993233,-0.007316571290008678,-0.015807857067996922,0.1535014596130742,-0.08618296526915417,-2.404695951179009,-1.9490406263211573,-0.8489746980400449,-1.625848979449617;3.4808065776743202,0.8723372919804471,-0.4293885430846588,1.6128651979442328,0.8318245037690412,-1.2453068219403038,2.0560628672339445,-0.4866284179142582,-0.7133791044129464,0.8010172661180419,1.4424108573847378,-0.6103551075070955,-0.33607871592092176,-0.5521695245585503,-2.7977532815928297,-0.9489672034263006,-2.1090291179007346,1.3862290758476772,1.532797521543101,0.12739393906015883,-1.3017290374098225,0.9413449165405718,2.1919640940881613,-0.9988376871432829,-0.9115548171311805,-0.8819451844821791,-0.8948716360537634,0.7359859480473583,-1.5282052389177028,-2.116501696541168,-0.10224040750268937,0.09096539428520323,-1.9511964654913818,0.9063667163114919,-0.3830722727934296,0.39087216407308617,-0.09551086209198983,0.07690072671678563,-2.144346315606136,0.7592810526736657,0.29987936221110745,0.6841510046985967,0.9757755996708546,-1.7063235568486457,-1.3183123260116705,0.2633782406049863,0.7085895783107468,0.5707101606332952,-0.28681229405074504,-1.1778461179397661,0.4937736947171985,0.9726388243685711,-1.0831866479660615,-0.2841487424073051,-1.7310396008811508,0.5148383782141979,2.1244127611160812,0.8191727403948448,-2.0575899096911034,1.652299783069465,-0.1742536578452664,-1.397142366975874,0.4386134895796823,0.5543735539674428,0.9206246507358162,1.739202297871384,1.984850583755654,-0.8791051450211873,-1.1353619629367668,-0.9865315127971894,0.4147591393272914,2.5052064922767885,0.9333584837796104,0.14839077568167225,-3.665872786919659,1.1595270831190352,-1.8995521773218804,1.6791254526106865,0.8369622308569841,-0.2787848019463761,-0.35232972795107964,1.5303121657301522,-1.0852627657914886,-1.097556802939968,-2.2410361277878104,0.30309142568239106,1.766974713357016,1.4101536994115342,1.6901863993420951,-1.66844628371785,-3.1185637045974692,-0.07150675433025971,-0.29102217953127785,-2.468022185728434,-2.209678430291211,0.5595790499900356,-0.4106524460931102,-1.1650189015083812,-2.414348030627518,0.48596529667899124,-1.7389824383905492,-0.130119524374894,-0.673523220388486,1.036760224464647,-1.5078116966889867,-2.38030231596883,1.7315177337150025,-0.4158392307493001,1.197024085641991,-2.6359819441903043,-1.5029172256508878,-0.62341844668839,-1.7763310825202934,-2.1838903735046222,2.5438394435997687,-1.115223010031041,-1.6939649215478008,3.106131119206164,0.5461515206340716,0.8305627840175557,-0.2820627484522819,1.4527155113088093,1.8397980495908186,-0.79069820211579,1.3183284360356766,-2.0791958202943137,-0.05596644222363596,-0.5543298899183197,0.5039581261403177,-2.12557653857707,-0.5140396887876956,-1.2005417486665866,0.6160799490103331,0.8500832562407705,-1.7105345194567676,-0.573799697463271,-0.45887724737028646,-0.42630540311469145,0.28243380563304055,-0.33833115597464386,-0.5953100586126833,-1.874630652437709,-1.5670740907654928,0.6620831833619711,0.7959972645297522,-0.66012443648237,3.3983162667910882,-0.5593194951991675,-0.049495828510796855,-1.815687655577179,0.04898795334449846,-1.9244571187924735,2.342469956025628,-0.5267219926347473,-0.8791652150709732,-0.7788196078283778,-0.690777679366964,-0.6739376972334357
3;152;81867.49451971054;3877;5342;0.047412;0.372919;0.053087/0.048803/0.04952/0.067019/0.136727/0.09831/0.049126/0.049769/0.055292/0.058825/0.049707/0.051755/0.0732/0.081623/0.098791/0.060243/0.090501/0.134462/0.054506/0.081956/0.05097/0.051158/0.082967/0.075432/0.056304/0.060286/0.12735/0.051746/0.076651/0.058613/0.123068/0.051019/0.065789/0.04891/0.079944/0.050373/0.075787/0.050267/0.047412/0.056818/0.053368/0.074626/0.102207/0.050133/0.050343/0.059555/0.049265/0.067338/0.054346/0.050407/0.054822/0.050124/0.052844/0.058436/0.157951/0.049899/0.054167/0.052779/0.049959/0.075225/0.050228/0.096244/0.052933/0.054969/0.050498/0.05894/0.052684/0.049546/0.069622/0.052469/0.050586/0.0539/0.051064/0.050064/0.05177/0.049137/0.057647/0.049584/0.048892/0.05161/0.081742/0.133857/0.049327/0.053089/0.0987/0.053093/0.048719/0.050074/0.052419/0.050674/0.108741/0.087798/0.073784/0.052548/0.065428/0.074388/0.052757/0.072531/0.051291/0.052207;0.165537/0.0/0.0/0.383887/0.580559/0.652556/0.0/0.0/0.294564/0.312924/0.006445/0.435754/0.504203/0.408386/0.509912/0.342721/0.60153/0.516988/0.583256/0.422252/0.226153/0.212795/0.506995/0.870447/0.345551/0.37312/0.709778/0.480296/0.431967/0.389558/0.575989/0.394243/0.558212/4.8e-05/0.594109/0.024442/0.545694/0.149309/0.372919/0.326847/0.238661/0.411246/0.514062/0.054/0.467062/0.314148/0.224576/0.425541/0.385561/0.04874/0.399206/0.327774/0.206971/0.366273/0.756873/0.002219/0.290098/0.290012/0.114683/0.395267/0.221573/0.473402/0.323911/0.418178/0.160698/0.388697/0.416333/0.374898/0.458781/0.18251/0.167373/0.699316/0.161511/0.091188/0.361377/0.305302/0.255749/0.035907/0.0/0.425628/0.44306/0.554243/0.036481/0.266775/0.447421/0.362859/0.22121/0.421497/0.31431/0.3246/0.512082/0.51934/0.444188/0.376935/0.468439/0.444236/0.221076/0.396538/0.34514/0.297385;0.075432/0.0539/0.051746/0.050343/0.050074/0.049546/0.047412;0.870447/0.699316/0.480296/0.467062/0.421497/0.374898/0.372919;3.962348258312918,0.8339885646398719,-1.007793362480925,-0.2184625022447242,1.5379335089084878,-1.2219682106178884,2.086643429391695,0.3990205524591274,0.7373856257481506,1.0031905822232812,-0.9170014086173379,-0.33301527269660747,-0.06658958552078464,-0.7441993918064447,-1.7580419581499847,-1.0709039252833055,-0.13633235006261368,1.0671874518563818,1.416036010040315,-0.6764373579911961,-0.2528779273230124,1.3864902327515567,0.7124389429934609,-0.9134811966593819,0.3126317086033736,-1.9008880944614903,-2.1061867267013232,1.5131046708525724,-2.3973883765155226,-2.3075623322269703,-1.0309901352510602,-1.3807585547892005,-0.7927658302926817,1.8324112437069218,-2.0212897106163914,0.331815038322927,-0.736575562543405,1.6872952076183398,0.03438295917628417,0.5946222219955912,0.11178981004178723,0.692489770862007,-0.09038918989431771,-0.606886238434369,-0.46209764504059364,-0.42221745297613755,0.5063538220682972,1.5681129390097743,0.013499993124852089,0.34068565460125017,-0.8915367697414908,0.1786107731238437,-1.2846452336563858,0.5293864074800793,-2.5468149827751407,-0.7824093689987637,0.8329464259317579,1.7082185787293795,-2.476167995979677,1.041681924654354,0.08063287253346466,-2.0299094422822788,-0.939714893149719,-0.18914089737186826,0.9099712287743175,2.1049416198062456,0.5903387781059164,0.18602790852412465,0.0854971117344111,0.12282087252184085,1.7418879508129845,3.3859857531984097,1.6983552639033075,-0.10154510393714372,-3.3244806189269824,0.7687531498359867,-1.6848216935513642,1.143928385066737,0.3263817179705776,-0.9152986357626633,0.5772500589811952,2.931823907634211,-1.7857715708612139,-1.1335627355323095,-2.2465359582079905,-1.2191013640188155,1.5003515610029745,2.584722186912842,0.3017153957988893,-0.8587770921200077,-0.7945476213599855,0.39132328602899025,-0.5205334053213101,-2.159059439545565,-2.2765947275779777,1.2067226317256237,-0.5804265724323426,-0.33935830296672576,-1.7946001234243,0.0030900835754571615,-0.026472235899217628,-0.2821399339197717,-0.6410193333275724,1.3417567746953152,-0.9309624072823499,-1.6260781611314261,-0.6820815803750979,-1.7174767748909223,0.06401366616456539,-1.1495324016863508,-0.9163725745183509,0.9392985001092633,-3.9513778266017074,-2.8201124160381625,0.23506350229761397,1.1387226370327865,-3.1016708053935154,3.298505927969922,0.7766160888724718,0.10264872521571566,-0.20715516305068077,-1.273809416597154,-0.6002019478551751,1.4031579019546652,1.9029536816220445,-1.6360852959255465,-0.376977191392729,-0.5109650585774372,0.17302844324286124,-2.2171353285480344,0.7725678136485881,-0.33906538130969455,0.39022272738644076,1.4188424724732354,0.127492568140596,-0.5553945032705838,-1.945879927611846,-0.27144054610888757,0.5726981221854851,-1.30328968050792,-0.23133929678812926,-1.2075304087812415,-0.4070849449662902,0.6211555251563001,0.9006091058868869,0.371954948120803,2.9572989873489886,0.2463547675475711,0.36937298007688835,-1.4189899371993233,-0.007316571290008678,-0.015807857067996922,0.1535014596130742,-0.08618296526915417,-2.404695951179009,-1.9490406263211573,-0.8489746980400449,-1.625848979449617;3.4808065776743202,0.8723372919804471,-0.4293885430846588,1.6128651979442328,0.8318245037690412,-1.2453068219403038,2.0560628672339445,-0.4866284179142582,-0.7133791044129464,0.8010172661180419,1.4424108573847378,-0.6103551075070955,-0.33607871592092176,-0.5521695245585503,-2.7977532815928297,-0.9489672034263006,-2.1090291179007346,1.3862290758476772,1.532797521543101,0.12739393906015883,-1.3017290374098225,0.9413449165405718,2.1919640940881613,-0.9988376871432829,-0.9115548171311805,-0.8819451844821791,-0.8948716360537634,0.7359859480473583,-1.5282052389177028,-2.116501696541168,-0.10224040750268937,0.09096539428520323,-1.9511964654913818,0.9063667163114919,-0.3830722727934296,0.39087216407308617,-0.09551086209198983,0.07690072671678563,-2.144346315606136,0.7592810526736657,0.29987936221110745,0.6841510046985967,0.9757755996708546,-1.7063235568486457,-1.3183123260116705,0.2633782406049863,0.7085895783107468,0.5707101606332952,-0.28681229405074504,-1.1778461179397661,0.4937736947171985,0.9726388243685711,-1.0831866479660615,-0.2841487424073051,-1.7310396008811508,0.5148383782141979,2.1244127611160812,0.8191727403948448,-2.0575899096911034,1.652299783069465,-0.1742536578452664,-1.397142366975874,0.4386134895796823,0.5543735539674428,0.9206246507358162,1.739202297871384,1.984850583755654,-0.8791051450211873,-1.1353619629367668,-0.9865315127971894,0.4147591393272914,2.5052064922767885,0.9333584837796104,0.14839077568167225,-3.665872786919659,1.1595270831190352,-1.8995521773218804,1.6791254526106865,0.8369622308569841,-0.2787848019463761,-0.35232972795107964,1.5303121657301522,-1.0852627657914886,-1.097556802939968,-2.2410361277878104,0.30309142568239106,1.766974713357016,1.4101536994115342,1.6901863993420951,-1.66844628371785,-3.1185637045974692,-0.07150675433025971,-0.29102217953127785,-2.468022185728434,-2.209678430291211,0.5595790499900356,-0.4106524460931102,-1.1650189015083812,-2.414348030627518,0.48596529667899124,-1.7389824383905492,-0.130119524374894,-0.673523220388486,1.036760224464647,-1.5078116966889867,-2.38030231596883,1.7315177337150025,-0.4158392307493001,1.197024085641991,-2.6359819441903043,-1.5029172256508878,-0.62341844668839,-1.7763310825202934,-2.1838903735046222,2.5438394435997687,-1.115223010031041,-1.6939649215478008,3.106131119206164,0.5461515206340716,0.8305627840175557,-0.2820627484522819,1.4527155113088093,1.8397980495908186,-0.79069820211579,1.3183284360356766,-2.0791958202943137,-0.05596644222363596,-0.5543298899183197,0.5039581261403177,-2.12557653857707,-0.5140396887876956,-1.2005417486665866,0.6160799490103331,0.8500832562407705,-1.7105345194567676,-0.573799697463271,-0.45887724737028646,-0.42630540311469145,0.28243380563304055,-0.33833115597464386,-0.5953100586126833,-1.874630652437709,-1.5670740907654928,0.6620831833619711,0.7959972645297522,-0.66012443648237,3.3983162667910882,-0.5593194951991675,-0.049495828510796855,-1.815687655577179,0.04898795334449846,-1.9244571187924735,2.342469956025628,-0.5267219926347473,-0.8791652150709732,-0.7788196078283778,-0.690777679366964,-0.6739376972334357
3;153;82418.47638130188;3877;5342;0.047412;0.372919;0.048803/0.04952/0.067019/0.136727/0.09831/0.049126/0.049769/0.055292/0.058825/0.049707/0.051755/0.0732/0.081623/0.098791/0.060243/0.090501/0.134462/0.054506/0.081956/0.05097/0.051158/0.082967/0.075432/0.056304/0.060286/0.12735/0.051746/0.076651/0.058613/0.123068/0.051019/0.065789/0.04891/0.079944/0.050373/0.075787/0.050267/0.047412/0.056818/0.053368/0.074626/0.102207/0.050133/0.050343/0.059555/0.049265/0.067338/0.054346/0.050407/0.054822/0.050124/0.052844/0.058436/0.157951/0.049899/0.054167/0.052779/0.049959/0.075225/0.050228/0.096244/0.052933/0.054969/0.050498/0.05894/0.052684/0.049546/0.069622/0.052469/0.050586/0.0539/0.051064/0.050064/0.05177/0.049137/0.057647/0.049584/0.048892/0.05161/0.081742/0.133857/0.049327/0.053089/0.0987/0.053093/0.048719/0.050074/0.052419/0.050674/0.108741/0.087798/0.073784/0.052548/0.065428/0.074388/0.052757/0.072531/0.051291/0.052207/0.052842;0.0/0.0/0.383887/0.580559/0.652556/0.0/0.0/0.294564/0.312924/0.006445/0.435754/0.504203/0.408386/0.509912/0.342721/0.60153/0.516988/0.583256/0.422252/0.226153/0.212795/0.506995/0.870447/0.345551/0.37312/0.709778/0.480296/0.431967/0.389558/0.575989/0.394243/0.558212/4.8e-05/0.594109/0.024442/0.545694/0.149309/0.372919/0.326847/0.238661/0.411246/0.514062/0.054/0.467062/0.314148/0.224576/0.425541/0.385561/0.04874/0.399206/0.327774/0.206971/0.366273/0.756873/0.002219/0.290098/0.290012/0.114683/0.395267/0.221573/0.473402/0.323911/0.418178/0.160698/0.388697/0.416333/0.374898/0.458781/0.18251/0.167373/0.699316/0.161511/0.091188/0.361377/0.305302/0.255749/0.035907/0.0/0.425628/0.44306/0.554243/0.036481/0.266775/0.447421/0.362859/0.22121/0.421497/0.31431/0.3246/0.512082/0.51934/0.444188/0.376935/0.468439/0.444236/0.221076/0.396538/0.34514/0.297385/0.204179;0.075432/0.0539/0.051746/0.050343/0.050074/0.049546/0.047412;0.870447/0.699316/0.480296/0.467062/0.421497/0.374898/0.372919;3.962348258312918,0.8339885646398719,-1.007793362480925,-0.2184625022447242,1.5379335089084878,-1.2219682106178884,2.086643429391695,0.3990205524591274,0.7373856257481506,1.0031905822232812,-0.9170014086173379,-0.33301527269660747,-0.06658958552078464,-0.7441993918064447,-1.7580419581499847,-1.0709039252833055,-0.13633235006261368,1.0671874518563818,1.416036010040315,-0.6764373579911961,-0.2528779273230124,1.3864902327515567,0.7124389429934609,-0.9134811966593819,0.3126317086033736,-1.9008880944614903,-2.1061867267013232,1.5131046708525724,-2.3973883765155226,-2.3075623322269703,-1.0309901352510602,-1.3807585547892005,-0.7927658302926817,1.8324112437069218,-2.0212897106163914,0.331815038322927,-0.736575562543405,1.6872952076183398,0.03438295917628417,0.5946222219955912,0.11178981004178723,0.692489770862007,-0.09038918989431771,-0.606886238434369,-0.46209764504059364,-0.42221745297613755,0.5063538220682972,1.5681129390097743,0.013499993124852089,0.34068565460125017,-0.8915367697414908,0.1786107731238437,-1.2846452336563858,0.5293864074800793,-2.5468149827751407,-0.7824093689987637,0.8329464259317579,1.7082185787293795,-2.476167995979677,1.041681924654354,0.08063287253346466,-2.0299094422822788,-0.939714893149719,-0.18914089737186826,0.9099712287743175,2.1049416198062456,0.5903387781059164,0.18602790852412465,0.0854971117344111,0.12282087252184085,1.7418879508129845,3.3859857531984097,1.6983552639033075,-0.10154510393714372,-3.3244806189269824,0.7687531498359867,-1.6848216935513642,1.143928385066737,0.3263817179705776,-0.9152986357626633,0.5772500589811952,2.931823907634211,-1.7857715708612139,-1.1335627355323095,-2.2465359582079905,-1.2191013640188155,1.5003515610029745,2.584722186912842,0.3017153957988893,-0.8587770921200077,-0.7945476213599855,0.39132328602899025,-0.5205334053213101,-2.159059439545565,-2.2765947275779777,1.2067226317256237,-0.5804265724323426,-0.33935830296672576,-1.7946001234243,0.0030900835754571615,-0.026472235899217628,-0.2821399339197717,-0.6410193333275724,1.3417567746953152,-0.9309624072823499,-1.6260781611314261,-0.6820815803750979,-1.7174767748909223,0.06401366616456539,-1.1495324016863508,-0.9163725745183509,0.9392985001092633,-3.9513778266017074,-2.8201124160381625,0.23506350229761397,1.1387226370327865,-3.1016708053935154,3.298505927969922,0.7766160888724718,0.10264872521571566,-0.20715516305068077,-1.273809416597154,-0.6002019478551751,1.4031579019546652,1.9029536816220445,-1.6360852959255465,-0.376977191392729,-0.5109650585774372,0.17302844324286124,-2.2171353285480344,0.7725678136485881,-0.33906538130969455,0.39022272738644076,1.4188424724732354,0.127492568140596,-0.5553945032705838,-1.945879927611846,-0.27144054610888757,0.5726981221854851,-1.30328968050792,-0.23133929678812926,-1.2075304087812415,-0.4070849449662902,0.6211555251563001,0.9006091058868869,0.371954948120803,2.9572989873489886,0.2463547675475711,0.36937298007688835,-1.4189899371993233,-0.007316571290008678,-0.015807857067996922,0.1535014596130742,-0.08618296526915417,-2.404695951179009,-1.9490406263211573,-0.8489746980400449,-1.625848979449617;3.4808065776743202,0.8723372919804471,-0.4293885430846588,1.6128651979442328,0.8318245037690412,-1.2453068219403038,2.0560628672339445,-0.4866284179142582,-0.7133791044129464,0.8010172661180419,1.4424108573847378,-0.6103551075070955,-0.33607871592092176,-0.5521695245585503,-2.7977532815928297,-0.9489672034263006,-2.1090291179007346,1.3862290758476772,1.532797521543101,0.12739393906015883,-1.3017290374098225,0.9413449165405718,2.1919640940881613,-0.9988376871432829,-0.9115548171311805,-0.8819451844821791,-0.8948716360537634,0.7359859480473583,-1.5282052389177028,-2.116501696541168,-0.10224040750268937,0.09096539428520323,-1.9511964654913818,0.9063667163114919,-0.3830722727934296,0.39087216407308617,-0.09551086209198983,0.07690072671678563,-2.144346315606136,0.7592810526736657,0.29987936221110745,0.6841510046985967,0.9757755996708546,-1.7063235568486457,-1.3183123260116705,0.2633782406049863,0.7085895783107468,0.5707101606332952,-0.28681229405074504,-1.1778461179397661,0.4937736947171985,0.9726388243685711,-1.0831866479660615,-0.2841487424073051,-1.7310396008811508,0.5148383782141979,2.1244127611160812,0.8191727403948448,-2.0575899096911034,1.652299783069465,-0.1742536578452664,-1.397142366975874,0.4386134895796823,0.5543735539674428,0.9206246507358162,1.739202297871384,1.984850583755654,-0.8791051450211873,-1.1353619629367668,-0.9865315127971894,0.4147591393272914,2.5052064922767885,0.9333584837796104,0.14839077568167225,-3.665872786919659,1.1595270831190352,-1.8995521773218804,1.6791254526106865,0.8369622308569841,-0.2787848019463761,-0.35232972795107964,1.5303121657301522,-1.0852627657914886,-1.097556802939968,-2.2410361277878104,0.30309142568239106,1.766974713357016,1.4101536994115342,1.6901863993420951,-1.66844628371785,-3.1185637045974692,-0.07150675433025971,-0.29102217953127785,-2.468022185728434,-2.209678430291211,0.5595790499900356,-0.4106524460931102,-1.1650189015083812,-2.414348030627518,0.48596529667899124,-1.7389824383905492,-0.130119524374894,-0.673523220388486,1.036760224464647,-1.5078116966889867,-2.38030231596883,1.7315177337150025,-0.4158392307493001,1.197024085641991,-2.6359819441903043,-1.5029172256508878,-0.62341844668839,-1.7763310825202934,-2.1838903735046222,2.5438394435997687,-1.115223010031041,-1.6939649215478008,3.106131119206164,0.5461515206340716,0.8305627840175557,-0.2820627484522819,1.4527155113088093,1.8397980495908186,-0.79069820211579,1.3183284360356766,-2.0791958202943137,-0.05596644222363596,-0.5543298899183197,0.5039581261403177,-2.12557653857707,-0.5140396887876956,-1.2005417486665866,0.6160799490103331,0.8500832562407705,-1.7105345194567676,-0.573799697463271,-0.45887724737028646,-0.42630540311469145,0.28243380563304055,-0.33833115597464386,-0.5953100586126833,-1.874630652437709,-1.5670740907654928,0.6620831833619711,0.7959972645297522,-0.66012443648237,3.3983162667910882,-0.5593194951991675,-0.049495828510796855,-1.815687655577179,0.04898795334449846,-1.9244571187924735,2.342469956025628,-0.5267219926347473,-0.8791652150709732,-0.7788196078283778,-0.690777679366964,-0.6739376972334357
3;154;82983.52761650085;3877;5342;0.047412;0.372919;0.048803/0.04952/0.067019/0.136727/0.09831/0.049126/0.049769/0.055292/0.058825/0.049707/0.051755/0.0732/0.081623/0.098791/0.060243/0.090501/0.134462/0.054506/0.081956/0.05097/0.051158/0.082967/0.075432/0.056304/0.060286/0.12735/0.051746/0.076651/0.058613/0.123068/0.051019/0.065789/0.04891/0.079944/0.075787/0.050267/0.047412/0.056818/0.053368/0.074626/0.102207/0.050133/0.050343/0.059555/0.049265/0.067338/0.054346/0.054822/0.050124/0.052844/0.058436/0.157951/0.049899/0.054167/0.052779/0.049959/0.075225/0.050228/0.096244/0.052933/0.054969/0.050498/0.05894/0.052684/0.049546/0.069622/0.052469/0.050586/0.0539/0.051064/0.050064/0.05177/0.049137/0.057647/0.049584/0.048892/0.05161/0.081742/0.133857/0.049327/0.053089/0.0987/0.053093/0.048719/0.050074/0.052419/0.050674/0.108741/0.087798/0.073784/0.052548/0.065428/0.074388/0.052757/0.072531/0.051291/0.052207/0.052842/0.049771/0.057235;0.0/0.0/0.383887/0.580559/0.652556/0.0/0.0/0.294564/0.312924/0.006445/0.435754/0.504203/0.408386/0.509912/0.342721/0.60153/0.516988/0.583256/0.422252/0.226153/0.212795/0.506995/0.870447/0.345551/0.37312/0.709778/0.480296/0.431967/0.389558/0.575989/0.394243/0.558212/4.8e-05/0.594109/0.545694/0.149309/0.372919/0.326847/0.238661/0.411246/0.514062/0.054/0.467062/0.314148/0.224576/0.425541/0.385561/0.399206/0.327774/0.206971/0.366273/0.756873/0.002219/0.290098/0.290012/0.114683/0.395267/0.221573/0.473402/0.323911/0.418178/0.160698/0.388697/0.416333/0.374898/0.458781/0.18251/0.167373/0.699316/0.161511/0.091188/0.361377/0.305302/0.255749/0.035907/0.0/0.425628/0.44306/0.554243/0.036481/0.266775/0.447421/0.362859/0.22121/0.421497/0.31431/0.3246/0.512082/0.51934/0.444188/0.376935/0.468439/0.444236/0.221076/0.396538/0.34514/0.297385/0.204179/0.179594/0.329008;0.075432/0.0539/0.051746/0.050343/0.050074/0.049546/0.047412;0.870447/0.699316/0.480296/0.467062/0.421497/0.374898/0.372919;3.962348258312918,0.8339885646398719,-1.007793362480925,-0.2184625022447242,1.5379335089084878,-1.2219682106178884,2.086643429391695,0.3990205524591274,0.7373856257481506,1.0031905822232812,-0.9170014086173379,-0.33301527269660747,-0.06658958552078464,-0.7441993918064447,-1.7580419581499847,-1.0709039252833055,-0.13633235006261368,1.0671874518563818,1.416036010040315,-0.6764373579911961,-0.2528779273230124,1.3864902327515567,0.7124389429934609,-0.9134811966593819,0.3126317086033736,-1.9008880944614903,-2.1061867267013232,1.5131046708525724,-2.3973883765155226,-2.3075623322269703,-1.0309901352510602,-1.3807585547892005,-0.7927658302926817,1.8324112437069218,-2.0212897106163914,0.331815038322927,-0.736575562543405,1.6872952076183398,0.03438295917628417,0.5946222219955912,0.11178981004178723,0.692489770862007,-0.09038918989431771,-0.606886238434369,-0.46209764504059364,-0.42221745297613755,0.5063538220682972,1.5681129390097743,0.013499993124852089,0.34068565460125017,-0.8915367697414908,0.1786107731238437,-1.2846452336563858,0.5293864074800793,-2.5468149827751407,-0.7824093689987637,0.8329464259317579,1.7082185787293795,-2.476167995979677,1.041681924654354,0.08063287253346466,-2.0299094422822788,-0.939714893149719,-0.18914089737186826,0.9099712287743175,2.1049416198062456,0.5903387781059164,0.18602790852412465,0.0854971117344111,0.12282087252184085,1.7418879508129845,3.3859857531984097,1.6983552639033075,-0.10154510393714372,-3.3244806189269824,0.7687531498359867,-1.6848216935513642,1.143928385066737,0.3263817179705776,-0.9152986357626633,0.5772500589811952,2.931823907634211,-1.7857715708612139,-1.1335627355323095,-2.2465359582079905,-1.2191013640188155,1.5003515610029745,2.584722186912842,0.3017153957988893,-0.8587770921200077,-0.7945476213599855,0.39132328602899025,-0.5205334053213101,-2.159059439545565,-2.2765947275779777,1.2067226317256237,-0.5804265724323426,-0.33935830296672576,-1.7946001234243,0.0030900835754571615,-0.026472235899217628,-0.2821399339197717,-0.6410193333275724,1.3417567746953152,-0.9309624072823499,-1.6260781611314261,-0.6820815803750979,-1.7174767748909223,0.06401366616456539,-1.1495324016863508,-0.9163725745183509,0.9392985001092633,-3.9513778266017074,-2.8201124160381625,0.23506350229761397,1.1387226370327865,-3.1016708053935154,3.298505927969922,0.7766160888724718,0.10264872521571566,-0.20715516305068077,-1.273809416597154,-0.6002019478551751,1.4031579019546652,1.9029536816220445,-1.6360852959255465,-0.376977191392729,-0.5109650585774372,0.17302844324286124,-2.2171353285480344,0.7725678136485881,-0.33906538130969455,0.39022272738644076,1.4188424724732354,0.127492568140596,-0.5553945032705838,-1.945879927611846,-0.27144054610888757,0.5726981221854851,-1.30328968050792,-0.23133929678812926,-1.2075304087812415,-0.4070849449662902,0.6211555251563001,0.9006091058868869,0.371954948120803,2.9572989873489886,0.2463547675475711,0.36937298007688835,-1.4189899371993233,-0.007316571290008678,-0.015807857067996922,0.1535014596130742,-0.08618296526915417,-2.404695951179009,-1.9490406263211573,-0.8489746980400449,-1.625848979449617;3.4808065776743202,0.8723372919804471,-0.4293885430846588,1.6128651979442328,0.8318245037690412,-1.2453068219403038,2.0560628672339445,-0.4866284179142582,-0.7133791044129464,0.8010172661180419,1.4424108573847378,-0.6103551075070955,-0.33607871592092176,-0.5521695245585503,-2.7977532815928297,-0.9489672034263006,-2.1090291179007346,1.3862290758476772,1.532797521543101,0.12739393906015883,-1.3017290374098225,0.9413449165405718,2.1919640940881613,-0.9988376871432829,-0.9115548171311805,-0.8819451844821791,-0.8948716360537634,0.7359859480473583,-1.5282052389177028,-2.116501696541168,-0.10224040750268937,0.09096539428520323,-1.9511964654913818,0.9063667163114919,-0.3830722727934296,0.39087216407308617,-0.09551086209198983,0.07690072671678563,-2.144346315606136,0.7592810526736657,0.29987936221110745,0.6841510046985967,0.9757755996708546,-1.7063235568486457,-1.3183123260116705,0.2633782406049863,0.7085895783107468,0.5707101606332952,-0.28681229405074504,-1.1778461179397661,0.4937736947171985,0.9726388243685711,-1.0831866479660615,-0.2841487424073051,-1.7310396008811508,0.5148383782141979,2.1244127611160812,0.8191727403948448,-2.0575899096911034,1.652299783069465,-0.1742536578452664,-1.397142366975874,0.4386134895796823,0.5543735539674428,0.9206246507358162,1.739202297871384,1.984850583755654,-0.8791051450211873,-1.1353619629367668,-0.9865315127971894,0.4147591393272914,2.5052064922767885,0.9333584837796104,0.14839077568167225,-3.665872786919659,1.1595270831190352,-1.8995521773218804,1.6791254526106865,0.8369622308569841,-0.2787848019463761,-0.35232972795107964,1.5303121657301522,-1.0852627657914886,-1.097556802939968,-2.2410361277878104,0.30309142568239106,1.766974713357016,1.4101536994115342,1.6901863993420951,-1.66844628371785,-3.1185637045974692,-0.07150675433025971,-0.29102217953127785,-2.468022185728434,-2.209678430291211,0.5595790499900356,-0.4106524460931102,-1.1650189015083812,-2.414348030627518,0.48596529667899124,-1.7389824383905492,-0.130119524374894,-0.673523220388486,1.036760224464647,-1.5078116966889867,-2.38030231596883,1.7315177337150025,-0.4158392307493001,1.197024085641991,-2.6359819441903043,-1.5029172256508878,-0.62341844668839,-1.7763310825202934,-2.1838903735046222,2.5438394435997687,-1.115223010031041,-1.6939649215478008,3.106131119206164,0.5461515206340716,0.8305627840175557,-0.2820627484522819,1.4527155113088093,1.8397980495908186,-0.79069820211579,1.3183284360356766,-2.0791958202943137,-0.05596644222363596,-0.5543298899183197,0.5039581261403177,-2.12557653857707,-0.5140396887876956,-1.2005417486665866,0.6160799490103331,0.8500832562407705,-1.7105345194567676,-0.573799697463271,-0.45887724737028646,-0.42630540311469145,0.28243380563304055,-0.33833115597464386,-0.5953100586126833,-1.874630652437709,-1.5670740907654928,0.6620831833619711,0.7959972645297522,-0.66012443648237,3.3983162667910882,-0.5593194951991675,-0.049495828510796855,-1.815687655577179,0.04898795334449846,-1.9244571187924735,2.342469956025628,-0.5267219926347473,-0.8791652150709732,-0.7788196078283778,-0.690777679366964,-0.6739376972334357
3;155;83529.19698643684;3877;5342;0.047412;0.372919;0.048803/0.04952/0.067019/0.136727/0.09831/0.049126/0.049769/0.055292/0.058825/0.049707/0.051755/0.0732/0.081623/0.098791/0.060243/0.090501/0.134462/0.054506/0.081956/0.05097/0.051158/0.082967/0.075432/0.056304/0.060286/0.12735/0.051746/0.076651/0.058613/0.123068/0.051019/0.065789/0.04891/0.079944/0.075787/0.050267/0.047412/0.056818/0.053368/0.074626/0.102207/0.050343/0.059555/0.049265/0.067338/0.054346/0.054822/0.050124/0.052844/0.058436/0.157951/0.049899/0.054167/0.052779/0.049959/0.075225/0.050228/0.096244/0.052933/0.054969/0.050498/0.05894/0.052684/0.049546/0.069622/0.052469/0.050586/0.0539/0.051064/0.050064/0.05177/0.049137/0.057647/0.049584/0.048892/0.05161/0.081742/0.133857/0.049327/0.053089/0.0987/0.053093/0.048719/0.050074/0.052419/0.050674/0.108741/0.087798/0.073784/0.052548/0.065428/0.074388/0.052757/0.072531/0.051291/0.052207/0.052842/0.049771/0.057235/0.049398;0.0/0.0/0.383887/0.580559/0.652556/0.0/0.0/0.294564/0.312924/0.006445/0.435754/0.504203/0.408386/0.509912/0.342721/0.60153/0.516988/0.583256/0.422252/0.226153/0.212795/0.506995/0.870447/0.345551/0.37312/0.709778/0.480296/0.431967/0.389558/0.575989/0.394243/0.558212/4.8e-05/0.594109/0.545694/0.149309/0.372919/0.326847/0.238661/0.411246/0.514062/0.467062/0.314148/0.224576/0.425541/0.385561/0.399206/0.327774/0.206971/0.366273/0.756873/0.002219/0.290098/0.290012/0.114683/0.395267/0.221573/0.473402/0.323911/0.418178/0.160698/0.388697/0.416333/0.374898/0.458781/0.18251/0.167373/0.699316/0.161511/0.091188/0.361377/0.305302/0.255749/0.035907/0.0/0.425628/0.44306/0.554243/0.036481/0.266775/0.447421/0.362859/0.22121/0.421497/0.31431/0.3246/0.512082/0.51934/0.444188/0.376935/0.468439/0.444236/0.221076/0.396538/0.34514/0.297385/0.204179/0.179594/0.329008/0.249515;0.075432/0.0539/0.051746/0.050343/0.050074/0.049546/0.047412;0.870447/0.699316/0.480296/0.467062/0.421497/0.374898/0.372919;3.962348258312918,0.8339885646398719,-1.007793362480925,-0.2184625022447242,1.5379335089084878,-1.2219682106178884,2.086643429391695,0.3990205524591274,0.7373856257481506,1.0031905822232812,-0.9170014086173379,-0.33301527269660747,-0.06658958552078464,-0.7441993918064447,-1.7580419581499847,-1.0709039252833055,-0.13633235006261368,1.0671874518563818,1.416036010040315,-0.6764373579911961,-0.2528779273230124,1.3864902327515567,0.7124389429934609,-0.9134811966593819,0.3126317086033736,-1.9008880944614903,-2.1061867267013232,1.5131046708525724,-2.3973883765155226,-2.3075623322269703,-1.0309901352510602,-1.3807585547892005,-0.7927658302926817,1.8324112437069218,-2.0212897106163914,0.331815038322927,-0.736575562543405,1.6872952076183398,0.03438295917628417,0.5946222219955912,0.11178981004178723,0.692489770862007,-0.09038918989431771,-0.606886238434369,-0.46209764504059364,-0.42221745297613755,0.5063538220682972,1.5681129390097743,0.013499993124852089,0.34068565460125017,-0.8915367697414908,0.1786107731238437,-1.2846452336563858,0.5293864074800793,-2.5468149827751407,-0.7824093689987637,0.8329464259317579,1.7082185787293795,-2.476167995979677,1.041681924654354,0.08063287253346466,-2.0299094422822788,-0.939714893149719,-0.18914089737186826,0.9099712287743175,2.1049416198062456,0.5903387781059164,0.18602790852412465,0.0854971117344111,0.12282087252184085,1.7418879508129845,3.3859857531984097,1.6983552639033075,-0.10154510393714372,-3.3244806189269824,0.7687531498359867,-1.6848216935513642,1.143928385066737,0.3263817179705776,-0.9152986357626633,0.5772500589811952,2.931823907634211,-1.7857715708612139,-1.1335627355323095,-2.2465359582079905,-1.2191013640188155,1.5003515610029745,2.584722186912842,0.3017153957988893,-0.8587770921200077,-0.7945476213599855,0.39132328602899025,-0.5205334053213101,-2.159059439545565,-2.2765947275779777,1.2067226317256237,-0.5804265724323426,-0.33935830296672576,-1.7946001234243,0.0030900835754571615,-0.026472235899217628,-0.2821399339197717,-0.6410193333275724,1.3417567746953152,-0.9309624072823499,-1.6260781611314261,-0.6820815803750979,-1.7174767748909223,0.06401366616456539,-1.1495324016863508,-0.9163725745183509,0.9392985001092633,-3.9513778266017074,-2.8201124160381625,0.23506350229761397,1.1387226370327865,-3.1016708053935154,3.298505927969922,0.7766160888724718,0.10264872521571566,-0.20715516305068077,-1.273809416597154,-0.6002019478551751,1.4031579019546652,1.9029536816220445,-1.6360852959255465,-0.376977191392729,-0.5109650585774372,0.17302844324286124,-2.2171353285480344,0.7725678136485881,-0.33906538130969455,0.39022272738644076,1.4188424724732354,0.127492568140596,-0.5553945032705838,-1.945879927611846,-0.27144054610888757,0.5726981221854851,-1.30328968050792,-0.23133929678812926,-1.2075304087812415,-0.4070849449662902,0.6211555251563001,0.9006091058868869,0.371954948120803,2.9572989873489886,0.2463547675475711,0.36937298007688835,-1.4189899371993233,-0.007316571290008678,-0.015807857067996922,0.1535014596130742,-0.08618296526915417,-2.404695951179009,-1.9490406263211573,-0.8489746980400449,-1.625848979449617;3.4808065776743202,0.8723372919804471,-0.4293885430846588,1.6128651979442328,0.8318245037690412,-1.2453068219403038,2.0560628672339445,-0.4866284179142582,-0.7133791044129464,0.8010172661180419,1.4424108573847378,-0.6103551075070955,-0.33607871592092176,-0.5521695245585503,-2.7977532815928297,-0.9489672034263006,-2.1090291179007346,1.3862290758476772,1.532797521543101,0.12739393906015883,-1.3017290374098225,0.9413449165405718,2.1919640940881613,-0.9988376871432829,-0.9115548171311805,-0.8819451844821791,-0.8948716360537634,0.7359859480473583,-1.5282052389177028,-2.116501696541168,-0.10224040750268937,0.09096539428520323,-1.9511964654913818,0.9063667163114919,-0.3830722727934296,0.39087216407308617,-0.09551086209198983,0.07690072671678563,-2.144346315606136,0.7592810526736657,0.29987936221110745,0.6841510046985967,0.9757755996708546,-1.7063235568486457,-1.3183123260116705,0.2633782406049863,0.7085895783107468,0.5707101606332952,-0.28681229405074504,-1.1778461179397661,0.4937736947171985,0.9726388243685711,-1.0831866479660615,-0.2841487424073051,-1.7310396008811508,0.5148383782141979,2.1244127611160812,0.8191727403948448,-2.0575899096911034,1.652299783069465,-0.1742536578452664,-1.397142366975874,0.4386134895796823,0.5543735539674428,0.9206246507358162,1.739202297871384,1.984850583755654,-0.8791051450211873,-1.1353619629367668,-0.9865315127971894,0.4147591393272914,2.5052064922767885,0.9333584837796104,0.14839077568167225,-3.665872786919659,1.1595270831190352,-1.8995521773218804,1.6791254526106865,0.8369622308569841,-0.2787848019463761,-0.35232972795107964,1.5303121657301522,-1.0852627657914886,-1.097556802939968,-2.2410361277878104,0.30309142568239106,1.766974713357016,1.4101536994115342,1.6901863993420951,-1.66844628371785,-3.1185637045974692,-0.07150675433025971,-0.29102217953127785,-2.468022185728434,-2.209678430291211,0.5595790499900356,-0.4106524460931102,-1.1650189015083812,-2.414348030627518,0.48596529667899124,-1.7389824383905492,-0.130119524374894,-0.673523220388486,1.036760224464647,-1.5078116966889867,-2.38030231596883,1.7315177337150025,-0.4158392307493001,1.197024085641991,-2.6359819441903043,-1.5029172256508878,-0.62341844668839,-1.7763310825202934,-2.1838903735046222,2.5438394435997687,-1.115223010031041,-1.6939649215478008,3.106131119206164,0.5461515206340716,0.8305627840175557,-0.2820627484522819,1.4527155113088093,1.8397980495908186,-0.79069820211579,1.3183284360356766,-2.0791958202943137,-0.05596644222363596,-0.5543298899183197,0.5039581261403177,-2.12557653857707,-0.5140396887876956,-1.2005417486665866,0.6160799490103331,0.8500832562407705,-1.7105345194567676,-0.573799697463271,-0.45887724737028646,-0.42630540311469145,0.28243380563304055,-0.33833115597464386,-0.5953100586126833,-1.874630652437709,-1.5670740907654928,0.6620831833619711,0.7959972645297522,-0.66012443648237,3.3983162667910882,-0.5593194951991675,-0.049495828510796855,-1.815687655577179,0.04898795334449846,-1.9244571187924735,2.342469956025628,-0.5267219926347473,-0.8791652150709732,-0.7788196078283778,-0.690777679366964,-0.6739376972334357
3;156;84079.4365093708;3877;5342;0.047412;0.372919;0.048803/0.04952/0.067019/0.136727/0.09831/0.049126/0.049769/0.055292/0.049707/0.051755/0.0732/0.081623/0.098791/0.060243/0.090501/0.134462/0.054506/0.081956/0.05097/0.051158/0.082967/0.075432/0.056304/0.060286/0.12735/0.051746/0.076651/0.058613/0.123068/0.051019/0.065789/0.04891/0.079944/0.075787/0.050267/0.047412/0.056818/0.053368/0.074626/0.102207/0.050343/0.049265/0.067338/0.054346/0.054822/0.050124/0.052844/0.058436/0.157951/0.049899/0.054167/0.052779/0.049959/0.075225/0.050228/0.096244/0.052933/0.054969/0.050498/0.05894/0.052684/0.049546/0.069622/0.052469/0.050586/0.0539/0.051064/0.050064/0.05177/0.049137/0.057647/0.049584/0.048892/0.05161/0.081742/0.133857/0.049327/0.053089/0.0987/0.053093/0.048719/0.050074/0.052419/0.050674/0.108741/0.087798/0.073784/0.052548/0.065428/0.074388/0.052757/0.072531/0.051291/0.052207/0.052842/0.049771/0.057235/0.049398/0.05307/0.065783;0.0/0.0/0.383887/0.580559/0.652556/0.0/0.0/0.294564/0.006445/0.435754/0.504203/0.408386/0.509912/0.342721/0.60153/0.516988/0.583256/0.422252/0.226153/0.212795/0.506995/0.870447/0.345551/0.37312/0.709778/0.480296/0.431967/0.389558/0.575989/0.394243/0.558212/4.8e-05/0.594109/0.545694/0.149309/0.372919/0.326847/0.238661/0.411246/0.514062/0.467062/0.224576/0.425541/0.385561/0.399206/0.327774/0.206971/0.366273/0.756873/0.002219/0.290098/0.290012/0.114683/0.395267/0.221573/0.473402/0.323911/0.418178/0.160698/0.388697/0.416333/0.374898/0.458781/0.18251/0.167373/0.699316/0.161511/0.091188/0.361377/0.305302/0.255749/0.035907/0.0/0.425628/0.44306/0.554243/0.036481/0.266775/0.447421/0.362859/0.22121/0.421497/0.31431/0.3246/0.512082/0.51934/0.444188/0.376935/0.468439/0.444236/0.221076/0.396538/0.34514/0.297385/0.204179/0.179594/0.329008/0.249515/0.383323/0.340846;0.075432/0.0539/0.051746/0.050343/0.050074/0.049546/0.047412;0.870447/0.699316/0.480296/0.467062/0.421497/0.374898/0.372919;3.962348258312918,0.8339885646398719,-1.007793362480925,-0.2184625022447242,1.5379335089084878,-1.2219682106178884,2.086643429391695,0.3990205524591274,0.7373856257481506,1.0031905822232812,-0.9170014086173379,-0.33301527269660747,-0.06658958552078464,-0.7441993918064447,-1.7580419581499847,-1.0709039252833055,-0.13633235006261368,1.0671874518563818,1.416036010040315,-0.6764373579911961,-0.2528779273230124,1.3864902327515567,0.7124389429934609,-0.9134811966593819,0.3126317086033736,-1.9008880944614903,-2.1061867267013232,1.5131046708525724,-2.3973883765155226,-2.3075623322269703,-1.0309901352510602,-1.3807585547892005,-0.7927658302926817,1.8324112437069218,-2.0212897106163914,0.331815038322927,-0.736575562543405,1.6872952076183398,0.03438295917628417,0.5946222219955912,0.11178981004178723,0.692489770862007,-0.09038918989431771,-0.606886238434369,-0.46209764504059364,-0.42221745297613755,0.5063538220682972,1.5681129390097743,0.013499993124852089,0.34068565460125017,-0.8915367697414908,0.1786107731238437,-1.2846452336563858,0.5293864074800793,-2.5468149827751407,-0.7824093689987637,0.8329464259317579,1.7082185787293795,-2.476167995979677,1.041681924654354,0.08063287253346466,-2.0299094422822788,-0.939714893149719,-0.18914089737186826,0.9099712287743175,2.1049416198062456,0.5903387781059164,0.18602790852412465,0.0854971117344111,0.12282087252184085,1.7418879508129845,3.3859857531984097,1.6983552639033075,-0.10154510393714372,-3.3244806189269824,0.7687531498359867,-1.6848216935513642,1.143928385066737,0.3263817179705776,-0.9152986357626633,0.5772500589811952,2.931823907634211,-1.7857715708612139,-1.1335627355323095,-2.2465359582079905,-1.2191013640188155,1.5003515610029745,2.584722186912842,0.3017153957988893,-0.8587770921200077,-0.7945476213599855,0.39132328602899025,-0.5205334053213101,-2.159059439545565,-2.2765947275779777,1.2067226317256237,-0.5804265724323426,-0.33935830296672576,-1.7946001234243,0.0030900835754571615,-0.026472235899217628,-0.2821399339197717,-0.6410193333275724,1.3417567746953152,-0.9309624072823499,-1.6260781611314261,-0.6820815803750979,-1.7174767748909223,0.06401366616456539,-1.1495324016863508,-0.9163725745183509,0.9392985001092633,-3.9513778266017074,-2.8201124160381625,0.23506350229761397,1.1387226370327865,-3.1016708053935154,3.298505927969922,0.7766160888724718,0.10264872521571566,-0.20715516305068077,-1.273809416597154,-0.6002019478551751,1.4031579019546652,1.9029536816220445,-1.6360852959255465,-0.376977191392729,-0.5109650585774372,0.17302844324286124,-2.2171353285480344,0.7725678136485881,-0.33906538130969455,0.39022272738644076,1.4188424724732354,0.127492568140596,-0.5553945032705838,-1.945879927611846,-0.27144054610888757,0.5726981221854851,-1.30328968050792,-0.23133929678812926,-1.2075304087812415,-0.4070849449662902,0.6211555251563001,0.9006091058868869,0.371954948120803,2.9572989873489886,0.2463547675475711,0.36937298007688835,-1.4189899371993233,-0.007316571290008678,-0.015807857067996922,0.1535014596130742,-0.08618296526915417,-2.404695951179009,-1.9490406263211573,-0.8489746980400449,-1.625848979449617;3.4808065776743202,0.8723372919804471,-0.4293885430846588,1.6128651979442328,0.8318245037690412,-1.2453068219403038,2.0560628672339445,-0.4866284179142582,-0.7133791044129464,0.8010172661180419,1.4424108573847378,-0.6103551075070955,-0.33607871592092176,-0.5521695245585503,-2.7977532815928297,-0.9489672034263006,-2.1090291179007346,1.3862290758476772,1.532797521543101,0.12739393906015883,-1.3017290374098225,0.9413449165405718,2.1919640940881613,-0.9988376871432829,-0.9115548171311805,-0.8819451844821791,-0.8948716360537634,0.7359859480473583,-1.5282052389177028,-2.116501696541168,-0.10224040750268937,0.09096539428520323,-1.9511964654913818,0.9063667163114919,-0.3830722727934296,0.39087216407308617,-0.09551086209198983,0.07690072671678563,-2.144346315606136,0.7592810526736657,0.29987936221110745,0.6841510046985967,0.9757755996708546,-1.7063235568486457,-1.3183123260116705,0.2633782406049863,0.7085895783107468,0.5707101606332952,-0.28681229405074504,-1.1778461179397661,0.4937736947171985,0.9726388243685711,-1.0831866479660615,-0.2841487424073051,-1.7310396008811508,0.5148383782141979,2.1244127611160812,0.8191727403948448,-2.0575899096911034,1.652299783069465,-0.1742536578452664,-1.397142366975874,0.4386134895796823,0.5543735539674428,0.9206246507358162,1.739202297871384,1.984850583755654,-0.8791051450211873,-1.1353619629367668,-0.9865315127971894,0.4147591393272914,2.5052064922767885,0.9333584837796104,0.14839077568167225,-3.665872786919659,1.1595270831190352,-1.8995521773218804,1.6791254526106865,0.8369622308569841,-0.2787848019463761,-0.35232972795107964,1.5303121657301522,-1.0852627657914886,-1.097556802939968,-2.2410361277878104,0.30309142568239106,1.766974713357016,1.4101536994115342,1.6901863993420951,-1.66844628371785,-3.1185637045974692,-0.07150675433025971,-0.29102217953127785,-2.468022185728434,-2.209678430291211,0.5595790499900356,-0.4106524460931102,-1.1650189015083812,-2.414348030627518,0.48596529667899124,-1.7389824383905492,-0.130119524374894,-0.673523220388486,1.036760224464647,-1.5078116966889867,-2.38030231596883,1.7315177337150025,-0.4158392307493001,1.197024085641991,-2.6359819441903043,-1.5029172256508878,-0.62341844668839,-1.7763310825202934,-2.1838903735046222,2.5438394435997687,-1.115223010031041,-1.6939649215478008,3.106131119206164,0.5461515206340716,0.8305627840175557,-0.2820627484522819,1.4527155113088093,1.8397980495908186,-0.79069820211579,1.3183284360356766,-2.0791958202943137,-0.05596644222363596,-0.5543298899183197,0.5039581261403177,-2.12557653857707,-0.5140396887876956,-1.2005417486665866,0.6160799490103331,0.8500832562407705,-1.7105345194567676,-0.573799697463271,-0.45887724737028646,-0.42630540311469145,0.28243380563304055,-0.33833115597464386,-0.5953100586126833,-1.874630652437709,-1.5670740907654928,0.6620831833619711,0.7959972645297522,-0.66012443648237,3.3983162667910882,-0.5593194951991675,-0.049495828510796855,-1.815687655577179,0.04898795334449846,-1.9244571187924735,2.342469956025628,-0.5267219926347473,-0.8791652150709732,-0.7788196078283778,-0.690777679366964,-0.6739376972334357
3;157;84638.3583445549;3877;5342;0.047412;0.372919;0.048803/0.04952/0.067019/0.136727/0.09831/0.049126/0.049769/0.055292/0.049707/0.051755/0.0732/0.081623/0.098791/0.060243/0.090501/0.134462/0.054506/0.081956/0.05097/0.051158/0.082967/0.075432/0.056304/0.060286/0.12735/0.051746/0.076651/0.058613/0.123068/0.051019/0.065789/0.04891/0.079944/0.075787/0.050267/0.047412/0.056818/0.074626/0.102207/0.050343/0.049265/0.067338/0.054346/0.054822/0.050124/0.052844/0.058436/0.157951/0.049899/0.054167/0.052779/0.049959/0.075225/0.050228/0.096244/0.052933/0.054969/0.050498/0.05894/0.052684/0.049546/0.069622/0.052469/0.050586/0.0539/0.051064/0.050064/0.05177/0.049137/0.049584/0.048892/0.05161/0.081742/0.133857/0.049327/0.053089/0.0987/0.053093/0.048719/0.050074/0.052419/0.050674/0.108741/0.087798/0.073784/0.052548/0.065428/0.074388/0.052757/0.072531/0.051291/0.052207/0.049771/0.057235/0.049398/0.05307/0.048246/0.051838/0.048653/0.077541;0.0/0.0/0.383887/0.580559/0.652556/0.0/0.0/0.294564/0.006445/0.435754/0.504203/0.408386/0.509912/0.342721/0.60153/0.516988/0.583256/0.422252/0.226153/0.212795/0.506995/0.870447/0.345551/0.37312/0.709778/0.480296/0.431967/0.389558/0.575989/0.394243/0.558212/4.8e-05/0.594109/0.545694/0.149309/0.372919/0.326847/0.411246/0.514062/0.467062/0.224576/0.425541/0.385561/0.399206/0.327774/0.206971/0.366273/0.756873/0.002219/0.290098/0.290012/0.114683/0.395267/0.221573/0.473402/0.323911/0.418178/0.160698/0.388697/0.416333/0.374898/0.458781/0.18251/0.167373/0.699316/0.161511/0.091188/0.361377/0.305302/0.035907/0.0/0.425628/0.44306/0.554243/0.036481/0.266775/0.447421/0.362859/0.22121/0.421497/0.31431/0.3246/0.512082/0.51934/0.444188/0.376935/0.468439/0.444236/0.221076/0.396538/0.34514/0.297385/0.179594/0.329008/0.249515/0.383323/0.0/0.319417/0.1965/0.680574;0.075432/0.0539/0.051746/0.050343/0.050074/0.049546/0.047412;0.870447/0.699316/0.480296/0.467062/0.421497/0.374898/0.372919;3.962348258312918,0.8339885646398719,-1.007793362480925,-0.2184625022447242,1.5379335089084878,-1.2219682106178884,2.086643429391695,0.3990205524591274,0.7373856257481506,1.0031905822232812,-0.9170014086173379,-0.33301527269660747,-0.06658958552078464,-0.7441993918064447,-1.7580419581499847,-1.0709039252833055,-0.13633235006261368,1.0671874518563818,1.416036010040315,-0.6764373579911961,-0.2528779273230124,1.3864902327515567,0.7124389429934609,-0.9134811966593819,0.3126317086033736,-1.9008880944614903,-2.1061867267013232,1.5131046708525724,-2.3973883765155226,-2.3075623322269703,-1.0309901352510602,-1.3807585547892005,-0.7927658302926817,1.8324112437069218,-2.0212897106163914,0.331815038322927,-0.736575562543405,1.6872952076183398,0.03438295917628417,0.5946222219955912,0.11178981004178723,0.692489770862007,-0.09038918989431771,-0.606886238434369,-0.46209764504059364,-0.42221745297613755,0.5063538220682972,1.5681129390097743,0.013499993124852089,0.34068565460125017,-0.8915367697414908,0.1786107731238437,-1.2846452336563858,0.5293864074800793,-2.5468149827751407,-0.7824093689987637,0.8329464259317579,1.7082185787293795,-2.476167995979677,1.041681924654354,0.08063287253346466,-2.0299094422822788,-0.939714893149719,-0.18914089737186826,0.9099712287743175,2.1049416198062456,0.5903387781059164,0.18602790852412465,0.0854971117344111,0.12282087252184085,1.7418879508129845,3.3859857531984097,1.6983552639033075,-0.10154510393714372,-3.3244806189269824,0.7687531498359867,-1.6848216935513642,1.143928385066737,0.3263817179705776,-0.9152986357626633,0.5772500589811952,2.931823907634211,-1.7857715708612139,-1.1335627355323095,-2.2465359582079905,-1.2191013640188155,1.5003515610029745,2.584722186912842,0.3017153957988893,-0.8587770921200077,-0.7945476213599855,0.39132328602899025,-0.5205334053213101,-2.159059439545565,-2.2765947275779777,1.2067226317256237,-0.5804265724323426,-0.33935830296672576,-1.7946001234243,0.0030900835754571615,-0.026472235899217628,-0.2821399339197717,-0.6410193333275724,1.3417567746953152,-0.9309624072823499,-1.6260781611314261,-0.6820815803750979,-1.7174767748909223,0.06401366616456539,-1.1495324016863508,-0.9163725745183509,0.9392985001092633,-3.9513778266017074,-2.8201124160381625,0.23506350229761397,1.1387226370327865,-3.1016708053935154,3.298505927969922,0.7766160888724718,0.10264872521571566,-0.20715516305068077,-1.273809416597154,-0.6002019478551751,1.4031579019546652,1.9029536816220445,-1.6360852959255465,-0.376977191392729,-0.5109650585774372,0.17302844324286124,-2.2171353285480344,0.7725678136485881,-0.33906538130969455,0.39022272738644076,1.4188424724732354,0.127492568140596,-0.5553945032705838,-1.945879927611846,-0.27144054610888757,0.5726981221854851,-1.30328968050792,-0.23133929678812926,-1.2075304087812415,-0.4070849449662902,0.6211555251563001,0.9006091058868869,0.371954948120803,2.9572989873489886,0.2463547675475711,0.36937298007688835,-1.4189899371993233,-0.007316571290008678,-0.015807857067996922,0.1535014596130742,-0.08618296526915417,-2.404695951179009,-1.9490406263211573,-0.8489746980400449,-1.625848979449617;3.4808065776743202,0.8723372919804471,-0.4293885430846588,1.6128651979442328,0.8318245037690412,-1.2453068219403038,2.0560628672339445,-0.4866284179142582,-0.7133791044129464,0.8010172661180419,1.4424108573847378,-0.6103551075070955,-0.33607871592092176,-0.5521695245585503,-2.7977532815928297,-0.9489672034263006,-2.1090291179007346,1.3862290758476772,1.532797521543101,0.12739393906015883,-1.3017290374098225,0.9413449165405718,2.1919640940881613,-0.9988376871432829,-0.9115548171311805,-0.8819451844821791,-0.8948716360537634,0.7359859480473583,-1.5282052389177028,-2.116501696541168,-0.10224040750268937,0.09096539428520323,-1.9511964654913818,0.9063667163114919,-0.3830722727934296,0.39087216407308617,-0.09551086209198983,0.07690072671678563,-2.144346315606136,0.7592810526736657,0.29987936221110745,0.6841510046985967,0.9757755996708546,-1.7063235568486457,-1.3183123260116705,0.2633782406049863,0.7085895783107468,0.5707101606332952,-0.28681229405074504,-1.1778461179397661,0.4937736947171985,0.9726388243685711,-1.0831866479660615,-0.2841487424073051,-1.7310396008811508,0.5148383782141979,2.1244127611160812,0.8191727403948448,-2.0575899096911034,1.652299783069465,-0.1742536578452664,-1.397142366975874,0.4386134895796823,0.5543735539674428,0.9206246507358162,1.739202297871384,1.984850583755654,-0.8791051450211873,-1.1353619629367668,-0.9865315127971894,0.4147591393272914,2.5052064922767885,0.9333584837796104,0.14839077568167225,-3.665872786919659,1.1595270831190352,-1.8995521773218804,1.6791254526106865,0.8369622308569841,-0.2787848019463761,-0.35232972795107964,1.5303121657301522,-1.0852627657914886,-1.097556802939968,-2.2410361277878104,0.30309142568239106,1.766974713357016,1.4101536994115342,1.6901863993420951,-1.66844628371785,-3.1185637045974692,-0.07150675433025971,-0.29102217953127785,-2.468022185728434,-2.209678430291211,0.5595790499900356,-0.4106524460931102,-1.1650189015083812,-2.414348030627518,0.48596529667899124,-1.7389824383905492,-0.130119524374894,-0.673523220388486,1.036760224464647,-1.5078116966889867,-2.38030231596883,1.7315177337150025,-0.4158392307493001,1.197024085641991,-2.6359819441903043,-1.5029172256508878,-0.62341844668839,-1.7763310825202934,-2.1838903735046222,2.5438394435997687,-1.115223010031041,-1.6939649215478008,3.106131119206164,0.5461515206340716,0.8305627840175557,-0.2820627484522819,1.4527155113088093,1.8397980495908186,-0.79069820211579,1.3183284360356766,-2.0791958202943137,-0.05596644222363596,-0.5543298899183197,0.5039581261403177,-2.12557653857707,-0.5140396887876956,-1.2005417486665866,0.6160799490103331,0.8500832562407705,-1.7105345194567676,-0.573799697463271,-0.45887724737028646,-0.42630540311469145,0.28243380563304055,-0.33833115597464386,-0.5953100586126833,-1.874630652437709,-1.5670740907654928,0.6620831833619711,0.7959972645297522,-0.66012443648237,3.3983162667910882,-0.5593194951991675,-0.049495828510796855,-1.815687655577179,0.04898795334449846,-1.9244571187924735,2.342469956025628,-0.5267219926347473,-0.8791652150709732,-0.7788196078283778,-0.690777679366964,-0.6739376972334357
3;158;85191.41666817665;3877;5342;0.047412;0.372919;0.048803/0.04952/0.067019/0.136727/0.09831/0.049126/0.049769/0.055292/0.049707/0.051755/0.0732/0.081623/0.098791/0.060243/0.090501/0.134462/0.054506/0.081956/0.05097/0.051158/0.082967/0.075432/0.056304/0.060286/0.12735/0.051746/0.076651/0.058613/0.123068/0.051019/0.065789/0.04891/0.079944/0.075787/0.050267/0.047412/0.074626/0.102207/0.050343/0.049265/0.067338/0.054346/0.054822/0.050124/0.052844/0.058436/0.157951/0.049899/0.054167/0.052779/0.049959/0.075225/0.050228/0.096244/0.052933/0.054969/0.050498/0.05894/0.052684/0.049546/0.069622/0.052469/0.050586/0.0539/0.051064/0.050064/0.05177/0.049137/0.049584/0.048892/0.05161/0.081742/0.133857/0.049327/0.0987/0.053093/0.048719/0.050074/0.052419/0.050674/0.108741/0.087798/0.073784/0.052548/0.065428/0.074388/0.052757/0.072531/0.051291/0.052207/0.049771/0.057235/0.049398/0.05307/0.048246/0.051838/0.048653/0.077541/0.051404/0.048832;0.0/0.0/0.383887/0.580559/0.652556/0.0/0.0/0.294564/0.006445/0.435754/0.504203/0.408386/0.509912/0.342721/0.60153/0.516988/0.583256/0.422252/0.226153/0.212795/0.506995/0.870447/0.345551/0.37312/0.709778/0.480296/0.431967/0.389558/0.575989/0.394243/0.558212/4.8e-05/0.594109/0.545694/0.149309/0.372919/0.411246/0.514062/0.467062/0.224576/0.425541/0.385561/0.399206/0.327774/0.206971/0.366273/0.756873/0.002219/0.290098/0.290012/0.114683/0.395267/0.221573/0.473402/0.323911/0.418178/0.160698/0.388697/0.416333/0.374898/0.458781/0.18251/0.167373/0.699316/0.161511/0.091188/0.361377/0.305302/0.035907/0.0/0.425628/0.44306/0.554243/0.036481/0.447421/0.362859/0.22121/0.421497/0.31431/0.3246/0.512082/0.51934/0.444188/0.376935/0.468439/0.444236/0.221076/0.396538/0.34514/0.297385/0.179594/0.329008/0.249515/0.383323/0.0/0.319417/0.1965/0.680574/0.432828/0.183027;0.075432/0.0539/0.051746/0.050343/0.050074/0.049546/0.047412;0.870447/0.699316/0.480296/0.467062/0.421497/0.374898/0.372919;3.962348258312918,0.8339885646398719,-1.007793362480925,-0.2184625022447242,1.5379335089084878,-1.2219682106178884,2.086643429391695,0.3990205524591274,0.7373856257481506,1.0031905822232812,-0.9170014086173379,-0.33301527269660747,-0.06658958552078464,-0.7441993918064447,-1.7580419581499847,-1.0709039252833055,-0.13633235006261368,1.0671874518563818,1.416036010040315,-0.6764373579911961,-0.2528779273230124,1.3864902327515567,0.7124389429934609,-0.9134811966593819,0.3126317086033736,-1.9008880944614903,-2.1061867267013232,1.5131046708525724,-2.3973883765155226,-2.3075623322269703,-1.0309901352510602,-1.3807585547892005,-0.7927658302926817,1.8324112437069218,-2.0212897106163914,0.331815038322927,-0.736575562543405,1.6872952076183398,0.03438295917628417,0.5946222219955912,0.11178981004178723,0.692489770862007,-0.09038918989431771,-0.606886238434369,-0.46209764504059364,-0.42221745297613755,0.5063538220682972,1.5681129390097743,0.013499993124852089,0.34068565460125017,-0.8915367697414908,0.1786107731238437,-1.2846452336563858,0.5293864074800793,-2.5468149827751407,-0.7824093689987637,0.8329464259317579,1.7082185787293795,-2.476167995979677,1.041681924654354,0.08063287253346466,-2.0299094422822788,-0.939714893149719,-0.18914089737186826,0.9099712287743175,2.1049416198062456,0.5903387781059164,0.18602790852412465,0.0854971117344111,0.12282087252184085,1.7418879508129845,3.3859857531984097,1.6983552639033075,-0.10154510393714372,-3.3244806189269824,0.7687531498359867,-1.6848216935513642,1.143928385066737,0.3263817179705776,-0.9152986357626633,0.5772500589811952,2.931823907634211,-1.7857715708612139,-1.1335627355323095,-2.2465359582079905,-1.2191013640188155,1.5003515610029745,2.584722186912842,0.3017153957988893,-0.8587770921200077,-0.7945476213599855,0.39132328602899025,-0.5205334053213101,-2.159059439545565,-2.2765947275779777,1.2067226317256237,-0.5804265724323426,-0.33935830296672576,-1.7946001234243,0.0030900835754571615,-0.026472235899217628,-0.2821399339197717,-0.6410193333275724,1.3417567746953152,-0.9309624072823499,-1.6260781611314261,-0.6820815803750979,-1.7174767748909223,0.06401366616456539,-1.1495324016863508,-0.9163725745183509,0.9392985001092633,-3.9513778266017074,-2.8201124160381625,0.23506350229761397,1.1387226370327865,-3.1016708053935154,3.298505927969922,0.7766160888724718,0.10264872521571566,-0.20715516305068077,-1.273809416597154,-0.6002019478551751,1.4031579019546652,1.9029536816220445,-1.6360852959255465,-0.376977191392729,-0.5109650585774372,0.17302844324286124,-2.2171353285480344,0.7725678136485881,-0.33906538130969455,0.39022272738644076,1.4188424724732354,0.127492568140596,-0.5553945032705838,-1.945879927611846,-0.27144054610888757,0.5726981221854851,-1.30328968050792,-0.23133929678812926,-1.2075304087812415,-0.4070849449662902,0.6211555251563001,0.9006091058868869,0.371954948120803,2.9572989873489886,0.2463547675475711,0.36937298007688835,-1.4189899371993233,-0.007316571290008678,-0.015807857067996922,0.1535014596130742,-0.08618296526915417,-2.404695951179009,-1.9490406263211573,-0.8489746980400449,-1.625848979449617;3.4808065776743202,0.8723372919804471,-0.4293885430846588,1.6128651979442328,0.8318245037690412,-1.2453068219403038,2.0560628672339445,-0.4866284179142582,-0.7133791044129464,0.8010172661180419,1.4424108573847378,-0.6103551075070955,-0.33607871592092176,-0.5521695245585503,-2.7977532815928297,-0.9489672034263006,-2.1090291179007346,1.3862290758476772,1.532797521543101,0.12739393906015883,-1.3017290374098225,0.9413449165405718,2.1919640940881613,-0.9988376871432829,-0.9115548171311805,-0.8819451844821791,-0.8948716360537634,0.7359859480473583,-1.5282052389177028,-2.116501696541168,-0.10224040750268937,0.09096539428520323,-1.9511964654913818,0.9063667163114919,-0.3830722727934296,0.39087216407308617,-0.09551086209198983,0.07690072671678563,-2.144346315606136,0.7592810526736657,0.29987936221110745,0.6841510046985967,0.9757755996708546,-1.7063235568486457,-1.3183123260116705,0.2633782406049863,0.7085895783107468,0.5707101606332952,-0.28681229405074504,-1.1778461179397661,0.4937736947171985,0.9726388243685711,-1.0831866479660615,-0.2841487424073051,-1.7310396008811508,0.5148383782141979,2.1244127611160812,0.8191727403948448,-2.0575899096911034,1.652299783069465,-0.1742536578452664,-1.397142366975874,0.4386134895796823,0.5543735539674428,0.9206246507358162,1.739202297871384,1.984850583755654,-0.8791051450211873,-1.1353619629367668,-0.9865315127971894,0.4147591393272914,2.5052064922767885,0.9333584837796104,0.14839077568167225,-3.665872786919659,1.1595270831190352,-1.8995521773218804,1.6791254526106865,0.8369622308569841,-0.2787848019463761,-0.35232972795107964,1.5303121657301522,-1.0852627657914886,-1.097556802939968,-2.2410361277878104,0.30309142568239106,1.766974713357016,1.4101536994115342,1.6901863993420951,-1.66844628371785,-3.1185637045974692,-0.07150675433025971,-0.29102217953127785,-2.468022185728434,-2.209678430291211,0.5595790499900356,-0.4106524460931102,-1.1650189015083812,-2.414348030627518,0.48596529667899124,-1.7389824383905492,-0.130119524374894,-0.673523220388486,1.036760224464647,-1.5078116966889867,-2.38030231596883,1.7315177337150025,-0.4158392307493001,1.197024085641991,-2.6359819441903043,-1.5029172256508878,-0.62341844668839,-1.7763310825202934,-2.1838903735046222,2.5438394435997687,-1.115223010031041,-1.6939649215478008,3.106131119206164,0.5461515206340716,0.8305627840175557,-0.2820627484522819,1.4527155113088093,1.8397980495908186,-0.79069820211579,1.3183284360356766,-2.0791958202943137,-0.05596644222363596,-0.5543298899183197,0.5039581261403177,-2.12557653857707,-0.5140396887876956,-1.2005417486665866,0.6160799490103331,0.8500832562407705,-1.7105345194567676,-0.573799697463271,-0.45887724737028646,-0.42630540311469145,0.28243380563304055,-0.33833115597464386,-0.5953100586126833,-1.874630652437709,-1.5670740907654928,0.6620831833619711,0.7959972645297522,-0.66012443648237,3.3983162667910882,-0.5593194951991675,-0.049495828510796855,-1.815687655577179,0.04898795334449846,-1.9244571187924735,2.342469956025628,-0.5267219926347473,-0.8791652150709732,-0.7788196078283778,-0.690777679366964,-0.6739376972334357
3;159;85736.36058139801;3877;5342;0.047412;0.372919;0.048803/0.04952/0.067019/0.136727/0.09831/0.049126/0.049769/0.055292/0.049707/0.051755/0.0732/0.081623/0.098791/0.060243/0.090501/0.134462/0.054506/0.081956/0.05097/0.051158/0.082967/0.075432/0.056304/0.060286/0.12735/0.051746/0.076651/0.058613/0.123068/0.051019/0.065789/0.04891/0.079944/0.075787/0.050267/0.047412/0.074626/0.102207/0.050343/0.049265/0.067338/0.054346/0.054822/0.050124/0.058436/0.157951/0.049899/0.054167/0.052779/0.049959/0.075225/0.050228/0.096244/0.052933/0.054969/0.050498/0.05894/0.052684/0.049546/0.069622/0.052469/0.050586/0.0539/0.051064/0.050064/0.05177/0.049137/0.049584/0.048892/0.05161/0.081742/0.133857/0.049327/0.0987/0.053093/0.048719/0.050074/0.052419/0.050674/0.108741/0.087798/0.073784/0.052548/0.065428/0.074388/0.052757/0.072531/0.051291/0.052207/0.049771/0.057235/0.049398/0.05307/0.048246/0.051838/0.048653/0.077541/0.051404/0.048832/0.050452;0.0/0.0/0.383887/0.580559/0.652556/0.0/0.0/0.294564/0.006445/0.435754/0.504203/0.408386/0.509912/0.342721/0.60153/0.516988/0.583256/0.422252/0.226153/0.212795/0.506995/0.870447/0.345551/0.37312/0.709778/0.480296/0.431967/0.389558/0.575989/0.394243/0.558212/4.8e-05/0.594109/0.545694/0.149309/0.372919/0.411246/0.514062/0.467062/0.224576/0.425541/0.385561/0.399206/0.327774/0.366273/0.756873/0.002219/0.290098/0.290012/0.114683/0.395267/0.221573/0.473402/0.323911/0.418178/0.160698/0.388697/0.416333/0.374898/0.458781/0.18251/0.167373/0.699316/0.161511/0.091188/0.361377/0.305302/0.035907/0.0/0.425628/0.44306/0.554243/0.036481/0.447421/0.362859/0.22121/0.421497/0.31431/0.3246/0.512082/0.51934/0.444188/0.376935/0.468439/0.444236/0.221076/0.396538/0.34514/0.297385/0.179594/0.329008/0.249515/0.383323/0.0/0.319417/0.1965/0.680574/0.432828/0.183027/0.0;0.075432/0.0539/0.051746/0.050343/0.050074/0.049546/0.047412;0.870447/0.699316/0.480296/0.467062/0.421497/0.374898/0.372919;3.962348258312918,0.8339885646398719,-1.007793362480925,-0.2184625022447242,1.5379335089084878,-1.2219682106178884,2.086643429391695,0.3990205524591274,0.7373856257481506,1.0031905822232812,-0.9170014086173379,-0.33301527269660747,-0.06658958552078464,-0.7441993918064447,-1.7580419581499847,-1.0709039252833055,-0.13633235006261368,1.0671874518563818,1.416036010040315,-0.6764373579911961,-0.2528779273230124,1.3864902327515567,0.7124389429934609,-0.9134811966593819,0.3126317086033736,-1.9008880944614903,-2.1061867267013232,1.5131046708525724,-2.3973883765155226,-2.3075623322269703,-1.0309901352510602,-1.3807585547892005,-0.7927658302926817,1.8324112437069218,-2.0212897106163914,0.331815038322927,-0.736575562543405,1.6872952076183398,0.03438295917628417,0.5946222219955912,0.11178981004178723,0.692489770862007,-0.09038918989431771,-0.606886238434369,-0.46209764504059364,-0.42221745297613755,0.5063538220682972,1.5681129390097743,0.013499993124852089,0.34068565460125017,-0.8915367697414908,0.1786107731238437,-1.2846452336563858,0.5293864074800793,-2.5468149827751407,-0.7824093689987637,0.8329464259317579,1.7082185787293795,-2.476167995979677,1.041681924654354,0.08063287253346466,-2.0299094422822788,-0.939714893149719,-0.18914089737186826,0.9099712287743175,2.1049416198062456,0.5903387781059164,0.18602790852412465,0.0854971117344111,0.12282087252184085,1.7418879508129845,3.3859857531984097,1.6983552639033075,-0.10154510393714372,-3.3244806189269824,0.7687531498359867,-1.6848216935513642,1.143928385066737,0.3263817179705776,-0.9152986357626633,0.5772500589811952,2.931823907634211,-1.7857715708612139,-1.1335627355323095,-2.2465359582079905,-1.2191013640188155,1.5003515610029745,2.584722186912842,0.3017153957988893,-0.8587770921200077,-0.7945476213599855,0.39132328602899025,-0.5205334053213101,-2.159059439545565,-2.2765947275779777,1.2067226317256237,-0.5804265724323426,-0.33935830296672576,-1.7946001234243,0.0030900835754571615,-0.026472235899217628,-0.2821399339197717,-0.6410193333275724,1.3417567746953152,-0.9309624072823499,-1.6260781611314261,-0.6820815803750979,-1.7174767748909223,0.06401366616456539,-1.1495324016863508,-0.9163725745183509,0.9392985001092633,-3.9513778266017074,-2.8201124160381625,0.23506350229761397,1.1387226370327865,-3.1016708053935154,3.298505927969922,0.7766160888724718,0.10264872521571566,-0.20715516305068077,-1.273809416597154,-0.6002019478551751,1.4031579019546652,1.9029536816220445,-1.6360852959255465,-0.376977191392729,-0.5109650585774372,0.17302844324286124,-2.2171353285480344,0.7725678136485881,-0.33906538130969455,0.39022272738644076,1.4188424724732354,0.127492568140596,-0.5553945032705838,-1.945879927611846,-0.27144054610888757,0.5726981221854851,-1.30328968050792,-0.23133929678812926,-1.2075304087812415,-0.4070849449662902,0.6211555251563001,0.9006091058868869,0.371954948120803,2.9572989873489886,0.2463547675475711,0.36937298007688835,-1.4189899371993233,-0.007316571290008678,-0.015807857067996922,0.1535014596130742,-0.08618296526915417,-2.404695951179009,-1.9490406263211573,-0.8489746980400449,-1.625848979449617;3.4808065776743202,0.8723372919804471,-0.4293885430846588,1.6128651979442328,0.8318245037690412,-1.2453068219403038,2.0560628672339445,-0.4866284179142582,-0.7133791044129464,0.8010172661180419,1.4424108573847378,-0.6103551075070955,-0.33607871592092176,-0.5521695245585503,-2.7977532815928297,-0.9489672034263006,-2.1090291179007346,1.3862290758476772,1.532797521543101,0.12739393906015883,-1.3017290374098225,0.9413449165405718,2.1919640940881613,-0.9988376871432829,-0.9115548171311805,-0.8819451844821791,-0.8948716360537634,0.7359859480473583,-1.5282052389177028,-2.116501696541168,-0.10224040750268937,0.09096539428520323,-1.9511964654913818,0.9063667163114919,-0.3830722727934296,0.39087216407308617,-0.09551086209198983,0.07690072671678563,-2.144346315606136,0.7592810526736657,0.29987936221110745,0.6841510046985967,0.9757755996708546,-1.7063235568486457,-1.3183123260116705,0.2633782406049863,0.7085895783107468,0.5707101606332952,-0.28681229405074504,-1.1778461179397661,0.4937736947171985,0.9726388243685711,-1.0831866479660615,-0.2841487424073051,-1.7310396008811508,0.5148383782141979,2.1244127611160812,0.8191727403948448,-2.0575899096911034,1.652299783069465,-0.1742536578452664,-1.397142366975874,0.4386134895796823,0.5543735539674428,0.9206246507358162,1.739202297871384,1.984850583755654,-0.8791051450211873,-1.1353619629367668,-0.9865315127971894,0.4147591393272914,2.5052064922767885,0.9333584837796104,0.14839077568167225,-3.665872786919659,1.1595270831190352,-1.8995521773218804,1.6791254526106865,0.8369622308569841,-0.2787848019463761,-0.35232972795107964,1.5303121657301522,-1.0852627657914886,-1.097556802939968,-2.2410361277878104,0.30309142568239106,1.766974713357016,1.4101536994115342,1.6901863993420951,-1.66844628371785,-3.1185637045974692,-0.07150675433025971,-0.29102217953127785,-2.468022185728434,-2.209678430291211,0.5595790499900356,-0.4106524460931102,-1.1650189015083812,-2.414348030627518,0.48596529667899124,-1.7389824383905492,-0.130119524374894,-0.673523220388486,1.036760224464647,-1.5078116966889867,-2.38030231596883,1.7315177337150025,-0.4158392307493001,1.197024085641991,-2.6359819441903043,-1.5029172256508878,-0.62341844668839,-1.7763310825202934,-2.1838903735046222,2.5438394435997687,-1.115223010031041,-1.6939649215478008,3.106131119206164,0.5461515206340716,0.8305627840175557,-0.2820627484522819,1.4527155113088093,1.8397980495908186,-0.79069820211579,1.3183284360356766,-2.0791958202943137,-0.05596644222363596,-0.5543298899183197,0.5039581261403177,-2.12557653857707,-0.5140396887876956,-1.2005417486665866,0.6160799490103331,0.8500832562407705,-1.7105345194567676,-0.573799697463271,-0.45887724737028646,-0.42630540311469145,0.28243380563304055,-0.33833115597464386,-0.5953100586126833,-1.874630652437709,-1.5670740907654928,0.6620831833619711,0.7959972645297522,-0.66012443648237,3.3983162667910882,-0.5593194951991675,-0.049495828510796855,-1.815687655577179,0.04898795334449846,-1.9244571187924735,2.342469956025628,-0.5267219926347473,-0.8791652150709732,-0.7788196078283778,-0.690777679366964,-0.6739376972334357
3;160;86292.59595346451;3877;5342;0.047412;0.372919;0.048803/0.04952/0.067019/0.136727/0.09831/0.049126/0.049769/0.055292/0.049707/0.051755/0.0732/0.081623/0.098791/0.060243/0.090501/0.134462/0.054506/0.081956/0.05097/0.051158/0.082967/0.075432/0.056304/0.060286/0.12735/0.051746/0.076651/0.058613/0.123068/0.051019/0.065789/0.04891/0.079944/0.075787/0.050267/0.047412/0.074626/0.102207/0.050343/0.049265/0.067338/0.054346/0.054822/0.050124/0.058436/0.157951/0.049899/0.054167/0.052779/0.049959/0.075225/0.050228/0.096244/0.052933/0.054969/0.050498/0.05894/0.052684/0.049546/0.069622/0.052469/0.050586/0.0539/0.051064/0.050064/0.05177/0.049137/0.049584/0.048892/0.05161/0.081742/0.133857/0.049327/0.0987/0.053093/0.048719/0.050074/0.052419/0.050674/0.108741/0.087798/0.073784/0.052548/0.065428/0.074388/0.052757/0.072531/0.051291/0.052207/0.049771/0.057235/0.049398/0.05307/0.048246/0.051838/0.048653/0.077541/0.051404/0.048832/0.049234;0.0/0.0/0.383887/0.580559/0.652556/0.0/0.0/0.294564/0.006445/0.435754/0.504203/0.408386/0.509912/0.342721/0.60153/0.516988/0.583256/0.422252/0.226153/0.212795/0.506995/0.870447/0.345551/0.37312/0.709778/0.480296/0.431967/0.389558/0.575989/0.394243/0.558212/4.8e-05/0.594109/0.545694/0.149309/0.372919/0.411246/0.514062/0.467062/0.224576/0.425541/0.385561/0.399206/0.327774/0.366273/0.756873/0.002219/0.290098/0.290012/0.114683/0.395267/0.221573/0.473402/0.323911/0.418178/0.160698/0.388697/0.416333/0.374898/0.458781/0.18251/0.167373/0.699316/0.161511/0.091188/0.361377/0.305302/0.035907/0.0/0.425628/0.44306/0.554243/0.036481/0.447421/0.362859/0.22121/0.421497/0.31431/0.3246/0.512082/0.51934/0.444188/0.376935/0.468439/0.444236/0.221076/0.396538/0.34514/0.297385/0.179594/0.329008/0.249515/0.383323/0.0/0.319417/0.1965/0.680574/0.432828/0.183027/0.0;0.075432/0.0539/0.051746/0.050343/0.050074/0.049546/0.047412;0.870447/0.699316/0.480296/0.467062/0.421497/0.374898/0.372919;3.962348258312918,0.8339885646398719,-1.007793362480925,-0.2184625022447242,1.5379335089084878,-1.2219682106178884,2.086643429391695,0.3990205524591274,0.7373856257481506,1.0031905822232812,-0.9170014086173379,-0.33301527269660747,-0.06658958552078464,-0.7441993918064447,-1.7580419581499847,-1.0709039252833055,-0.13633235006261368,1.0671874518563818,1.416036010040315,-0.6764373579911961,-0.2528779273230124,1.3864902327515567,0.7124389429934609,-0.9134811966593819,0.3126317086033736,-1.9008880944614903,-2.1061867267013232,1.5131046708525724,-2.3973883765155226,-2.3075623322269703,-1.0309901352510602,-1.3807585547892005,-0.7927658302926817,1.8324112437069218,-2.0212897106163914,0.331815038322927,-0.736575562543405,1.6872952076183398,0.03438295917628417,0.5946222219955912,0.11178981004178723,0.692489770862007,-0.09038918989431771,-0.606886238434369,-0.46209764504059364,-0.42221745297613755,0.5063538220682972,1.5681129390097743,0.013499993124852089,0.34068565460125017,-0.8915367697414908,0.1786107731238437,-1.2846452336563858,0.5293864074800793,-2.5468149827751407,-0.7824093689987637,0.8329464259317579,1.7082185787293795,-2.476167995979677,1.041681924654354,0.08063287253346466,-2.0299094422822788,-0.939714893149719,-0.18914089737186826,0.9099712287743175,2.1049416198062456,0.5903387781059164,0.18602790852412465,0.0854971117344111,0.12282087252184085,1.7418879508129845,3.3859857531984097,1.6983552639033075,-0.10154510393714372,-3.3244806189269824,0.7687531498359867,-1.6848216935513642,1.143928385066737,0.3263817179705776,-0.9152986357626633,0.5772500589811952,2.931823907634211,-1.7857715708612139,-1.1335627355323095,-2.2465359582079905,-1.2191013640188155,1.5003515610029745,2.584722186912842,0.3017153957988893,-0.8587770921200077,-0.7945476213599855,0.39132328602899025,-0.5205334053213101,-2.159059439545565,-2.2765947275779777,1.2067226317256237,-0.5804265724323426,-0.33935830296672576,-1.7946001234243,0.0030900835754571615,-0.026472235899217628,-0.2821399339197717,-0.6410193333275724,1.3417567746953152,-0.9309624072823499,-1.6260781611314261,-0.6820815803750979,-1.7174767748909223,0.06401366616456539,-1.1495324016863508,-0.9163725745183509,0.9392985001092633,-3.9513778266017074,-2.8201124160381625,0.23506350229761397,1.1387226370327865,-3.1016708053935154,3.298505927969922,0.7766160888724718,0.10264872521571566,-0.20715516305068077,-1.273809416597154,-0.6002019478551751,1.4031579019546652,1.9029536816220445,-1.6360852959255465,-0.376977191392729,-0.5109650585774372,0.17302844324286124,-2.2171353285480344,0.7725678136485881,-0.33906538130969455,0.39022272738644076,1.4188424724732354,0.127492568140596,-0.5553945032705838,-1.945879927611846,-0.27144054610888757,0.5726981221854851,-1.30328968050792,-0.23133929678812926,-1.2075304087812415,-0.4070849449662902,0.6211555251563001,0.9006091058868869,0.371954948120803,2.9572989873489886,0.2463547675475711,0.36937298007688835,-1.4189899371993233,-0.007316571290008678,-0.015807857067996922,0.1535014596130742,-0.08618296526915417,-2.404695951179009,-1.9490406263211573,-0.8489746980400449,-1.625848979449617;3.4808065776743202,0.8723372919804471,-0.4293885430846588,1.6128651979442328,0.8318245037690412,-1.2453068219403038,2.0560628672339445,-0.4866284179142582,-0.7133791044129464,0.8010172661180419,1.4424108573847378,-0.6103551075070955,-0.33607871592092176,-0.5521695245585503,-2.7977532815928297,-0.9489672034263006,-2.1090291179007346,1.3862290758476772,1.532797521543101,0.12739393906015883,-1.3017290374098225,0.9413449165405718,2.1919640940881613,-0.9988376871432829,-0.9115548171311805,-0.8819451844821791,-0.8948716360537634,0.7359859480473583,-1.5282052389177028,-2.116501696541168,-0.10224040750268937,0.09096539428520323,-1.9511964654913818,0.9063667163114919,-0.3830722727934296,0.39087216407308617,-0.09551086209198983,0.07690072671678563,-2.144346315606136,0.7592810526736657,0.29987936221110745,0.6841510046985967,0.9757755996708546,-1.7063235568486457,-1.3183123260116705,0.2633782406049863,0.7085895783107468,0.5707101606332952,-0.28681229405074504,-1.1778461179397661,0.4937736947171985,0.9726388243685711,-1.0831866479660615,-0.2841487424073051,-1.7310396008811508,0.5148383782141979,2.1244127611160812,0.8191727403948448,-2.0575899096911034,1.652299783069465,-0.1742536578452664,-1.397142366975874,0.4386134895796823,0.5543735539674428,0.9206246507358162,1.739202297871384,1.984850583755654,-0.8791051450211873,-1.1353619629367668,-0.9865315127971894,0.4147591393272914,2.5052064922767885,0.9333584837796104,0.14839077568167225,-3.665872786919659,1.1595270831190352,-1.8995521773218804,1.6791254526106865,0.8369622308569841,-0.2787848019463761,-0.35232972795107964,1.5303121657301522,-1.0852627657914886,-1.097556802939968,-2.2410361277878104,0.30309142568239106,1.766974713357016,1.4101536994115342,1.6901863993420951,-1.66844628371785,-3.1185637045974692,-0.07150675433025971,-0.29102217953127785,-2.468022185728434,-2.209678430291211,0.5595790499900356,-0.4106524460931102,-1.1650189015083812,-2.414348030627518,0.48596529667899124,-1.7389824383905492,-0.130119524374894,-0.673523220388486,1.036760224464647,-1.5078116966889867,-2.38030231596883,1.7315177337150025,-0.4158392307493001,1.197024085641991,-2.6359819441903043,-1.5029172256508878,-0.62341844668839,-1.7763310825202934,-2.1838903735046222,2.5438394435997687,-1.115223010031041,-1.6939649215478008,3.106131119206164,0.5461515206340716,0.8305627840175557,-0.2820627484522819,1.4527155113088093,1.8397980495908186,-0.79069820211579,1.3183284360356766,-2.0791958202943137,-0.05596644222363596,-0.5543298899183197,0.5039581261403177,-2.12557653857707,-0.5140396887876956,-1.2005417486665866,0.6160799490103331,0.8500832562407705,-1.7105345194567676,-0.573799697463271,-0.45887724737028646,-0.42630540311469145,0.28243380563304055,-0.33833115597464386,-0.5953100586126833,-1.874630652437709,-1.5670740907654928,0.6620831833619711,0.7959972645297522,-0.66012443648237,3.3983162667910882,-0.5593194951991675,-0.049495828510796855,-1.815687655577179,0.04898795334449846,-1.9244571187924735,2.342469956025628,-0.5267219926347473,-0.8791652150709732,-0.7788196078283778,-0.690777679366964,-0.6739376972334357
3;161;86846.71686506271;3877;5342;0.047412;0.372919;0.048803/0.04952/0.067019/0.136727/0.09831/0.049126/0.049769/0.055292/0.049707/0.051755/0.0732/0.081623/0.098791/0.060243/0.090501/0.134462/0.054506/0.081956/0.05097/0.051158/0.082967/0.075432/0.056304/0.060286/0.12735/0.051746/0.076651/0.058613/0.123068/0.051019/0.065789/0.04891/0.079944/0.075787/0.050267/0.047412/0.074626/0.102207/0.050343/0.049265/0.067338/0.054346/0.054822/0.050124/0.058436/0.157951/0.049899/0.054167/0.052779/0.049959/0.075225/0.050228/0.096244/0.052933/0.054969/0.050498/0.05894/0.052684/0.049546/0.069622/0.052469/0.050586/0.0539/0.051064/0.050064/0.05177/0.049137/0.049584/0.048892/0.05161/0.081742/0.133857/0.049327/0.0987/0.053093/0.048719/0.050074/0.052419/0.050674/0.108741/0.087798/0.073784/0.052548/0.065428/0.074388/0.052757/0.072531/0.051291/0.052207/0.049771/0.049398/0.05307/0.048246/0.051838/0.048653/0.077541/0.051404/0.048832/0.049234/0.123112;0.0/0.0/0.383887/0.580559/0.652556/0.0/0.0/0.294564/0.006445/0.435754/0.504203/0.408386/0.509912/0.342721/0.60153/0.516988/0.583256/0.422252/0.226153/0.212795/0.506995/0.870447/0.345551/0.37312/0.709778/0.480296/0.431967/0.389558/0.575989/0.394243/0.558212/4.8e-05/0.594109/0.545694/0.149309/0.372919/0.411246/0.514062/0.467062/0.224576/0.425541/0.385561/0.399206/0.327774/0.366273/0.756873/0.002219/0.290098/0.290012/0.114683/0.395267/0.221573/0.473402/0.323911/0.418178/0.160698/0.388697/0.416333/0.374898/0.458781/0.18251/0.167373/0.699316/0.161511/0.091188/0.361377/0.305302/0.035907/0.0/0.425628/0.44306/0.554243/0.036481/0.447421/0.362859/0.22121/0.421497/0.31431/0.3246/0.512082/0.51934/0.444188/0.376935/0.468439/0.444236/0.221076/0.396538/0.34514/0.297385/0.179594/0.249515/0.383323/0.0/0.319417/0.1965/0.680574/0.432828/0.183027/0.0/0.808099;0.075432/0.0539/0.051746/0.050343/0.050074/0.049546/0.047412;0.870447/0.699316/0.480296/0.467062/0.421497/0.374898/0.372919;3.962348258312918,0.8339885646398719,-1.007793362480925,-0.2184625022447242,1.5379335089084878,-1.2219682106178884,2.086643429391695,0.3990205524591274,0.7373856257481506,1.0031905822232812,-0.9170014086173379,-0.33301527269660747,-0.06658958552078464,-0.7441993918064447,-1.7580419581499847,-1.0709039252833055,-0.13633235006261368,1.0671874518563818,1.416036010040315,-0.6764373579911961,-0.2528779273230124,1.3864902327515567,0.7124389429934609,-0.9134811966593819,0.3126317086033736,-1.9008880944614903,-2.1061867267013232,1.5131046708525724,-2.3973883765155226,-2.3075623322269703,-1.0309901352510602,-1.3807585547892005,-0.7927658302926817,1.8324112437069218,-2.0212897106163914,0.331815038322927,-0.736575562543405,1.6872952076183398,0.03438295917628417,0.5946222219955912,0.11178981004178723,0.692489770862007,-0.09038918989431771,-0.606886238434369,-0.46209764504059364,-0.42221745297613755,0.5063538220682972,1.5681129390097743,0.013499993124852089,0.34068565460125017,-0.8915367697414908,0.1786107731238437,-1.2846452336563858,0.5293864074800793,-2.5468149827751407,-0.7824093689987637,0.8329464259317579,1.7082185787293795,-2.476167995979677,1.041681924654354,0.08063287253346466,-2.0299094422822788,-0.939714893149719,-0.18914089737186826,0.9099712287743175,2.1049416198062456,0.5903387781059164,0.18602790852412465,0.0854971117344111,0.12282087252184085,1.7418879508129845,3.3859857531984097,1.6983552639033075,-0.10154510393714372,-3.3244806189269824,0.7687531498359867,-1.6848216935513642,1.143928385066737,0.3263817179705776,-0.9152986357626633,0.5772500589811952,2.931823907634211,-1.7857715708612139,-1.1335627355323095,-2.2465359582079905,-1.2191013640188155,1.5003515610029745,2.584722186912842,0.3017153957988893,-0.8587770921200077,-0.7945476213599855,0.39132328602899025,-0.5205334053213101,-2.159059439545565,-2.2765947275779777,1.2067226317256237,-0.5804265724323426,-0.33935830296672576,-1.7946001234243,0.0030900835754571615,-0.026472235899217628,-0.2821399339197717,-0.6410193333275724,1.3417567746953152,-0.9309624072823499,-1.6260781611314261,-0.6820815803750979,-1.7174767748909223,0.06401366616456539,-1.1495324016863508,-0.9163725745183509,0.9392985001092633,-3.9513778266017074,-2.8201124160381625,0.23506350229761397,1.1387226370327865,-3.1016708053935154,3.298505927969922,0.7766160888724718,0.10264872521571566,-0.20715516305068077,-1.273809416597154,-0.6002019478551751,1.4031579019546652,1.9029536816220445,-1.6360852959255465,-0.376977191392729,-0.5109650585774372,0.17302844324286124,-2.2171353285480344,0.7725678136485881,-0.33906538130969455,0.39022272738644076,1.4188424724732354,0.127492568140596,-0.5553945032705838,-1.945879927611846,-0.27144054610888757,0.5726981221854851,-1.30328968050792,-0.23133929678812926,-1.2075304087812415,-0.4070849449662902,0.6211555251563001,0.9006091058868869,0.371954948120803,2.9572989873489886,0.2463547675475711,0.36937298007688835,-1.4189899371993233,-0.007316571290008678,-0.015807857067996922,0.1535014596130742,-0.08618296526915417,-2.404695951179009,-1.9490406263211573,-0.8489746980400449,-1.625848979449617;3.4808065776743202,0.8723372919804471,-0.4293885430846588,1.6128651979442328,0.8318245037690412,-1.2453068219403038,2.0560628672339445,-0.4866284179142582,-0.7133791044129464,0.8010172661180419,1.4424108573847378,-0.6103551075070955,-0.33607871592092176,-0.5521695245585503,-2.7977532815928297,-0.9489672034263006,-2.1090291179007346,1.3862290758476772,1.532797521543101,0.12739393906015883,-1.3017290374098225,0.9413449165405718,2.1919640940881613,-0.9988376871432829,-0.9115548171311805,-0.8819451844821791,-0.8948716360537634,0.7359859480473583,-1.5282052389177028,-2.116501696541168,-0.10224040750268937,0.09096539428520323,-1.9511964654913818,0.9063667163114919,-0.3830722727934296,0.39087216407308617,-0.09551086209198983,0.07690072671678563,-2.144346315606136,0.7592810526736657,0.29987936221110745,0.6841510046985967,0.9757755996708546,-1.7063235568486457,-1.3183123260116705,0.2633782406049863,0.7085895783107468,0.5707101606332952,-0.28681229405074504,-1.1778461179397661,0.4937736947171985,0.9726388243685711,-1.0831866479660615,-0.2841487424073051,-1.7310396008811508,0.5148383782141979,2.1244127611160812,0.8191727403948448,-2.0575899096911034,1.652299783069465,-0.1742536578452664,-1.397142366975874,0.4386134895796823,0.5543735539674428,0.9206246507358162,1.739202297871384,1.984850583755654,-0.8791051450211873,-1.1353619629367668,-0.9865315127971894,0.4147591393272914,2.5052064922767885,0.9333584837796104,0.14839077568167225,-3.665872786919659,1.1595270831190352,-1.8995521773218804,1.6791254526106865,0.8369622308569841,-0.2787848019463761,-0.35232972795107964,1.5303121657301522,-1.0852627657914886,-1.097556802939968,-2.2410361277878104,0.30309142568239106,1.766974713357016,1.4101536994115342,1.6901863993420951,-1.66844628371785,-3.1185637045974692,-0.07150675433025971,-0.29102217953127785,-2.468022185728434,-2.209678430291211,0.5595790499900356,-0.4106524460931102,-1.1650189015083812,-2.414348030627518,0.48596529667899124,-1.7389824383905492,-0.130119524374894,-0.673523220388486,1.036760224464647,-1.5078116966889867,-2.38030231596883,1.7315177337150025,-0.4158392307493001,1.197024085641991,-2.6359819441903043,-1.5029172256508878,-0.62341844668839,-1.7763310825202934,-2.1838903735046222,2.5438394435997687,-1.115223010031041,-1.6939649215478008,3.106131119206164,0.5461515206340716,0.8305627840175557,-0.2820627484522819,1.4527155113088093,1.8397980495908186,-0.79069820211579,1.3183284360356766,-2.0791958202943137,-0.05596644222363596,-0.5543298899183197,0.5039581261403177,-2.12557653857707,-0.5140396887876956,-1.2005417486665866,0.6160799490103331,0.8500832562407705,-1.7105345194567676,-0.573799697463271,-0.45887724737028646,-0.42630540311469145,0.28243380563304055,-0.33833115597464386,-0.5953100586126833,-1.874630652437709,-1.5670740907654928,0.6620831833619711,0.7959972645297522,-0.66012443648237,3.3983162667910882,-0.5593194951991675,-0.049495828510796855,-1.815687655577179,0.04898795334449846,-1.9244571187924735,2.342469956025628,-0.5267219926347473,-0.8791652150709732,-0.7788196078283778,-0.690777679366964,-0.6739376972334357
3;162;87390.12950110435;3877;5342;0.047412;0.372919;0.048803/0.04952/0.067019/0.136727/0.09831/0.049126/0.049769/0.055292/0.049707/0.051755/0.0732/0.081623/0.098791/0.090501/0.134462/0.054506/0.081956/0.05097/0.051158/0.082967/0.075432/0.056304/0.060286/0.12735/0.051746/0.076651/0.058613/0.123068/0.051019/0.065789/0.04891/0.079944/0.075787/0.050267/0.047412/0.074626/0.102207/0.050343/0.049265/0.067338/0.054346/0.054822/0.050124/0.058436/0.157951/0.049899/0.054167/0.052779/0.049959/0.075225/0.050228/0.096244/0.052933/0.054969/0.050498/0.05894/0.052684/0.049546/0.069622/0.052469/0.050586/0.0539/0.051064/0.050064/0.05177/0.049137/0.049584/0.048892/0.05161/0.081742/0.133857/0.049327/0.0987/0.053093/0.048719/0.050074/0.052419/0.050674/0.108741/0.087798/0.073784/0.052548/0.065428/0.074388/0.052757/0.072531/0.051291/0.052207/0.049771/0.049398/0.05307/0.048246/0.051838/0.048653/0.077541/0.051404/0.048832/0.049234/0.123112/0.050168;0.0/0.0/0.383887/0.580559/0.652556/0.0/0.0/0.294564/0.006445/0.435754/0.504203/0.408386/0.509912/0.60153/0.516988/0.583256/0.422252/0.226153/0.212795/0.506995/0.870447/0.345551/0.37312/0.709778/0.480296/0.431967/0.389558/0.575989/0.394243/0.558212/4.8e-05/0.594109/0.545694/0.149309/0.372919/0.411246/0.514062/0.467062/0.224576/0.425541/0.385561/0.399206/0.327774/0.366273/0.756873/0.002219/0.290098/0.290012/0.114683/0.395267/0.221573/0.473402/0.323911/0.418178/0.160698/0.388697/0.416333/0.374898/0.458781/0.18251/0.167373/0.699316/0.161511/0.091188/0.361377/0.305302/0.035907/0.0/0.425628/0.44306/0.554243/0.036481/0.447421/0.362859/0.22121/0.421497/0.31431/0.3246/0.512082/0.51934/0.444188/0.376935/0.468439/0.444236/0.221076/0.396538/0.34514/0.297385/0.179594/0.249515/0.383323/0.0/0.319417/0.1965/0.680574/0.432828/0.183027/0.0/0.808099/0.001052;0.075432/0.0539/0.051746/0.050343/0.050074/0.049546/0.047412;0.870447/0.699316/0.480296/0.467062/0.421497/0.374898/0.372919;3.962348258312918,0.8339885646398719,-1.007793362480925,-0.2184625022447242,1.5379335089084878,-1.2219682106178884,2.086643429391695,0.3990205524591274,0.7373856257481506,1.0031905822232812,-0.9170014086173379,-0.33301527269660747,-0.06658958552078464,-0.7441993918064447,-1.7580419581499847,-1.0709039252833055,-0.13633235006261368,1.0671874518563818,1.416036010040315,-0.6764373579911961,-0.2528779273230124,1.3864902327515567,0.7124389429934609,-0.9134811966593819,0.3126317086033736,-1.9008880944614903,-2.1061867267013232,1.5131046708525724,-2.3973883765155226,-2.3075623322269703,-1.0309901352510602,-1.3807585547892005,-0.7927658302926817,1.8324112437069218,-2.0212897106163914,0.331815038322927,-0.736575562543405,1.6872952076183398,0.03438295917628417,0.5946222219955912,0.11178981004178723,0.692489770862007,-0.09038918989431771,-0.606886238434369,-0.46209764504059364,-0.42221745297613755,0.5063538220682972,1.5681129390097743,0.013499993124852089,0.34068565460125017,-0.8915367697414908,0.1786107731238437,-1.2846452336563858,0.5293864074800793,-2.5468149827751407,-0.7824093689987637,0.8329464259317579,1.7082185787293795,-2.476167995979677,1.041681924654354,0.08063287253346466,-2.0299094422822788,-0.939714893149719,-0.18914089737186826,0.9099712287743175,2.1049416198062456,0.5903387781059164,0.18602790852412465,0.0854971117344111,0.12282087252184085,1.7418879508129845,3.3859857531984097,1.6983552639033075,-0.10154510393714372,-3.3244806189269824,0.7687531498359867,-1.6848216935513642,1.143928385066737,0.3263817179705776,-0.9152986357626633,0.5772500589811952,2.931823907634211,-1.7857715708612139,-1.1335627355323095,-2.2465359582079905,-1.2191013640188155,1.5003515610029745,2.584722186912842,0.3017153957988893,-0.8587770921200077,-0.7945476213599855,0.39132328602899025,-0.5205334053213101,-2.159059439545565,-2.2765947275779777,1.2067226317256237,-0.5804265724323426,-0.33935830296672576,-1.7946001234243,0.0030900835754571615,-0.026472235899217628,-0.2821399339197717,-0.6410193333275724,1.3417567746953152,-0.9309624072823499,-1.6260781611314261,-0.6820815803750979,-1.7174767748909223,0.06401366616456539,-1.1495324016863508,-0.9163725745183509,0.9392985001092633,-3.9513778266017074,-2.8201124160381625,0.23506350229761397,1.1387226370327865,-3.1016708053935154,3.298505927969922,0.7766160888724718,0.10264872521571566,-0.20715516305068077,-1.273809416597154,-0.6002019478551751,1.4031579019546652,1.9029536816220445,-1.6360852959255465,-0.376977191392729,-0.5109650585774372,0.17302844324286124,-2.2171353285480344,0.7725678136485881,-0.33906538130969455,0.39022272738644076,1.4188424724732354,0.127492568140596,-0.5553945032705838,-1.945879927611846,-0.27144054610888757,0.5726981221854851,-1.30328968050792,-0.23133929678812926,-1.2075304087812415,-0.4070849449662902,0.6211555251563001,0.9006091058868869,0.371954948120803,2.9572989873489886,0.2463547675475711,0.36937298007688835,-1.4189899371993233,-0.007316571290008678,-0.015807857067996922,0.1535014596130742,-0.08618296526915417,-2.404695951179009,-1.9490406263211573,-0.8489746980400449,-1.625848979449617;3.4808065776743202,0.8723372919804471,-0.4293885430846588,1.6128651979442328,0.8318245037690412,-1.2453068219403038,2.0560628672339445,-0.4866284179142582,-0.7133791044129464,0.8010172661180419,1.4424108573847378,-0.6103551075070955,-0.33607871592092176,-0.5521695245585503,-2.7977532815928297,-0.9489672034263006,-2.1090291179007346,1.3862290758476772,1.532797521543101,0.12739393906015883,-1.3017290374098225,0.9413449165405718,2.1919640940881613,-0.9988376871432829,-0.9115548171311805,-0.8819451844821791,-0.8948716360537634,0.7359859480473583,-1.5282052389177028,-2.116501696541168,-0.10224040750268937,0.09096539428520323,-1.9511964654913818,0.9063667163114919,-0.3830722727934296,0.39087216407308617,-0.09551086209198983,0.07690072671678563,-2.144346315606136,0.7592810526736657,0.29987936221110745,0.6841510046985967,0.9757755996708546,-1.7063235568486457,-1.3183123260116705,0.2633782406049863,0.7085895783107468,0.5707101606332952,-0.28681229405074504,-1.1778461179397661,0.4937736947171985,0.9726388243685711,-1.0831866479660615,-0.2841487424073051,-1.7310396008811508,0.5148383782141979,2.1244127611160812,0.8191727403948448,-2.0575899096911034,1.652299783069465,-0.1742536578452664,-1.397142366975874,0.4386134895796823,0.5543735539674428,0.9206246507358162,1.739202297871384,1.984850583755654,-0.8791051450211873,-1.1353619629367668,-0.9865315127971894,0.4147591393272914,2.5052064922767885,0.9333584837796104,0.14839077568167225,-3.665872786919659,1.1595270831190352,-1.8995521773218804,1.6791254526106865,0.8369622308569841,-0.2787848019463761,-0.35232972795107964,1.5303121657301522,-1.0852627657914886,-1.097556802939968,-2.2410361277878104,0.30309142568239106,1.766974713357016,1.4101536994115342,1.6901863993420951,-1.66844628371785,-3.1185637045974692,-0.07150675433025971,-0.29102217953127785,-2.468022185728434,-2.209678430291211,0.5595790499900356,-0.4106524460931102,-1.1650189015083812,-2.414348030627518,0.48596529667899124,-1.7389824383905492,-0.130119524374894,-0.673523220388486,1.036760224464647,-1.5078116966889867,-2.38030231596883,1.7315177337150025,-0.4158392307493001,1.197024085641991,-2.6359819441903043,-1.5029172256508878,-0.62341844668839,-1.7763310825202934,-2.1838903735046222,2.5438394435997687,-1.115223010031041,-1.6939649215478008,3.106131119206164,0.5461515206340716,0.8305627840175557,-0.2820627484522819,1.4527155113088093,1.8397980495908186,-0.79069820211579,1.3183284360356766,-2.0791958202943137,-0.05596644222363596,-0.5543298899183197,0.5039581261403177,-2.12557653857707,-0.5140396887876956,-1.2005417486665866,0.6160799490103331,0.8500832562407705,-1.7105345194567676,-0.573799697463271,-0.45887724737028646,-0.42630540311469145,0.28243380563304055,-0.33833115597464386,-0.5953100586126833,-1.874630652437709,-1.5670740907654928,0.6620831833619711,0.7959972645297522,-0.66012443648237,3.3983162667910882,-0.5593194951991675,-0.049495828510796855,-1.815687655577179,0.04898795334449846,-1.9244571187924735,2.342469956025628,-0.5267219926347473,-0.8791652150709732,-0.7788196078283778,-0.690777679366964,-0.6739376972334357
3;163;87951.55899834633;3877;5342;0.047412;0.372919;0.048803/0.04952/0.067019/0.136727/0.09831/0.049126/0.055292/0.049707/0.051755/0.0732/0.081623/0.098791/0.090501/0.134462/0.054506/0.081956/0.05097/0.051158/0.082967/0.075432/0.056304/0.12735/0.051746/0.076651/0.058613/0.123068/0.051019/0.065789/0.04891/0.079944/0.075787/0.050267/0.047412/0.074626/0.102207/0.050343/0.049265/0.067338/0.054346/0.054822/0.050124/0.058436/0.157951/0.049899/0.054167/0.052779/0.049959/0.075225/0.050228/0.096244/0.052933/0.054969/0.050498/0.05894/0.052684/0.049546/0.069622/0.052469/0.050586/0.0539/0.051064/0.050064/0.05177/0.049137/0.049584/0.048892/0.05161/0.081742/0.133857/0.049327/0.0987/0.053093/0.048719/0.050074/0.052419/0.050674/0.108741/0.087798/0.073784/0.052548/0.065428/0.074388/0.052757/0.072531/0.051291/0.052207/0.049771/0.049398/0.05307/0.048246/0.051838/0.048653/0.077541/0.051404/0.048832/0.049234/0.123112/0.050168/0.048038/0.04968;0.0/0.0/0.383887/0.580559/0.652556/0.0/0.294564/0.006445/0.435754/0.504203/0.408386/0.509912/0.60153/0.516988/0.583256/0.422252/0.226153/0.212795/0.506995/0.870447/0.345551/0.709778/0.480296/0.431967/0.389558/0.575989/0.394243/0.558212/4.8e-05/0.594109/0.545694/0.149309/0.372919/0.411246/0.514062/0.467062/0.224576/0.425541/0.385561/0.399206/0.327774/0.366273/0.756873/0.002219/0.290098/0.290012/0.114683/0.395267/0.221573/0.473402/0.323911/0.418178/0.160698/0.388697/0.416333/0.374898/0.458781/0.18251/0.167373/0.699316/0.161511/0.091188/0.361377/0.305302/0.035907/0.0/0.425628/0.44306/0.554243/0.036481/0.447421/0.362859/0.22121/0.421497/0.31431/0.3246/0.512082/0.51934/0.444188/0.376935/0.468439/0.444236/0.221076/0.396538/0.34514/0.297385/0.179594/0.249515/0.383323/0.0/0.319417/0.1965/0.680574/0.432828/0.183027/0.0/0.808099/0.001052/0.003031/0.376409;0.075432/0.0539/0.051746/0.050343/0.050074/0.04968/0.049546/0.047412;0.870447/0.699316/0.480296/0.467062/0.421497/0.376409/0.374898/0.372919;3.962348258312918,0.8339885646398719,-1.007793362480925,-0.2184625022447242,1.5379335089084878,-1.2219682106178884,2.086643429391695,0.3990205524591274,0.7373856257481506,1.0031905822232812,-0.9170014086173379,-0.33301527269660747,-0.06658958552078464,-0.7441993918064447,-1.7580419581499847,-1.0709039252833055,-0.13633235006261368,1.0671874518563818,1.416036010040315,-0.6764373579911961,-0.2528779273230124,1.3864902327515567,0.7124389429934609,-0.9134811966593819,0.3126317086033736,-1.9008880944614903,-2.1061867267013232,1.5131046708525724,-2.3973883765155226,-2.3075623322269703,-1.0309901352510602,-1.3807585547892005,-0.7927658302926817,1.8324112437069218,-2.0212897106163914,0.331815038322927,-0.736575562543405,1.6872952076183398,0.03438295917628417,0.5946222219955912,0.11178981004178723,0.692489770862007,-0.09038918989431771,-0.606886238434369,-0.46209764504059364,-0.42221745297613755,0.5063538220682972,1.5681129390097743,0.013499993124852089,0.34068565460125017,-0.8915367697414908,0.1786107731238437,-1.2846452336563858,0.5293864074800793,-2.5468149827751407,-0.7824093689987637,0.8329464259317579,1.7082185787293795,-2.476167995979677,1.041681924654354,0.08063287253346466,-2.0299094422822788,-0.939714893149719,-0.18914089737186826,0.9099712287743175,2.1049416198062456,0.5903387781059164,0.18602790852412465,0.0854971117344111,0.12282087252184085,1.7418879508129845,3.3859857531984097,1.6983552639033075,-0.10154510393714372,-3.3244806189269824,0.7687531498359867,-1.6848216935513642,1.143928385066737,0.3263817179705776,-0.9152986357626633,0.5772500589811952,2.931823907634211,-1.7857715708612139,-1.1335627355323095,-2.2465359582079905,-1.2191013640188155,1.5003515610029745,2.584722186912842,0.3017153957988893,-0.8587770921200077,-0.7945476213599855,0.39132328602899025,-0.5205334053213101,-2.159059439545565,-2.2765947275779777,1.2067226317256237,-0.5804265724323426,-0.33935830296672576,-1.7946001234243,0.0030900835754571615,-0.026472235899217628,-0.2821399339197717,-0.6410193333275724,1.3417567746953152,-0.9309624072823499,-1.6260781611314261,-0.6820815803750979,-1.7174767748909223,0.06401366616456539,-1.1495324016863508,-0.9163725745183509,0.9392985001092633,-3.9513778266017074,-2.8201124160381625,0.23506350229761397,1.1387226370327865,-3.1016708053935154,3.298505927969922,0.7766160888724718,0.10264872521571566,-0.20715516305068077,-1.273809416597154,-0.6002019478551751,1.4031579019546652,1.9029536816220445,-1.6360852959255465,-0.376977191392729,-0.5109650585774372,0.17302844324286124,-2.2171353285480344,0.7725678136485881,-0.33906538130969455,0.39022272738644076,1.4188424724732354,0.127492568140596,-0.5553945032705838,-1.945879927611846,-0.27144054610888757,0.5726981221854851,-1.30328968050792,-0.23133929678812926,-1.2075304087812415,-0.4070849449662902,0.6211555251563001,0.9006091058868869,0.371954948120803,2.9572989873489886,0.2463547675475711,0.36937298007688835,-1.4189899371993233,-0.007316571290008678,-0.015807857067996922,0.1535014596130742,-0.08618296526915417,-2.404695951179009,-1.9490406263211573,-0.8489746980400449,-1.625848979449617;3.4808065776743202,0.8723372919804471,-0.4293885430846588,1.6128651979442328,0.8318245037690412,-1.2453068219403038,2.0560628672339445,-0.4866284179142582,-0.7133791044129464,0.8010172661180419,1.4424108573847378,-0.6103551075070955,-0.33607871592092176,-0.5521695245585503,-2.7977532815928297,-0.9489672034263006,-2.1090291179007346,1.3862290758476772,1.532797521543101,0.12739393906015883,-1.3017290374098225,0.9413449165405718,2.1919640940881613,-0.9988376871432829,-0.9115548171311805,-0.8819451844821791,-0.8948716360537634,0.7359859480473583,-1.5282052389177028,-2.116501696541168,-0.10224040750268937,0.09096539428520323,-1.9511964654913818,0.9063667163114919,-0.3830722727934296,0.39087216407308617,-0.09551086209198983,0.07690072671678563,-2.144346315606136,0.7592810526736657,0.29987936221110745,0.6841510046985967,0.9757755996708546,-1.7063235568486457,-1.3183123260116705,0.2633782406049863,0.7085895783107468,0.5707101606332952,-0.28681229405074504,-1.1778461179397661,0.4937736947171985,0.9726388243685711,-1.0831866479660615,-0.2841487424073051,-1.7310396008811508,0.5148383782141979,2.1244127611160812,0.8191727403948448,-2.0575899096911034,1.652299783069465,-0.1742536578452664,-1.397142366975874,0.4386134895796823,0.5543735539674428,0.9206246507358162,1.739202297871384,1.984850583755654,-0.8791051450211873,-1.1353619629367668,-0.9865315127971894,0.4147591393272914,2.5052064922767885,0.9333584837796104,0.14839077568167225,-3.665872786919659,1.1595270831190352,-1.8995521773218804,1.6791254526106865,0.8369622308569841,-0.2787848019463761,-0.35232972795107964,1.5303121657301522,-1.0852627657914886,-1.097556802939968,-2.2410361277878104,0.30309142568239106,1.766974713357016,1.4101536994115342,1.6901863993420951,-1.66844628371785,-3.1185637045974692,-0.07150675433025971,-0.29102217953127785,-2.468022185728434,-2.209678430291211,0.5595790499900356,-0.4106524460931102,-1.1650189015083812,-2.414348030627518,0.48596529667899124,-1.7389824383905492,-0.130119524374894,-0.673523220388486,1.036760224464647,-1.5078116966889867,-2.38030231596883,1.7315177337150025,-0.4158392307493001,1.197024085641991,-2.6359819441903043,-1.5029172256508878,-0.62341844668839,-1.7763310825202934,-2.1838903735046222,2.5438394435997687,-1.115223010031041,-1.6939649215478008,3.106131119206164,0.5461515206340716,0.8305627840175557,-0.2820627484522819,1.4527155113088093,1.8397980495908186,-0.79069820211579,1.3183284360356766,-2.0791958202943137,-0.05596644222363596,-0.5543298899183197,0.5039581261403177,-2.12557653857707,-0.5140396887876956,-1.2005417486665866,0.6160799490103331,0.8500832562407705,-1.7105345194567676,-0.573799697463271,-0.45887724737028646,-0.42630540311469145,0.28243380563304055,-0.33833115597464386,-0.5953100586126833,-1.874630652437709,-1.5670740907654928,0.6620831833619711,0.7959972645297522,-0.66012443648237,3.3983162667910882,-0.5593194951991675,-0.049495828510796855,-1.815687655577179,0.04898795334449846,-1.9244571187924735,2.342469956025628,-0.5267219926347473,-0.8791652150709732,-0.7788196078283778,-0.690777679366964,-0.6739376972334357
3;164;88503.83996725082;3877;5342;0.047412;0.372919;0.048803/0.04952/0.136727/0.09831/0.049126/0.055292/0.049707/0.051755/0.0732/0.081623/0.098791/0.090501/0.134462/0.054506/0.081956/0.05097/0.051158/0.082967/0.075432/0.056304/0.12735/0.051746/0.076651/0.058613/0.123068/0.051019/0.065789/0.04891/0.079944/0.075787/0.050267/0.047412/0.074626/0.102207/0.050343/0.049265/0.067338/0.054346/0.054822/0.050124/0.058436/0.157951/0.054167/0.052779/0.049959/0.075225/0.050228/0.096244/0.052933/0.054969/0.050498/0.05894/0.052684/0.049546/0.069622/0.052469/0.050586/0.0539/0.051064/0.050064/0.05177/0.049137/0.049584/0.048892/0.05161/0.081742/0.133857/0.049327/0.0987/0.053093/0.048719/0.050074/0.052419/0.050674/0.108741/0.087798/0.073784/0.052548/0.065428/0.074388/0.052757/0.072531/0.051291/0.052207/0.049771/0.049398/0.05307/0.048246/0.051838/0.048653/0.077541/0.051404/0.048832/0.049234/0.123112/0.048038/0.04968/0.049615/0.050821/0.053494;0.0/0.0/0.580559/0.652556/0.0/0.294564/0.006445/0.435754/0.504203/0.408386/0.509912/0.60153/0.516988/0.583256/0.422252/0.226153/0.212795/0.506995/0.870447/0.345551/0.709778/0.480296/0.431967/0.389558/0.575989/0.394243/0.558212/4.8e-05/0.594109/0.545694/0.149309/0.372919/0.411246/0.514062/0.467062/0.224576/0.425541/0.385561/0.399206/0.327774/0.366273/0.756873/0.290098/0.290012/0.114683/0.395267/0.221573/0.473402/0.323911/0.418178/0.160698/0.388697/0.416333/0.374898/0.458781/0.18251/0.167373/0.699316/0.161511/0.091188/0.361377/0.305302/0.035907/0.0/0.425628/0.44306/0.554243/0.036481/0.447421/0.362859/0.22121/0.421497/0.31431/0.3246/0.512082/0.51934/0.444188/0.376935/0.468439/0.444236/0.221076/0.396538/0.34514/0.297385/0.179594/0.249515/0.383323/0.0/0.319417/0.1965/0.680574/0.432828/0.183027/0.0/0.808099/0.003031/0.376409/0.029797/0.270677/0.447535;0.075432/0.0539/0.051746/0.050343/0.050074/0.04968/0.049546/0.047412;0.870447/0.699316/0.480296/0.467062/0.421497/0.376409/0.374898/0.372919;3.962348258312918,0.8339885646398719,-1.007793362480925,-0.2184625022447242,1.5379335089084878,-1.2219682106178884,2.086643429391695,0.3990205524591274,0.7373856257481506,1.0031905822232812,-0.9170014086173379,-0.33301527269660747,-0.06658958552078464,-0.7441993918064447,-1.7580419581499847,-1.0709039252833055,-0.13633235006261368,1.0671874518563818,1.416036010040315,-0.6764373579911961,-0.2528779273230124,1.3864902327515567,0.7124389429934609,-0.9134811966593819,0.3126317086033736,-1.9008880944614903,-2.1061867267013232,1.5131046708525724,-2.3973883765155226,-2.3075623322269703,-1.0309901352510602,-1.3807585547892005,-0.7927658302926817,1.8324112437069218,-2.0212897106163914,0.331815038322927,-0.736575562543405,1.6872952076183398,0.03438295917628417,0.5946222219955912,0.11178981004178723,0.692489770862007,-0.09038918989431771,-0.606886238434369,-0.46209764504059364,-0.42221745297613755,0.5063538220682972,1.5681129390097743,0.013499993124852089,0.34068565460125017,-0.8915367697414908,0.1786107731238437,-1.2846452336563858,0.5293864074800793,-2.5468149827751407,-0.7824093689987637,0.8329464259317579,1.7082185787293795,-2.476167995979677,1.041681924654354,0.08063287253346466,-2.0299094422822788,-0.939714893149719,-0.18914089737186826,0.9099712287743175,2.1049416198062456,0.5903387781059164,0.18602790852412465,0.0854971117344111,0.12282087252184085,1.7418879508129845,3.3859857531984097,1.6983552639033075,-0.10154510393714372,-3.3244806189269824,0.7687531498359867,-1.6848216935513642,1.143928385066737,0.3263817179705776,-0.9152986357626633,0.5772500589811952,2.931823907634211,-1.7857715708612139,-1.1335627355323095,-2.2465359582079905,-1.2191013640188155,1.5003515610029745,2.584722186912842,0.3017153957988893,-0.8587770921200077,-0.7945476213599855,0.39132328602899025,-0.5205334053213101,-2.159059439545565,-2.2765947275779777,1.2067226317256237,-0.5804265724323426,-0.33935830296672576,-1.7946001234243,0.0030900835754571615,-0.026472235899217628,-0.2821399339197717,-0.6410193333275724,1.3417567746953152,-0.9309624072823499,-1.6260781611314261,-0.6820815803750979,-1.7174767748909223,0.06401366616456539,-1.1495324016863508,-0.9163725745183509,0.9392985001092633,-3.9513778266017074,-2.8201124160381625,0.23506350229761397,1.1387226370327865,-3.1016708053935154,3.298505927969922,0.7766160888724718,0.10264872521571566,-0.20715516305068077,-1.273809416597154,-0.6002019478551751,1.4031579019546652,1.9029536816220445,-1.6360852959255465,-0.376977191392729,-0.5109650585774372,0.17302844324286124,-2.2171353285480344,0.7725678136485881,-0.33906538130969455,0.39022272738644076,1.4188424724732354,0.127492568140596,-0.5553945032705838,-1.945879927611846,-0.27144054610888757,0.5726981221854851,-1.30328968050792,-0.23133929678812926,-1.2075304087812415,-0.4070849449662902,0.6211555251563001,0.9006091058868869,0.371954948120803,2.9572989873489886,0.2463547675475711,0.36937298007688835,-1.4189899371993233,-0.007316571290008678,-0.015807857067996922,0.1535014596130742,-0.08618296526915417,-2.404695951179009,-1.9490406263211573,-0.8489746980400449,-1.625848979449617;3.4808065776743202,0.8723372919804471,-0.4293885430846588,1.6128651979442328,0.8318245037690412,-1.2453068219403038,2.0560628672339445,-0.4866284179142582,-0.7133791044129464,0.8010172661180419,1.4424108573847378,-0.6103551075070955,-0.33607871592092176,-0.5521695245585503,-2.7977532815928297,-0.9489672034263006,-2.1090291179007346,1.3862290758476772,1.532797521543101,0.12739393906015883,-1.3017290374098225,0.9413449165405718,2.1919640940881613,-0.9988376871432829,-0.9115548171311805,-0.8819451844821791,-0.8948716360537634,0.7359859480473583,-1.5282052389177028,-2.116501696541168,-0.10224040750268937,0.09096539428520323,-1.9511964654913818,0.9063667163114919,-0.3830722727934296,0.39087216407308617,-0.09551086209198983,0.07690072671678563,-2.144346315606136,0.7592810526736657,0.29987936221110745,0.6841510046985967,0.9757755996708546,-1.7063235568486457,-1.3183123260116705,0.2633782406049863,0.7085895783107468,0.5707101606332952,-0.28681229405074504,-1.1778461179397661,0.4937736947171985,0.9726388243685711,-1.0831866479660615,-0.2841487424073051,-1.7310396008811508,0.5148383782141979,2.1244127611160812,0.8191727403948448,-2.0575899096911034,1.652299783069465,-0.1742536578452664,-1.397142366975874,0.4386134895796823,0.5543735539674428,0.9206246507358162,1.739202297871384,1.984850583755654,-0.8791051450211873,-1.1353619629367668,-0.9865315127971894,0.4147591393272914,2.5052064922767885,0.9333584837796104,0.14839077568167225,-3.665872786919659,1.1595270831190352,-1.8995521773218804,1.6791254526106865,0.8369622308569841,-0.2787848019463761,-0.35232972795107964,1.5303121657301522,-1.0852627657914886,-1.097556802939968,-2.2410361277878104,0.30309142568239106,1.766974713357016,1.4101536994115342,1.6901863993420951,-1.66844628371785,-3.1185637045974692,-0.07150675433025971,-0.29102217953127785,-2.468022185728434,-2.209678430291211,0.5595790499900356,-0.4106524460931102,-1.1650189015083812,-2.414348030627518,0.48596529667899124,-1.7389824383905492,-0.130119524374894,-0.673523220388486,1.036760224464647,-1.5078116966889867,-2.38030231596883,1.7315177337150025,-0.4158392307493001,1.197024085641991,-2.6359819441903043,-1.5029172256508878,-0.62341844668839,-1.7763310825202934,-2.1838903735046222,2.5438394435997687,-1.115223010031041,-1.6939649215478008,3.106131119206164,0.5461515206340716,0.8305627840175557,-0.2820627484522819,1.4527155113088093,1.8397980495908186,-0.79069820211579,1.3183284360356766,-2.0791958202943137,-0.05596644222363596,-0.5543298899183197,0.5039581261403177,-2.12557653857707,-0.5140396887876956,-1.2005417486665866,0.6160799490103331,0.8500832562407705,-1.7105345194567676,-0.573799697463271,-0.45887724737028646,-0.42630540311469145,0.28243380563304055,-0.33833115597464386,-0.5953100586126833,-1.874630652437709,-1.5670740907654928,0.6620831833619711,0.7959972645297522,-0.66012443648237,3.3983162667910882,-0.5593194951991675,-0.049495828510796855,-1.815687655577179,0.04898795334449846,-1.9244571187924735,2.342469956025628,-0.5267219926347473,-0.8791652150709732,-0.7788196078283778,-0.690777679366964,-0.6739376972334357
3;165;89068.12587952614;3877;5342;0.047412;0.372919;0.048803/0.136727/0.09831/0.049126/0.055292/0.051755/0.0732/0.081623/0.098791/0.090501/0.134462/0.054506/0.081956/0.05097/0.051158/0.082967/0.075432/0.056304/0.12735/0.051746/0.076651/0.058613/0.123068/0.051019/0.065789/0.04891/0.079944/0.075787/0.050267/0.047412/0.074626/0.102207/0.050343/0.049265/0.067338/0.054346/0.054822/0.050124/0.058436/0.157951/0.054167/0.052779/0.049959/0.075225/0.050228/0.096244/0.052933/0.054969/0.050498/0.05894/0.052684/0.049546/0.069622/0.052469/0.050586/0.0539/0.051064/0.050064/0.05177/0.049137/0.049584/0.048892/0.05161/0.081742/0.133857/0.049327/0.0987/0.053093/0.048719/0.050074/0.052419/0.050674/0.108741/0.087798/0.073784/0.052548/0.065428/0.074388/0.052757/0.072531/0.051291/0.052207/0.049771/0.049398/0.05307/0.048246/0.051838/0.048653/0.077541/0.051404/0.048832/0.049234/0.123112/0.048038/0.04968/0.049615/0.050821/0.053494/0.049725/0.048072;0.0/0.580559/0.652556/0.0/0.294564/0.435754/0.504203/0.408386/0.509912/0.60153/0.516988/0.583256/0.422252/0.226153/0.212795/0.506995/0.870447/0.345551/0.709778/0.480296/0.431967/0.389558/0.575989/0.394243/0.558212/4.8e-05/0.594109/0.545694/0.149309/0.372919/0.411246/0.514062/0.467062/0.224576/0.425541/0.385561/0.399206/0.327774/0.366273/0.756873/0.290098/0.290012/0.114683/0.395267/0.221573/0.473402/0.323911/0.418178/0.160698/0.388697/0.416333/0.374898/0.458781/0.18251/0.167373/0.699316/0.161511/0.091188/0.361377/0.305302/0.035907/0.0/0.425628/0.44306/0.554243/0.036481/0.447421/0.362859/0.22121/0.421497/0.31431/0.3246/0.512082/0.51934/0.444188/0.376935/0.468439/0.444236/0.221076/0.396538/0.34514/0.297385/0.179594/0.249515/0.383323/0.0/0.319417/0.1965/0.680574/0.432828/0.183027/0.0/0.808099/0.003031/0.376409/0.029797/0.270677/0.447535/0.096964/0.228372;0.075432/0.0539/0.051746/0.050343/0.050074/0.04968/0.049546/0.047412;0.870447/0.699316/0.480296/0.467062/0.421497/0.376409/0.374898/0.372919;3.962348258312918,0.8339885646398719,-1.007793362480925,-0.2184625022447242,1.5379335089084878,-1.2219682106178884,2.086643429391695,0.3990205524591274,0.7373856257481506,1.0031905822232812,-0.9170014086173379,-0.33301527269660747,-0.06658958552078464,-0.7441993918064447,-1.7580419581499847,-1.0709039252833055,-0.13633235006261368,1.0671874518563818,1.416036010040315,-0.6764373579911961,-0.2528779273230124,1.3864902327515567,0.7124389429934609,-0.9134811966593819,0.3126317086033736,-1.9008880944614903,-2.1061867267013232,1.5131046708525724,-2.3973883765155226,-2.3075623322269703,-1.0309901352510602,-1.3807585547892005,-0.7927658302926817,1.8324112437069218,-2.0212897106163914,0.331815038322927,-0.736575562543405,1.6872952076183398,0.03438295917628417,0.5946222219955912,0.11178981004178723,0.692489770862007,-0.09038918989431771,-0.606886238434369,-0.46209764504059364,-0.42221745297613755,0.5063538220682972,1.5681129390097743,0.013499993124852089,0.34068565460125017,-0.8915367697414908,0.1786107731238437,-1.2846452336563858,0.5293864074800793,-2.5468149827751407,-0.7824093689987637,0.8329464259317579,1.7082185787293795,-2.476167995979677,1.041681924654354,0.08063287253346466,-2.0299094422822788,-0.939714893149719,-0.18914089737186826,0.9099712287743175,2.1049416198062456,0.5903387781059164,0.18602790852412465,0.0854971117344111,0.12282087252184085,1.7418879508129845,3.3859857531984097,1.6983552639033075,-0.10154510393714372,-3.3244806189269824,0.7687531498359867,-1.6848216935513642,1.143928385066737,0.3263817179705776,-0.9152986357626633,0.5772500589811952,2.931823907634211,-1.7857715708612139,-1.1335627355323095,-2.2465359582079905,-1.2191013640188155,1.5003515610029745,2.584722186912842,0.3017153957988893,-0.8587770921200077,-0.7945476213599855,0.39132328602899025,-0.5205334053213101,-2.159059439545565,-2.2765947275779777,1.2067226317256237,-0.5804265724323426,-0.33935830296672576,-1.7946001234243,0.0030900835754571615,-0.026472235899217628,-0.2821399339197717,-0.6410193333275724,1.3417567746953152,-0.9309624072823499,-1.6260781611314261,-0.6820815803750979,-1.7174767748909223,0.06401366616456539,-1.1495324016863508,-0.9163725745183509,0.9392985001092633,-3.9513778266017074,-2.8201124160381625,0.23506350229761397,1.1387226370327865,-3.1016708053935154,3.298505927969922,0.7766160888724718,0.10264872521571566,-0.20715516305068077,-1.273809416597154,-0.6002019478551751,1.4031579019546652,1.9029536816220445,-1.6360852959255465,-0.376977191392729,-0.5109650585774372,0.17302844324286124,-2.2171353285480344,0.7725678136485881,-0.33906538130969455,0.39022272738644076,1.4188424724732354,0.127492568140596,-0.5553945032705838,-1.945879927611846,-0.27144054610888757,0.5726981221854851,-1.30328968050792,-0.23133929678812926,-1.2075304087812415,-0.4070849449662902,0.6211555251563001,0.9006091058868869,0.371954948120803,2.9572989873489886,0.2463547675475711,0.36937298007688835,-1.4189899371993233,-0.007316571290008678,-0.015807857067996922,0.1535014596130742,-0.08618296526915417,-2.404695951179009,-1.9490406263211573,-0.8489746980400449,-1.625848979449617;3.4808065776743202,0.8723372919804471,-0.4293885430846588,1.6128651979442328,0.8318245037690412,-1.2453068219403038,2.0560628672339445,-0.4866284179142582,-0.7133791044129464,0.8010172661180419,1.4424108573847378,-0.6103551075070955,-0.33607871592092176,-0.5521695245585503,-2.7977532815928297,-0.9489672034263006,-2.1090291179007346,1.3862290758476772,1.532797521543101,0.12739393906015883,-1.3017290374098225,0.9413449165405718,2.1919640940881613,-0.9988376871432829,-0.9115548171311805,-0.8819451844821791,-0.8948716360537634,0.7359859480473583,-1.5282052389177028,-2.116501696541168,-0.10224040750268937,0.09096539428520323,-1.9511964654913818,0.9063667163114919,-0.3830722727934296,0.39087216407308617,-0.09551086209198983,0.07690072671678563,-2.144346315606136,0.7592810526736657,0.29987936221110745,0.6841510046985967,0.9757755996708546,-1.7063235568486457,-1.3183123260116705,0.2633782406049863,0.7085895783107468,0.5707101606332952,-0.28681229405074504,-1.1778461179397661,0.4937736947171985,0.9726388243685711,-1.0831866479660615,-0.2841487424073051,-1.7310396008811508,0.5148383782141979,2.1244127611160812,0.8191727403948448,-2.0575899096911034,1.652299783069465,-0.1742536578452664,-1.397142366975874,0.4386134895796823,0.5543735539674428,0.9206246507358162,1.739202297871384,1.984850583755654,-0.8791051450211873,-1.1353619629367668,-0.9865315127971894,0.4147591393272914,2.5052064922767885,0.9333584837796104,0.14839077568167225,-3.665872786919659,1.1595270831190352,-1.8995521773218804,1.6791254526106865,0.8369622308569841,-0.2787848019463761,-0.35232972795107964,1.5303121657301522,-1.0852627657914886,-1.097556802939968,-2.2410361277878104,0.30309142568239106,1.766974713357016,1.4101536994115342,1.6901863993420951,-1.66844628371785,-3.1185637045974692,-0.07150675433025971,-0.29102217953127785,-2.468022185728434,-2.209678430291211,0.5595790499900356,-0.4106524460931102,-1.1650189015083812,-2.414348030627518,0.48596529667899124,-1.7389824383905492,-0.130119524374894,-0.673523220388486,1.036760224464647,-1.5078116966889867,-2.38030231596883,1.7315177337150025,-0.4158392307493001,1.197024085641991,-2.6359819441903043,-1.5029172256508878,-0.62341844668839,-1.7763310825202934,-2.1838903735046222,2.5438394435997687,-1.115223010031041,-1.6939649215478008,3.106131119206164,0.5461515206340716,0.8305627840175557,-0.2820627484522819,1.4527155113088093,1.8397980495908186,-0.79069820211579,1.3183284360356766,-2.0791958202943137,-0.05596644222363596,-0.5543298899183197,0.5039581261403177,-2.12557653857707,-0.5140396887876956,-1.2005417486665866,0.6160799490103331,0.8500832562407705,-1.7105345194567676,-0.573799697463271,-0.45887724737028646,-0.42630540311469145,0.28243380563304055,-0.33833115597464386,-0.5953100586126833,-1.874630652437709,-1.5670740907654928,0.6620831833619711,0.7959972645297522,-0.66012443648237,3.3983162667910882,-0.5593194951991675,-0.049495828510796855,-1.815687655577179,0.04898795334449846,-1.9244571187924735,2.342469956025628,-0.5267219926347473,-0.8791652150709732,-0.7788196078283778,-0.690777679366964,-0.6739376972334357
3;166;89608.88901805878;3877;5342;0.047412;0.372919;0.048803/0.136727/0.09831/0.049126/0.055292/0.051755/0.0732/0.081623/0.098791/0.090501/0.134462/0.054506/0.081956/0.05097/0.051158/0.082967/0.075432/0.056304/0.12735/0.051746/0.076651/0.058613/0.123068/0.051019/0.065789/0.04891/0.079944/0.075787/0.050267/0.047412/0.074626/0.102207/0.050343/0.049265/0.067338/0.054346/0.054822/0.050124/0.058436/0.157951/0.054167/0.052779/0.049959/0.075225/0.050228/0.096244/0.052933/0.054969/0.050498/0.05894/0.052684/0.049546/0.069622/0.052469/0.050586/0.0539/0.051064/0.050064/0.05177/0.049137/0.049584/0.048892/0.05161/0.081742/0.133857/0.049327/0.0987/0.053093/0.048719/0.050074/0.052419/0.050674/0.108741/0.087798/0.073784/0.052548/0.065428/0.074388/0.052757/0.072531/0.051291/0.052207/0.049771/0.049398/0.05307/0.048246/0.051838/0.048653/0.077541/0.051404/0.048832/0.049234/0.123112/0.048038/0.04968/0.049615/0.050821/0.053494/0.049725/0.048072;0.0/0.580559/0.652556/0.0/0.294564/0.435754/0.504203/0.408386/0.509912/0.60153/0.516988/0.583256/0.422252/0.226153/0.212795/0.506995/0.870447/0.345551/0.709778/0.480296/0.431967/0.389558/0.575989/0.394243/0.558212/4.8e-05/0.594109/0.545694/0.149309/0.372919/0.411246/0.514062/0.467062/0.224576/0.425541/0.385561/0.399206/0.327774/0.366273/0.756873/0.290098/0.290012/0.114683/0.395267/0.221573/0.473402/0.323911/0.418178/0.160698/0.388697/0.416333/0.374898/0.458781/0.18251/0.167373/0.699316/0.161511/0.091188/0.361377/0.305302/0.035907/0.0/0.425628/0.44306/0.554243/0.036481/0.447421/0.362859/0.22121/0.421497/0.31431/0.3246/0.512082/0.51934/0.444188/0.376935/0.468439/0.444236/0.221076/0.396538/0.34514/0.297385/0.179594/0.249515/0.383323/0.0/0.319417/0.1965/0.680574/0.432828/0.183027/0.0/0.808099/0.003031/0.376409/0.029797/0.270677/0.447535/0.096964/0.228372;0.075432/0.0539/0.051746/0.050343/0.050074/0.04968/0.049546/0.047412;0.870447/0.699316/0.480296/0.467062/0.421497/0.376409/0.374898/0.372919;3.962348258312918,0.8339885646398719,-1.007793362480925,-0.2184625022447242,1.5379335089084878,-1.2219682106178884,2.086643429391695,0.3990205524591274,0.7373856257481506,1.0031905822232812,-0.9170014086173379,-0.33301527269660747,-0.06658958552078464,-0.7441993918064447,-1.7580419581499847,-1.0709039252833055,-0.13633235006261368,1.0671874518563818,1.416036010040315,-0.6764373579911961,-0.2528779273230124,1.3864902327515567,0.7124389429934609,-0.9134811966593819,0.3126317086033736,-1.9008880944614903,-2.1061867267013232,1.5131046708525724,-2.3973883765155226,-2.3075623322269703,-1.0309901352510602,-1.3807585547892005,-0.7927658302926817,1.8324112437069218,-2.0212897106163914,0.331815038322927,-0.736575562543405,1.6872952076183398,0.03438295917628417,0.5946222219955912,0.11178981004178723,0.692489770862007,-0.09038918989431771,-0.606886238434369,-0.46209764504059364,-0.42221745297613755,0.5063538220682972,1.5681129390097743,0.013499993124852089,0.34068565460125017,-0.8915367697414908,0.1786107731238437,-1.2846452336563858,0.5293864074800793,-2.5468149827751407,-0.7824093689987637,0.8329464259317579,1.7082185787293795,-2.476167995979677,1.041681924654354,0.08063287253346466,-2.0299094422822788,-0.939714893149719,-0.18914089737186826,0.9099712287743175,2.1049416198062456,0.5903387781059164,0.18602790852412465,0.0854971117344111,0.12282087252184085,1.7418879508129845,3.3859857531984097,1.6983552639033075,-0.10154510393714372,-3.3244806189269824,0.7687531498359867,-1.6848216935513642,1.143928385066737,0.3263817179705776,-0.9152986357626633,0.5772500589811952,2.931823907634211,-1.7857715708612139,-1.1335627355323095,-2.2465359582079905,-1.2191013640188155,1.5003515610029745,2.584722186912842,0.3017153957988893,-0.8587770921200077,-0.7945476213599855,0.39132328602899025,-0.5205334053213101,-2.159059439545565,-2.2765947275779777,1.2067226317256237,-0.5804265724323426,-0.33935830296672576,-1.7946001234243,0.0030900835754571615,-0.026472235899217628,-0.2821399339197717,-0.6410193333275724,1.3417567746953152,-0.9309624072823499,-1.6260781611314261,-0.6820815803750979,-1.7174767748909223,0.06401366616456539,-1.1495324016863508,-0.9163725745183509,0.9392985001092633,-3.9513778266017074,-2.8201124160381625,0.23506350229761397,1.1387226370327865,-3.1016708053935154,3.298505927969922,0.7766160888724718,0.10264872521571566,-0.20715516305068077,-1.273809416597154,-0.6002019478551751,1.4031579019546652,1.9029536816220445,-1.6360852959255465,-0.376977191392729,-0.5109650585774372,0.17302844324286124,-2.2171353285480344,0.7725678136485881,-0.33906538130969455,0.39022272738644076,1.4188424724732354,0.127492568140596,-0.5553945032705838,-1.945879927611846,-0.27144054610888757,0.5726981221854851,-1.30328968050792,-0.23133929678812926,-1.2075304087812415,-0.4070849449662902,0.6211555251563001,0.9006091058868869,0.371954948120803,2.9572989873489886,0.2463547675475711,0.36937298007688835,-1.4189899371993233,-0.007316571290008678,-0.015807857067996922,0.1535014596130742,-0.08618296526915417,-2.404695951179009,-1.9490406263211573,-0.8489746980400449,-1.625848979449617;3.4808065776743202,0.8723372919804471,-0.4293885430846588,1.6128651979442328,0.8318245037690412,-1.2453068219403038,2.0560628672339445,-0.4866284179142582,-0.7133791044129464,0.8010172661180419,1.4424108573847378,-0.6103551075070955,-0.33607871592092176,-0.5521695245585503,-2.7977532815928297,-0.9489672034263006,-2.1090291179007346,1.3862290758476772,1.532797521543101,0.12739393906015883,-1.3017290374098225,0.9413449165405718,2.1919640940881613,-0.9988376871432829,-0.9115548171311805,-0.8819451844821791,-0.8948716360537634,0.7359859480473583,-1.5282052389177028,-2.116501696541168,-0.10224040750268937,0.09096539428520323,-1.9511964654913818,0.9063667163114919,-0.3830722727934296,0.39087216407308617,-0.09551086209198983,0.07690072671678563,-2.144346315606136,0.7592810526736657,0.29987936221110745,0.6841510046985967,0.9757755996708546,-1.7063235568486457,-1.3183123260116705,0.2633782406049863,0.7085895783107468,0.5707101606332952,-0.28681229405074504,-1.1778461179397661,0.4937736947171985,0.9726388243685711,-1.0831866479660615,-0.2841487424073051,-1.7310396008811508,0.5148383782141979,2.1244127611160812,0.8191727403948448,-2.0575899096911034,1.652299783069465,-0.1742536578452664,-1.397142366975874,0.4386134895796823,0.5543735539674428,0.9206246507358162,1.739202297871384,1.984850583755654,-0.8791051450211873,-1.1353619629367668,-0.9865315127971894,0.4147591393272914,2.5052064922767885,0.9333584837796104,0.14839077568167225,-3.665872786919659,1.1595270831190352,-1.8995521773218804,1.6791254526106865,0.8369622308569841,-0.2787848019463761,-0.35232972795107964,1.5303121657301522,-1.0852627657914886,-1.097556802939968,-2.2410361277878104,0.30309142568239106,1.766974713357016,1.4101536994115342,1.6901863993420951,-1.66844628371785,-3.1185637045974692,-0.07150675433025971,-0.29102217953127785,-2.468022185728434,-2.209678430291211,0.5595790499900356,-0.4106524460931102,-1.1650189015083812,-2.414348030627518,0.48596529667899124,-1.7389824383905492,-0.130119524374894,-0.673523220388486,1.036760224464647,-1.5078116966889867,-2.38030231596883,1.7315177337150025,-0.4158392307493001,1.197024085641991,-2.6359819441903043,-1.5029172256508878,-0.62341844668839,-1.7763310825202934,-2.1838903735046222,2.5438394435997687,-1.115223010031041,-1.6939649215478008,3.106131119206164,0.5461515206340716,0.8305627840175557,-0.2820627484522819,1.4527155113088093,1.8397980495908186,-0.79069820211579,1.3183284360356766,-2.0791958202943137,-0.05596644222363596,-0.5543298899183197,0.5039581261403177,-2.12557653857707,-0.5140396887876956,-1.2005417486665866,0.6160799490103331,0.8500832562407705,-1.7105345194567676,-0.573799697463271,-0.45887724737028646,-0.42630540311469145,0.28243380563304055,-0.33833115597464386,-0.5953100586126833,-1.874630652437709,-1.5670740907654928,0.6620831833619711,0.7959972645297522,-0.66012443648237,3.3983162667910882,-0.5593194951991675,-0.049495828510796855,-1.815687655577179,0.04898795334449846,-1.9244571187924735,2.342469956025628,-0.5267219926347473,-0.8791652150709732,-0.7788196078283778,-0.690777679366964,-0.6739376972334357
3;167;90162.30032229424;3877;5342;0.047412;0.372919;0.048803/0.136727/0.09831/0.049126/0.055292/0.051755/0.0732/0.081623/0.098791/0.090501/0.134462/0.054506/0.081956/0.05097/0.051158/0.082967/0.075432/0.056304/0.12735/0.051746/0.076651/0.058613/0.123068/0.051019/0.065789/0.04891/0.079944/0.075787/0.050267/0.047412/0.074626/0.102207/0.050343/0.049265/0.067338/0.054346/0.054822/0.050124/0.058436/0.157951/0.054167/0.052779/0.049959/0.075225/0.050228/0.096244/0.052933/0.054969/0.050498/0.05894/0.052684/0.049546/0.069622/0.052469/0.050586/0.0539/0.051064/0.050064/0.05177/0.049137/0.049584/0.048892/0.05161/0.081742/0.133857/0.049327/0.0987/0.053093/0.048719/0.050074/0.052419/0.050674/0.108741/0.087798/0.073784/0.052548/0.065428/0.074388/0.052757/0.072531/0.051291/0.052207/0.049771/0.049398/0.05307/0.048246/0.051838/0.048653/0.077541/0.051404/0.048832/0.049234/0.123112/0.048038/0.04968/0.049615/0.050821/0.053494/0.049725/0.048072;0.0/0.580559/0.652556/0.0/0.294564/0.435754/0.504203/0.408386/0.509912/0.60153/0.516988/0.583256/0.422252/0.226153/0.212795/0.506995/0.870447/0.345551/0.709778/0.480296/0.431967/0.389558/0.575989/0.394243/0.558212/4.8e-05/0.594109/0.545694/0.149309/0.372919/0.411246/0.514062/0.467062/0.224576/0.425541/0.385561/0.399206/0.327774/0.366273/0.756873/0.290098/0.290012/0.114683/0.395267/0.221573/0.473402/0.323911/0.418178/0.160698/0.388697/0.416333/0.374898/0.458781/0.18251/0.167373/0.699316/0.161511/0.091188/0.361377/0.305302/0.035907/0.0/0.425628/0.44306/0.554243/0.036481/0.447421/0.362859/0.22121/0.421497/0.31431/0.3246/0.512082/0.51934/0.444188/0.376935/0.468439/0.444236/0.221076/0.396538/0.34514/0.297385/0.179594/0.249515/0.383323/0.0/0.319417/0.1965/0.680574/0.432828/0.183027/0.0/0.808099/0.003031/0.376409/0.029797/0.270677/0.447535/0.096964/0.228372;0.075432/0.0539/0.051746/0.050343/0.050074/0.04968/0.049546/0.047412;0.870447/0.699316/0.480296/0.467062/0.421497/0.376409/0.374898/0.372919;3.962348258312918,0.8339885646398719,-1.007793362480925,-0.2184625022447242,1.5379335089084878,-1.2219682106178884,2.086643429391695,0.3990205524591274,0.7373856257481506,1.0031905822232812,-0.9170014086173379,-0.33301527269660747,-0.06658958552078464,-0.7441993918064447,-1.7580419581499847,-1.0709039252833055,-0.13633235006261368,1.0671874518563818,1.416036010040315,-0.6764373579911961,-0.2528779273230124,1.3864902327515567,0.7124389429934609,-0.9134811966593819,0.3126317086033736,-1.9008880944614903,-2.1061867267013232,1.5131046708525724,-2.3973883765155226,-2.3075623322269703,-1.0309901352510602,-1.3807585547892005,-0.7927658302926817,1.8324112437069218,-2.0212897106163914,0.331815038322927,-0.736575562543405,1.6872952076183398,0.03438295917628417,0.5946222219955912,0.11178981004178723,0.692489770862007,-0.09038918989431771,-0.606886238434369,-0.46209764504059364,-0.42221745297613755,0.5063538220682972,1.5681129390097743,0.013499993124852089,0.34068565460125017,-0.8915367697414908,0.1786107731238437,-1.2846452336563858,0.5293864074800793,-2.5468149827751407,-0.7824093689987637,0.8329464259317579,1.7082185787293795,-2.476167995979677,1.041681924654354,0.08063287253346466,-2.0299094422822788,-0.939714893149719,-0.18914089737186826,0.9099712287743175,2.1049416198062456,0.5903387781059164,0.18602790852412465,0.0854971117344111,0.12282087252184085,1.7418879508129845,3.3859857531984097,1.6983552639033075,-0.10154510393714372,-3.3244806189269824,0.7687531498359867,-1.6848216935513642,1.143928385066737,0.3263817179705776,-0.9152986357626633,0.5772500589811952,2.931823907634211,-1.7857715708612139,-1.1335627355323095,-2.2465359582079905,-1.2191013640188155,1.5003515610029745,2.584722186912842,0.3017153957988893,-0.8587770921200077,-0.7945476213599855,0.39132328602899025,-0.5205334053213101,-2.159059439545565,-2.2765947275779777,1.2067226317256237,-0.5804265724323426,-0.33935830296672576,-1.7946001234243,0.0030900835754571615,-0.026472235899217628,-0.2821399339197717,-0.6410193333275724,1.3417567746953152,-0.9309624072823499,-1.6260781611314261,-0.6820815803750979,-1.7174767748909223,0.06401366616456539,-1.1495324016863508,-0.9163725745183509,0.9392985001092633,-3.9513778266017074,-2.8201124160381625,0.23506350229761397,1.1387226370327865,-3.1016708053935154,3.298505927969922,0.7766160888724718,0.10264872521571566,-0.20715516305068077,-1.273809416597154,-0.6002019478551751,1.4031579019546652,1.9029536816220445,-1.6360852959255465,-0.376977191392729,-0.5109650585774372,0.17302844324286124,-2.2171353285480344,0.7725678136485881,-0.33906538130969455,0.39022272738644076,1.4188424724732354,0.127492568140596,-0.5553945032705838,-1.945879927611846,-0.27144054610888757,0.5726981221854851,-1.30328968050792,-0.23133929678812926,-1.2075304087812415,-0.4070849449662902,0.6211555251563001,0.9006091058868869,0.371954948120803,2.9572989873489886,0.2463547675475711,0.36937298007688835,-1.4189899371993233,-0.007316571290008678,-0.015807857067996922,0.1535014596130742,-0.08618296526915417,-2.404695951179009,-1.9490406263211573,-0.8489746980400449,-1.625848979449617;3.4808065776743202,0.8723372919804471,-0.4293885430846588,1.6128651979442328,0.8318245037690412,-1.2453068219403038,2.0560628672339445,-0.4866284179142582,-0.7133791044129464,0.8010172661180419,1.4424108573847378,-0.6103551075070955,-0.33607871592092176,-0.5521695245585503,-2.7977532815928297,-0.9489672034263006,-2.1090291179007346,1.3862290758476772,1.532797521543101,0.12739393906015883,-1.3017290374098225,0.9413449165405718,2.1919640940881613,-0.9988376871432829,-0.9115548171311805,-0.8819451844821791,-0.8948716360537634,0.7359859480473583,-1.5282052389177028,-2.116501696541168,-0.10224040750268937,0.09096539428520323,-1.9511964654913818,0.9063667163114919,-0.3830722727934296,0.39087216407308617,-0.09551086209198983,0.07690072671678563,-2.144346315606136,0.7592810526736657,0.29987936221110745,0.6841510046985967,0.9757755996708546,-1.7063235568486457,-1.3183123260116705,0.2633782406049863,0.7085895783107468,0.5707101606332952,-0.28681229405074504,-1.1778461179397661,0.4937736947171985,0.9726388243685711,-1.0831866479660615,-0.2841487424073051,-1.7310396008811508,0.5148383782141979,2.1244127611160812,0.8191727403948448,-2.0575899096911034,1.652299783069465,-0.1742536578452664,-1.397142366975874,0.4386134895796823,0.5543735539674428,0.9206246507358162,1.739202297871384,1.984850583755654,-0.8791051450211873,-1.1353619629367668,-0.9865315127971894,0.4147591393272914,2.5052064922767885,0.9333584837796104,0.14839077568167225,-3.665872786919659,1.1595270831190352,-1.8995521773218804,1.6791254526106865,0.8369622308569841,-0.2787848019463761,-0.35232972795107964,1.5303121657301522,-1.0852627657914886,-1.097556802939968,-2.2410361277878104,0.30309142568239106,1.766974713357016,1.4101536994115342,1.6901863993420951,-1.66844628371785,-3.1185637045974692,-0.07150675433025971,-0.29102217953127785,-2.468022185728434,-2.209678430291211,0.5595790499900356,-0.4106524460931102,-1.1650189015083812,-2.414348030627518,0.48596529667899124,-1.7389824383905492,-0.130119524374894,-0.673523220388486,1.036760224464647,-1.5078116966889867,-2.38030231596883,1.7315177337150025,-0.4158392307493001,1.197024085641991,-2.6359819441903043,-1.5029172256508878,-0.62341844668839,-1.7763310825202934,-2.1838903735046222,2.5438394435997687,-1.115223010031041,-1.6939649215478008,3.106131119206164,0.5461515206340716,0.8305627840175557,-0.2820627484522819,1.4527155113088093,1.8397980495908186,-0.79069820211579,1.3183284360356766,-2.0791958202943137,-0.05596644222363596,-0.5543298899183197,0.5039581261403177,-2.12557653857707,-0.5140396887876956,-1.2005417486665866,0.6160799490103331,0.8500832562407705,-1.7105345194567676,-0.573799697463271,-0.45887724737028646,-0.42630540311469145,0.28243380563304055,-0.33833115597464386,-0.5953100586126833,-1.874630652437709,-1.5670740907654928,0.6620831833619711,0.7959972645297522,-0.66012443648237,3.3983162667910882,-0.5593194951991675,-0.049495828510796855,-1.815687655577179,0.04898795334449846,-1.9244571187924735,2.342469956025628,-0.5267219926347473,-0.8791652150709732,-0.7788196078283778,-0.690777679366964,-0.6739376972334357
3;168;90717.26355624199;3877;5342;0.047412;0.372919;0.048803/0.136727/0.09831/0.049126/0.055292/0.051755/0.0732/0.081623/0.098791/0.090501/0.134462/0.054506/0.081956/0.05097/0.051158/0.082967/0.075432/0.056304/0.12735/0.051746/0.076651/0.058613/0.123068/0.051019/0.065789/0.04891/0.079944/0.075787/0.050267/0.047412/0.074626/0.102207/0.050343/0.049265/0.067338/0.054346/0.054822/0.050124/0.058436/0.157951/0.054167/0.052779/0.049959/0.075225/0.050228/0.096244/0.052933/0.054969/0.050498/0.05894/0.052684/0.049546/0.069622/0.052469/0.050586/0.0539/0.05177/0.049137/0.049584/0.048892/0.05161/0.081742/0.133857/0.049327/0.0987/0.053093/0.048719/0.050074/0.052419/0.050674/0.108741/0.087798/0.073784/0.052548/0.065428/0.074388/0.072531/0.051291/0.052207/0.049771/0.049398/0.05307/0.048246/0.051838/0.048653/0.077541/0.051404/0.048832/0.049234/0.123112/0.048038/0.04968/0.049615/0.050821/0.053494/0.049725/0.048072/0.050293/0.050886/0.108106;0.0/0.580559/0.652556/0.0/0.294564/0.435754/0.504203/0.408386/0.509912/0.60153/0.516988/0.583256/0.422252/0.226153/0.212795/0.506995/0.870447/0.345551/0.709778/0.480296/0.431967/0.389558/0.575989/0.394243/0.558212/4.8e-05/0.594109/0.545694/0.149309/0.372919/0.411246/0.514062/0.467062/0.224576/0.425541/0.385561/0.399206/0.327774/0.366273/0.756873/0.290098/0.290012/0.114683/0.395267/0.221573/0.473402/0.323911/0.418178/0.160698/0.388697/0.416333/0.374898/0.458781/0.18251/0.167373/0.699316/0.361377/0.305302/0.035907/0.0/0.425628/0.44306/0.554243/0.036481/0.447421/0.362859/0.22121/0.421497/0.31431/0.3246/0.512082/0.51934/0.444188/0.376935/0.468439/0.444236/0.396538/0.34514/0.297385/0.179594/0.249515/0.383323/0.0/0.319417/0.1965/0.680574/0.432828/0.183027/0.0/0.808099/0.003031/0.376409/0.029797/0.270677/0.447535/0.096964/0.228372/0.179106/0.279484/0.478613;0.075432/0.0539/0.051746/0.050343/0.050074/0.04968/0.049546/0.047412;0.870447/0.699316/0.480296/0.467062/0.421497/0.376409/0.374898/0.372919;3.962348258312918,0.8339885646398719,-1.007793362480925,-0.2184625022447242,1.5379335089084878,-1.2219682106178884,2.086643429391695,0.3990205524591274,0.7373856257481506,1.0031905822232812,-0.9170014086173379,-0.33301527269660747,-0.06658958552078464,-0.7441993918064447,-1.7580419581499847,-1.0709039252833055,-0.13633235006261368,1.0671874518563818,1.416036010040315,-0.6764373579911961,-0.2528779273230124,1.3864902327515567,0.7124389429934609,-0.9134811966593819,0.3126317086033736,-1.9008880944614903,-2.1061867267013232,1.5131046708525724,-2.3973883765155226,-2.3075623322269703,-1.0309901352510602,-1.3807585547892005,-0.7927658302926817,1.8324112437069218,-2.0212897106163914,0.331815038322927,-0.736575562543405,1.6872952076183398,0.03438295917628417,0.5946222219955912,0.11178981004178723,0.692489770862007,-0.09038918989431771,-0.606886238434369,-0.46209764504059364,-0.42221745297613755,0.5063538220682972,1.5681129390097743,0.013499993124852089,0.34068565460125017,-0.8915367697414908,0.1786107731238437,-1.2846452336563858,0.5293864074800793,-2.5468149827751407,-0.7824093689987637,0.8329464259317579,1.7082185787293795,-2.476167995979677,1.041681924654354,0.08063287253346466,-2.0299094422822788,-0.939714893149719,-0.18914089737186826,0.9099712287743175,2.1049416198062456,0.5903387781059164,0.18602790852412465,0.0854971117344111,0.12282087252184085,1.7418879508129845,3.3859857531984097,1.6983552639033075,-0.10154510393714372,-3.3244806189269824,0.7687531498359867,-1.6848216935513642,1.143928385066737,0.3263817179705776,-0.9152986357626633,0.5772500589811952,2.931823907634211,-1.7857715708612139,-1.1335627355323095,-2.2465359582079905,-1.2191013640188155,1.5003515610029745,2.584722186912842,0.3017153957988893,-0.8587770921200077,-0.7945476213599855,0.39132328602899025,-0.5205334053213101,-2.159059439545565,-2.2765947275779777,1.2067226317256237,-0.5804265724323426,-0.33935830296672576,-1.7946001234243,0.0030900835754571615,-0.026472235899217628,-0.2821399339197717,-0.6410193333275724,1.3417567746953152,-0.9309624072823499,-1.6260781611314261,-0.6820815803750979,-1.7174767748909223,0.06401366616456539,-1.1495324016863508,-0.9163725745183509,0.9392985001092633,-3.9513778266017074,-2.8201124160381625,0.23506350229761397,1.1387226370327865,-3.1016708053935154,3.298505927969922,0.7766160888724718,0.10264872521571566,-0.20715516305068077,-1.273809416597154,-0.6002019478551751,1.4031579019546652,1.9029536816220445,-1.6360852959255465,-0.376977191392729,-0.5109650585774372,0.17302844324286124,-2.2171353285480344,0.7725678136485881,-0.33906538130969455,0.39022272738644076,1.4188424724732354,0.127492568140596,-0.5553945032705838,-1.945879927611846,-0.27144054610888757,0.5726981221854851,-1.30328968050792,-0.23133929678812926,-1.2075304087812415,-0.4070849449662902,0.6211555251563001,0.9006091058868869,0.371954948120803,2.9572989873489886,0.2463547675475711,0.36937298007688835,-1.4189899371993233,-0.007316571290008678,-0.015807857067996922,0.1535014596130742,-0.08618296526915417,-2.404695951179009,-1.9490406263211573,-0.8489746980400449,-1.625848979449617;3.4808065776743202,0.8723372919804471,-0.4293885430846588,1.6128651979442328,0.8318245037690412,-1.2453068219403038,2.0560628672339445,-0.4866284179142582,-0.7133791044129464,0.8010172661180419,1.4424108573847378,-0.6103551075070955,-0.33607871592092176,-0.5521695245585503,-2.7977532815928297,-0.9489672034263006,-2.1090291179007346,1.3862290758476772,1.532797521543101,0.12739393906015883,-1.3017290374098225,0.9413449165405718,2.1919640940881613,-0.9988376871432829,-0.9115548171311805,-0.8819451844821791,-0.8948716360537634,0.7359859480473583,-1.5282052389177028,-2.116501696541168,-0.10224040750268937,0.09096539428520323,-1.9511964654913818,0.9063667163114919,-0.3830722727934296,0.39087216407308617,-0.09551086209198983,0.07690072671678563,-2.144346315606136,0.7592810526736657,0.29987936221110745,0.6841510046985967,0.9757755996708546,-1.7063235568486457,-1.3183123260116705,0.2633782406049863,0.7085895783107468,0.5707101606332952,-0.28681229405074504,-1.1778461179397661,0.4937736947171985,0.9726388243685711,-1.0831866479660615,-0.2841487424073051,-1.7310396008811508,0.5148383782141979,2.1244127611160812,0.8191727403948448,-2.0575899096911034,1.652299783069465,-0.1742536578452664,-1.397142366975874,0.4386134895796823,0.5543735539674428,0.9206246507358162,1.739202297871384,1.984850583755654,-0.8791051450211873,-1.1353619629367668,-0.9865315127971894,0.4147591393272914,2.5052064922767885,0.9333584837796104,0.14839077568167225,-3.665872786919659,1.1595270831190352,-1.8995521773218804,1.6791254526106865,0.8369622308569841,-0.2787848019463761,-0.35232972795107964,1.5303121657301522,-1.0852627657914886,-1.097556802939968,-2.2410361277878104,0.30309142568239106,1.766974713357016,1.4101536994115342,1.6901863993420951,-1.66844628371785,-3.1185637045974692,-0.07150675433025971,-0.29102217953127785,-2.468022185728434,-2.209678430291211,0.5595790499900356,-0.4106524460931102,-1.1650189015083812,-2.414348030627518,0.48596529667899124,-1.7389824383905492,-0.130119524374894,-0.673523220388486,1.036760224464647,-1.5078116966889867,-2.38030231596883,1.7315177337150025,-0.4158392307493001,1.197024085641991,-2.6359819441903043,-1.5029172256508878,-0.62341844668839,-1.7763310825202934,-2.1838903735046222,2.5438394435997687,-1.115223010031041,-1.6939649215478008,3.106131119206164,0.5461515206340716,0.8305627840175557,-0.2820627484522819,1.4527155113088093,1.8397980495908186,-0.79069820211579,1.3183284360356766,-2.0791958202943137,-0.05596644222363596,-0.5543298899183197,0.5039581261403177,-2.12557653857707,-0.5140396887876956,-1.2005417486665866,0.6160799490103331,0.8500832562407705,-1.7105345194567676,-0.573799697463271,-0.45887724737028646,-0.42630540311469145,0.28243380563304055,-0.33833115597464386,-0.5953100586126833,-1.874630652437709,-1.5670740907654928,0.6620831833619711,0.7959972645297522,-0.66012443648237,3.3983162667910882,-0.5593194951991675,-0.049495828510796855,-1.815687655577179,0.04898795334449846,-1.9244571187924735,2.342469956025628,-0.5267219926347473,-0.8791652150709732,-0.7788196078283778,-0.690777679366964,-0.6739376972334357
3;169;91267.49804878235;3877;5342;0.047412;0.372919;0.048803/0.136727/0.09831/0.049126/0.055292/0.051755/0.0732/0.081623/0.098791/0.090501/0.134462/0.054506/0.081956/0.05097/0.051158/0.082967/0.075432/0.056304/0.12735/0.051746/0.076651/0.058613/0.123068/0.051019/0.065789/0.04891/0.079944/0.075787/0.050267/0.047412/0.074626/0.102207/0.050343/0.049265/0.067338/0.054346/0.054822/0.050124/0.058436/0.157951/0.054167/0.052779/0.049959/0.075225/0.050228/0.096244/0.052933/0.054969/0.050498/0.05894/0.052684/0.049546/0.069622/0.052469/0.050586/0.0539/0.05177/0.049137/0.049584/0.048892/0.05161/0.081742/0.133857/0.049327/0.0987/0.053093/0.048719/0.050074/0.052419/0.050674/0.108741/0.087798/0.073784/0.052548/0.065428/0.074388/0.072531/0.051291/0.052207/0.049771/0.049398/0.05307/0.048246/0.051838/0.048653/0.077541/0.051404/0.048832/0.049234/0.123112/0.048038/0.04968/0.049615/0.050821/0.053494/0.049725/0.048072/0.050293/0.050886/0.108106;0.0/0.580559/0.652556/0.0/0.294564/0.435754/0.504203/0.408386/0.509912/0.60153/0.516988/0.583256/0.422252/0.226153/0.212795/0.506995/0.870447/0.345551/0.709778/0.480296/0.431967/0.389558/0.575989/0.394243/0.558212/4.8e-05/0.594109/0.545694/0.149309/0.372919/0.411246/0.514062/0.467062/0.224576/0.425541/0.385561/0.399206/0.327774/0.366273/0.756873/0.290098/0.290012/0.114683/0.395267/0.221573/0.473402/0.323911/0.418178/0.160698/0.388697/0.416333/0.374898/0.458781/0.18251/0.167373/0.699316/0.361377/0.305302/0.035907/0.0/0.425628/0.44306/0.554243/0.036481/0.447421/0.362859/0.22121/0.421497/0.31431/0.3246/0.512082/0.51934/0.444188/0.376935/0.468439/0.444236/0.396538/0.34514/0.297385/0.179594/0.249515/0.383323/0.0/0.319417/0.1965/0.680574/0.432828/0.183027/0.0/0.808099/0.003031/0.376409/0.029797/0.270677/0.447535/0.096964/0.228372/0.179106/0.279484/0.478613;0.075432/0.0539/0.051746/0.050343/0.050074/0.04968/0.049546/0.047412;0.870447/0.699316/0.480296/0.467062/0.421497/0.376409/0.374898/0.372919;3.962348258312918,0.8339885646398719,-1.007793362480925,-0.2184625022447242,1.5379335089084878,-1.2219682106178884,2.086643429391695,0.3990205524591274,0.7373856257481506,1.0031905822232812,-0.9170014086173379,-0.33301527269660747,-0.06658958552078464,-0.7441993918064447,-1.7580419581499847,-1.0709039252833055,-0.13633235006261368,1.0671874518563818,1.416036010040315,-0.6764373579911961,-0.2528779273230124,1.3864902327515567,0.7124389429934609,-0.9134811966593819,0.3126317086033736,-1.9008880944614903,-2.1061867267013232,1.5131046708525724,-2.3973883765155226,-2.3075623322269703,-1.0309901352510602,-1.3807585547892005,-0.7927658302926817,1.8324112437069218,-2.0212897106163914,0.331815038322927,-0.736575562543405,1.6872952076183398,0.03438295917628417,0.5946222219955912,0.11178981004178723,0.692489770862007,-0.09038918989431771,-0.606886238434369,-0.46209764504059364,-0.42221745297613755,0.5063538220682972,1.5681129390097743,0.013499993124852089,0.34068565460125017,-0.8915367697414908,0.1786107731238437,-1.2846452336563858,0.5293864074800793,-2.5468149827751407,-0.7824093689987637,0.8329464259317579,1.7082185787293795,-2.476167995979677,1.041681924654354,0.08063287253346466,-2.0299094422822788,-0.939714893149719,-0.18914089737186826,0.9099712287743175,2.1049416198062456,0.5903387781059164,0.18602790852412465,0.0854971117344111,0.12282087252184085,1.7418879508129845,3.3859857531984097,1.6983552639033075,-0.10154510393714372,-3.3244806189269824,0.7687531498359867,-1.6848216935513642,1.143928385066737,0.3263817179705776,-0.9152986357626633,0.5772500589811952,2.931823907634211,-1.7857715708612139,-1.1335627355323095,-2.2465359582079905,-1.2191013640188155,1.5003515610029745,2.584722186912842,0.3017153957988893,-0.8587770921200077,-0.7945476213599855,0.39132328602899025,-0.5205334053213101,-2.159059439545565,-2.2765947275779777,1.2067226317256237,-0.5804265724323426,-0.33935830296672576,-1.7946001234243,0.0030900835754571615,-0.026472235899217628,-0.2821399339197717,-0.6410193333275724,1.3417567746953152,-0.9309624072823499,-1.6260781611314261,-0.6820815803750979,-1.7174767748909223,0.06401366616456539,-1.1495324016863508,-0.9163725745183509,0.9392985001092633,-3.9513778266017074,-2.8201124160381625,0.23506350229761397,1.1387226370327865,-3.1016708053935154,3.298505927969922,0.7766160888724718,0.10264872521571566,-0.20715516305068077,-1.273809416597154,-0.6002019478551751,1.4031579019546652,1.9029536816220445,-1.6360852959255465,-0.376977191392729,-0.5109650585774372,0.17302844324286124,-2.2171353285480344,0.7725678136485881,-0.33906538130969455,0.39022272738644076,1.4188424724732354,0.127492568140596,-0.5553945032705838,-1.945879927611846,-0.27144054610888757,0.5726981221854851,-1.30328968050792,-0.23133929678812926,-1.2075304087812415,-0.4070849449662902,0.6211555251563001,0.9006091058868869,0.371954948120803,2.9572989873489886,0.2463547675475711,0.36937298007688835,-1.4189899371993233,-0.007316571290008678,-0.015807857067996922,0.1535014596130742,-0.08618296526915417,-2.404695951179009,-1.9490406263211573,-0.8489746980400449,-1.625848979449617;3.4808065776743202,0.8723372919804471,-0.4293885430846588,1.6128651979442328,0.8318245037690412,-1.2453068219403038,2.0560628672339445,-0.4866284179142582,-0.7133791044129464,0.8010172661180419,1.4424108573847378,-0.6103551075070955,-0.33607871592092176,-0.5521695245585503,-2.7977532815928297,-0.9489672034263006,-2.1090291179007346,1.3862290758476772,1.532797521543101,0.12739393906015883,-1.3017290374098225,0.9413449165405718,2.1919640940881613,-0.9988376871432829,-0.9115548171311805,-0.8819451844821791,-0.8948716360537634,0.7359859480473583,-1.5282052389177028,-2.116501696541168,-0.10224040750268937,0.09096539428520323,-1.9511964654913818,0.9063667163114919,-0.3830722727934296,0.39087216407308617,-0.09551086209198983,0.07690072671678563,-2.144346315606136,0.7592810526736657,0.29987936221110745,0.6841510046985967,0.9757755996708546,-1.7063235568486457,-1.3183123260116705,0.2633782406049863,0.7085895783107468,0.5707101606332952,-0.28681229405074504,-1.1778461179397661,0.4937736947171985,0.9726388243685711,-1.0831866479660615,-0.2841487424073051,-1.7310396008811508,0.5148383782141979,2.1244127611160812,0.8191727403948448,-2.0575899096911034,1.652299783069465,-0.1742536578452664,-1.397142366975874,0.4386134895796823,0.5543735539674428,0.9206246507358162,1.739202297871384,1.984850583755654,-0.8791051450211873,-1.1353619629367668,-0.9865315127971894,0.4147591393272914,2.5052064922767885,0.9333584837796104,0.14839077568167225,-3.665872786919659,1.1595270831190352,-1.8995521773218804,1.6791254526106865,0.8369622308569841,-0.2787848019463761,-0.35232972795107964,1.5303121657301522,-1.0852627657914886,-1.097556802939968,-2.2410361277878104,0.30309142568239106,1.766974713357016,1.4101536994115342,1.6901863993420951,-1.66844628371785,-3.1185637045974692,-0.07150675433025971,-0.29102217953127785,-2.468022185728434,-2.209678430291211,0.5595790499900356,-0.4106524460931102,-1.1650189015083812,-2.414348030627518,0.48596529667899124,-1.7389824383905492,-0.130119524374894,-0.673523220388486,1.036760224464647,-1.5078116966889867,-2.38030231596883,1.7315177337150025,-0.4158392307493001,1.197024085641991,-2.6359819441903043,-1.5029172256508878,-0.62341844668839,-1.7763310825202934,-2.1838903735046222,2.5438394435997687,-1.115223010031041,-1.6939649215478008,3.106131119206164,0.5461515206340716,0.8305627840175557,-0.2820627484522819,1.4527155113088093,1.8397980495908186,-0.79069820211579,1.3183284360356766,-2.0791958202943137,-0.05596644222363596,-0.5543298899183197,0.5039581261403177,-2.12557653857707,-0.5140396887876956,-1.2005417486665866,0.6160799490103331,0.8500832562407705,-1.7105345194567676,-0.573799697463271,-0.45887724737028646,-0.42630540311469145,0.28243380563304055,-0.33833115597464386,-0.5953100586126833,-1.874630652437709,-1.5670740907654928,0.6620831833619711,0.7959972645297522,-0.66012443648237,3.3983162667910882,-0.5593194951991675,-0.049495828510796855,-1.815687655577179,0.04898795334449846,-1.9244571187924735,2.342469956025628,-0.5267219926347473,-0.8791652150709732,-0.7788196078283778,-0.690777679366964,-0.6739376972334357
3;170;91827.61766791344;3877;5342;0.047412;0.372919;0.048803/0.136727/0.09831/0.049126/0.055292/0.051755/0.0732/0.081623/0.098791/0.090501/0.134462/0.054506/0.081956/0.05097/0.051158/0.082967/0.075432/0.056304/0.12735/0.051746/0.076651/0.058613/0.123068/0.051019/0.065789/0.04891/0.079944/0.075787/0.050267/0.047412/0.074626/0.102207/0.050343/0.049265/0.067338/0.054346/0.054822/0.050124/0.058436/0.157951/0.054167/0.052779/0.049959/0.075225/0.050228/0.096244/0.052933/0.054969/0.050498/0.05894/0.052684/0.049546/0.069622/0.052469/0.050586/0.0539/0.05177/0.049137/0.049584/0.048892/0.05161/0.081742/0.133857/0.049327/0.0987/0.053093/0.048719/0.050074/0.052419/0.050674/0.108741/0.087798/0.073784/0.052548/0.065428/0.074388/0.072531/0.051291/0.052207/0.049771/0.049398/0.05307/0.048246/0.051838/0.048653/0.077541/0.051404/0.048832/0.049234/0.123112/0.048038/0.04968/0.050821/0.053494/0.049725/0.048072/0.050293/0.050886/0.108106/0.04913;0.0/0.580559/0.652556/0.0/0.294564/0.435754/0.504203/0.408386/0.509912/0.60153/0.516988/0.583256/0.422252/0.226153/0.212795/0.506995/0.870447/0.345551/0.709778/0.480296/0.431967/0.389558/0.575989/0.394243/0.558212/4.8e-05/0.594109/0.545694/0.149309/0.372919/0.411246/0.514062/0.467062/0.224576/0.425541/0.385561/0.399206/0.327774/0.366273/0.756873/0.290098/0.290012/0.114683/0.395267/0.221573/0.473402/0.323911/0.418178/0.160698/0.388697/0.416333/0.374898/0.458781/0.18251/0.167373/0.699316/0.361377/0.305302/0.035907/0.0/0.425628/0.44306/0.554243/0.036481/0.447421/0.362859/0.22121/0.421497/0.31431/0.3246/0.512082/0.51934/0.444188/0.376935/0.468439/0.444236/0.396538/0.34514/0.297385/0.179594/0.249515/0.383323/0.0/0.319417/0.1965/0.680574/0.432828/0.183027/0.0/0.808099/0.003031/0.376409/0.270677/0.447535/0.096964/0.228372/0.179106/0.279484/0.478613/0.266163;0.075432/0.0539/0.051746/0.050343/0.050074/0.04968/0.049546/0.047412;0.870447/0.699316/0.480296/0.467062/0.421497/0.376409/0.374898/0.372919;3.962348258312918,0.8339885646398719,-1.007793362480925,-0.2184625022447242,1.5379335089084878,-1.2219682106178884,2.086643429391695,0.3990205524591274,0.7373856257481506,1.0031905822232812,-0.9170014086173379,-0.33301527269660747,-0.06658958552078464,-0.7441993918064447,-1.7580419581499847,-1.0709039252833055,-0.13633235006261368,1.0671874518563818,1.416036010040315,-0.6764373579911961,-0.2528779273230124,1.3864902327515567,0.7124389429934609,-0.9134811966593819,0.3126317086033736,-1.9008880944614903,-2.1061867267013232,1.5131046708525724,-2.3973883765155226,-2.3075623322269703,-1.0309901352510602,-1.3807585547892005,-0.7927658302926817,1.8324112437069218,-2.0212897106163914,0.331815038322927,-0.736575562543405,1.6872952076183398,0.03438295917628417,0.5946222219955912,0.11178981004178723,0.692489770862007,-0.09038918989431771,-0.606886238434369,-0.46209764504059364,-0.42221745297613755,0.5063538220682972,1.5681129390097743,0.013499993124852089,0.34068565460125017,-0.8915367697414908,0.1786107731238437,-1.2846452336563858,0.5293864074800793,-2.5468149827751407,-0.7824093689987637,0.8329464259317579,1.7082185787293795,-2.476167995979677,1.041681924654354,0.08063287253346466,-2.0299094422822788,-0.939714893149719,-0.18914089737186826,0.9099712287743175,2.1049416198062456,0.5903387781059164,0.18602790852412465,0.0854971117344111,0.12282087252184085,1.7418879508129845,3.3859857531984097,1.6983552639033075,-0.10154510393714372,-3.3244806189269824,0.7687531498359867,-1.6848216935513642,1.143928385066737,0.3263817179705776,-0.9152986357626633,0.5772500589811952,2.931823907634211,-1.7857715708612139,-1.1335627355323095,-2.2465359582079905,-1.2191013640188155,1.5003515610029745,2.584722186912842,0.3017153957988893,-0.8587770921200077,-0.7945476213599855,0.39132328602899025,-0.5205334053213101,-2.159059439545565,-2.2765947275779777,1.2067226317256237,-0.5804265724323426,-0.33935830296672576,-1.7946001234243,0.0030900835754571615,-0.026472235899217628,-0.2821399339197717,-0.6410193333275724,1.3417567746953152,-0.9309624072823499,-1.6260781611314261,-0.6820815803750979,-1.7174767748909223,0.06401366616456539,-1.1495324016863508,-0.9163725745183509,0.9392985001092633,-3.9513778266017074,-2.8201124160381625,0.23506350229761397,1.1387226370327865,-3.1016708053935154,3.298505927969922,0.7766160888724718,0.10264872521571566,-0.20715516305068077,-1.273809416597154,-0.6002019478551751,1.4031579019546652,1.9029536816220445,-1.6360852959255465,-0.376977191392729,-0.5109650585774372,0.17302844324286124,-2.2171353285480344,0.7725678136485881,-0.33906538130969455,0.39022272738644076,1.4188424724732354,0.127492568140596,-0.5553945032705838,-1.945879927611846,-0.27144054610888757,0.5726981221854851,-1.30328968050792,-0.23133929678812926,-1.2075304087812415,-0.4070849449662902,0.6211555251563001,0.9006091058868869,0.371954948120803,2.9572989873489886,0.2463547675475711,0.36937298007688835,-1.4189899371993233,-0.007316571290008678,-0.015807857067996922,0.1535014596130742,-0.08618296526915417,-2.404695951179009,-1.9490406263211573,-0.8489746980400449,-1.625848979449617;3.4808065776743202,0.8723372919804471,-0.4293885430846588,1.6128651979442328,0.8318245037690412,-1.2453068219403038,2.0560628672339445,-0.4866284179142582,-0.7133791044129464,0.8010172661180419,1.4424108573847378,-0.6103551075070955,-0.33607871592092176,-0.5521695245585503,-2.7977532815928297,-0.9489672034263006,-2.1090291179007346,1.3862290758476772,1.532797521543101,0.12739393906015883,-1.3017290374098225,0.9413449165405718,2.1919640940881613,-0.9988376871432829,-0.9115548171311805,-0.8819451844821791,-0.8948716360537634,0.7359859480473583,-1.5282052389177028,-2.116501696541168,-0.10224040750268937,0.09096539428520323,-1.9511964654913818,0.9063667163114919,-0.3830722727934296,0.39087216407308617,-0.09551086209198983,0.07690072671678563,-2.144346315606136,0.7592810526736657,0.29987936221110745,0.6841510046985967,0.9757755996708546,-1.7063235568486457,-1.3183123260116705,0.2633782406049863,0.7085895783107468,0.5707101606332952,-0.28681229405074504,-1.1778461179397661,0.4937736947171985,0.9726388243685711,-1.0831866479660615,-0.2841487424073051,-1.7310396008811508,0.5148383782141979,2.1244127611160812,0.8191727403948448,-2.0575899096911034,1.652299783069465,-0.1742536578452664,-1.397142366975874,0.4386134895796823,0.5543735539674428,0.9206246507358162,1.739202297871384,1.984850583755654,-0.8791051450211873,-1.1353619629367668,-0.9865315127971894,0.4147591393272914,2.5052064922767885,0.9333584837796104,0.14839077568167225,-3.665872786919659,1.1595270831190352,-1.8995521773218804,1.6791254526106865,0.8369622308569841,-0.2787848019463761,-0.35232972795107964,1.5303121657301522,-1.0852627657914886,-1.097556802939968,-2.2410361277878104,0.30309142568239106,1.766974713357016,1.4101536994115342,1.6901863993420951,-1.66844628371785,-3.1185637045974692,-0.07150675433025971,-0.29102217953127785,-2.468022185728434,-2.209678430291211,0.5595790499900356,-0.4106524460931102,-1.1650189015083812,-2.414348030627518,0.48596529667899124,-1.7389824383905492,-0.130119524374894,-0.673523220388486,1.036760224464647,-1.5078116966889867,-2.38030231596883,1.7315177337150025,-0.4158392307493001,1.197024085641991,-2.6359819441903043,-1.5029172256508878,-0.62341844668839,-1.7763310825202934,-2.1838903735046222,2.5438394435997687,-1.115223010031041,-1.6939649215478008,3.106131119206164,0.5461515206340716,0.8305627840175557,-0.2820627484522819,1.4527155113088093,1.8397980495908186,-0.79069820211579,1.3183284360356766,-2.0791958202943137,-0.05596644222363596,-0.5543298899183197,0.5039581261403177,-2.12557653857707,-0.5140396887876956,-1.2005417486665866,0.6160799490103331,0.8500832562407705,-1.7105345194567676,-0.573799697463271,-0.45887724737028646,-0.42630540311469145,0.28243380563304055,-0.33833115597464386,-0.5953100586126833,-1.874630652437709,-1.5670740907654928,0.6620831833619711,0.7959972645297522,-0.66012443648237,3.3983162667910882,-0.5593194951991675,-0.049495828510796855,-1.815687655577179,0.04898795334449846,-1.9244571187924735,2.342469956025628,-0.5267219926347473,-0.8791652150709732,-0.7788196078283778,-0.690777679366964,-0.6739376972334357
3;171;92376.25938677788;3877;5342;0.047412;0.372919;0.048803/0.136727/0.09831/0.049126/0.055292/0.051755/0.0732/0.081623/0.098791/0.090501/0.134462/0.054506/0.081956/0.05097/0.051158/0.082967/0.075432/0.056304/0.12735/0.051746/0.076651/0.058613/0.123068/0.051019/0.065789/0.04891/0.079944/0.075787/0.050267/0.047412/0.074626/0.102207/0.050343/0.049265/0.067338/0.054346/0.054822/0.050124/0.058436/0.157951/0.054167/0.052779/0.049959/0.075225/0.050228/0.096244/0.052933/0.054969/0.05894/0.052684/0.049546/0.069622/0.050586/0.0539/0.05177/0.049137/0.049584/0.048892/0.05161/0.081742/0.133857/0.049327/0.0987/0.053093/0.048719/0.050074/0.052419/0.050674/0.108741/0.087798/0.073784/0.052548/0.065428/0.074388/0.072531/0.051291/0.052207/0.049771/0.049398/0.05307/0.048246/0.051838/0.048653/0.077541/0.051404/0.048832/0.049234/0.123112/0.048038/0.04968/0.050821/0.053494/0.049725/0.048072/0.050293/0.050886/0.108106/0.04913/0.04934/0.056974;0.0/0.580559/0.652556/0.0/0.294564/0.435754/0.504203/0.408386/0.509912/0.60153/0.516988/0.583256/0.422252/0.226153/0.212795/0.506995/0.870447/0.345551/0.709778/0.480296/0.431967/0.389558/0.575989/0.394243/0.558212/4.8e-05/0.594109/0.545694/0.149309/0.372919/0.411246/0.514062/0.467062/0.224576/0.425541/0.385561/0.399206/0.327774/0.366273/0.756873/0.290098/0.290012/0.114683/0.395267/0.221573/0.473402/0.323911/0.418178/0.388697/0.416333/0.374898/0.458781/0.167373/0.699316/0.361377/0.305302/0.035907/0.0/0.425628/0.44306/0.554243/0.036481/0.447421/0.362859/0.22121/0.421497/0.31431/0.3246/0.512082/0.51934/0.444188/0.376935/0.468439/0.444236/0.396538/0.34514/0.297385/0.179594/0.249515/0.383323/0.0/0.319417/0.1965/0.680574/0.432828/0.183027/0.0/0.808099/0.003031/0.376409/0.270677/0.447535/0.096964/0.228372/0.179106/0.279484/0.478613/0.266163/0.149701/0.38753;0.075432/0.0539/0.051746/0.050343/0.050074/0.04968/0.049546/0.047412;0.870447/0.699316/0.480296/0.467062/0.421497/0.376409/0.374898/0.372919;3.962348258312918,0.8339885646398719,-1.007793362480925,-0.2184625022447242,1.5379335089084878,-1.2219682106178884,2.086643429391695,0.3990205524591274,0.7373856257481506,1.0031905822232812,-0.9170014086173379,-0.33301527269660747,-0.06658958552078464,-0.7441993918064447,-1.7580419581499847,-1.0709039252833055,-0.13633235006261368,1.0671874518563818,1.416036010040315,-0.6764373579911961,-0.2528779273230124,1.3864902327515567,0.7124389429934609,-0.9134811966593819,0.3126317086033736,-1.9008880944614903,-2.1061867267013232,1.5131046708525724,-2.3973883765155226,-2.3075623322269703,-1.0309901352510602,-1.3807585547892005,-0.7927658302926817,1.8324112437069218,-2.0212897106163914,0.331815038322927,-0.736575562543405,1.6872952076183398,0.03438295917628417,0.5946222219955912,0.11178981004178723,0.692489770862007,-0.09038918989431771,-0.606886238434369,-0.46209764504059364,-0.42221745297613755,0.5063538220682972,1.5681129390097743,0.013499993124852089,0.34068565460125017,-0.8915367697414908,0.1786107731238437,-1.2846452336563858,0.5293864074800793,-2.5468149827751407,-0.7824093689987637,0.8329464259317579,1.7082185787293795,-2.476167995979677,1.041681924654354,0.08063287253346466,-2.0299094422822788,-0.939714893149719,-0.18914089737186826,0.9099712287743175,2.1049416198062456,0.5903387781059164,0.18602790852412465,0.0854971117344111,0.12282087252184085,1.7418879508129845,3.3859857531984097,1.6983552639033075,-0.10154510393714372,-3.3244806189269824,0.7687531498359867,-1.6848216935513642,1.143928385066737,0.3263817179705776,-0.9152986357626633,0.5772500589811952,2.931823907634211,-1.7857715708612139,-1.1335627355323095,-2.2465359582079905,-1.2191013640188155,1.5003515610029745,2.584722186912842,0.3017153957988893,-0.8587770921200077,-0.7945476213599855,0.39132328602899025,-0.5205334053213101,-2.159059439545565,-2.2765947275779777,1.2067226317256237,-0.5804265724323426,-0.33935830296672576,-1.7946001234243,0.0030900835754571615,-0.026472235899217628,-0.2821399339197717,-0.6410193333275724,1.3417567746953152,-0.9309624072823499,-1.6260781611314261,-0.6820815803750979,-1.7174767748909223,0.06401366616456539,-1.1495324016863508,-0.9163725745183509,0.9392985001092633,-3.9513778266017074,-2.8201124160381625,0.23506350229761397,1.1387226370327865,-3.1016708053935154,3.298505927969922,0.7766160888724718,0.10264872521571566,-0.20715516305068077,-1.273809416597154,-0.6002019478551751,1.4031579019546652,1.9029536816220445,-1.6360852959255465,-0.376977191392729,-0.5109650585774372,0.17302844324286124,-2.2171353285480344,0.7725678136485881,-0.33906538130969455,0.39022272738644076,1.4188424724732354,0.127492568140596,-0.5553945032705838,-1.945879927611846,-0.27144054610888757,0.5726981221854851,-1.30328968050792,-0.23133929678812926,-1.2075304087812415,-0.4070849449662902,0.6211555251563001,0.9006091058868869,0.371954948120803,2.9572989873489886,0.2463547675475711,0.36937298007688835,-1.4189899371993233,-0.007316571290008678,-0.015807857067996922,0.1535014596130742,-0.08618296526915417,-2.404695951179009,-1.9490406263211573,-0.8489746980400449,-1.625848979449617;3.4808065776743202,0.8723372919804471,-0.4293885430846588,1.6128651979442328,0.8318245037690412,-1.2453068219403038,2.0560628672339445,-0.4866284179142582,-0.7133791044129464,0.8010172661180419,1.4424108573847378,-0.6103551075070955,-0.33607871592092176,-0.5521695245585503,-2.7977532815928297,-0.9489672034263006,-2.1090291179007346,1.3862290758476772,1.532797521543101,0.12739393906015883,-1.3017290374098225,0.9413449165405718,2.1919640940881613,-0.9988376871432829,-0.9115548171311805,-0.8819451844821791,-0.8948716360537634,0.7359859480473583,-1.5282052389177028,-2.116501696541168,-0.10224040750268937,0.09096539428520323,-1.9511964654913818,0.9063667163114919,-0.3830722727934296,0.39087216407308617,-0.09551086209198983,0.07690072671678563,-2.144346315606136,0.7592810526736657,0.29987936221110745,0.6841510046985967,0.9757755996708546,-1.7063235568486457,-1.3183123260116705,0.2633782406049863,0.7085895783107468,0.5707101606332952,-0.28681229405074504,-1.1778461179397661,0.4937736947171985,0.9726388243685711,-1.0831866479660615,-0.2841487424073051,-1.7310396008811508,0.5148383782141979,2.1244127611160812,0.8191727403948448,-2.0575899096911034,1.652299783069465,-0.1742536578452664,-1.397142366975874,0.4386134895796823,0.5543735539674428,0.9206246507358162,1.739202297871384,1.984850583755654,-0.8791051450211873,-1.1353619629367668,-0.9865315127971894,0.4147591393272914,2.5052064922767885,0.9333584837796104,0.14839077568167225,-3.665872786919659,1.1595270831190352,-1.8995521773218804,1.6791254526106865,0.8369622308569841,-0.2787848019463761,-0.35232972795107964,1.5303121657301522,-1.0852627657914886,-1.097556802939968,-2.2410361277878104,0.30309142568239106,1.766974713357016,1.4101536994115342,1.6901863993420951,-1.66844628371785,-3.1185637045974692,-0.07150675433025971,-0.29102217953127785,-2.468022185728434,-2.209678430291211,0.5595790499900356,-0.4106524460931102,-1.1650189015083812,-2.414348030627518,0.48596529667899124,-1.7389824383905492,-0.130119524374894,-0.673523220388486,1.036760224464647,-1.5078116966889867,-2.38030231596883,1.7315177337150025,-0.4158392307493001,1.197024085641991,-2.6359819441903043,-1.5029172256508878,-0.62341844668839,-1.7763310825202934,-2.1838903735046222,2.5438394435997687,-1.115223010031041,-1.6939649215478008,3.106131119206164,0.5461515206340716,0.8305627840175557,-0.2820627484522819,1.4527155113088093,1.8397980495908186,-0.79069820211579,1.3183284360356766,-2.0791958202943137,-0.05596644222363596,-0.5543298899183197,0.5039581261403177,-2.12557653857707,-0.5140396887876956,-1.2005417486665866,0.6160799490103331,0.8500832562407705,-1.7105345194567676,-0.573799697463271,-0.45887724737028646,-0.42630540311469145,0.28243380563304055,-0.33833115597464386,-0.5953100586126833,-1.874630652437709,-1.5670740907654928,0.6620831833619711,0.7959972645297522,-0.66012443648237,3.3983162667910882,-0.5593194951991675,-0.049495828510796855,-1.815687655577179,0.04898795334449846,-1.9244571187924735,2.342469956025628,-0.5267219926347473,-0.8791652150709732,-0.7788196078283778,-0.690777679366964,-0.6739376972334357
3;172;92928.3617720604;3877;5342;0.047412;0.372919;0.048803/0.136727/0.09831/0.049126/0.055292/0.051755/0.0732/0.081623/0.098791/0.090501/0.134462/0.054506/0.081956/0.05097/0.051158/0.082967/0.075432/0.056304/0.12735/0.051746/0.076651/0.058613/0.123068/0.051019/0.065789/0.04891/0.079944/0.075787/0.050267/0.047412/0.074626/0.102207/0.050343/0.049265/0.067338/0.054346/0.054822/0.050124/0.058436/0.157951/0.054167/0.052779/0.049959/0.075225/0.050228/0.096244/0.052933/0.054969/0.05894/0.052684/0.049546/0.069622/0.0539/0.05177/0.049137/0.049584/0.048892/0.05161/0.081742/0.133857/0.049327/0.0987/0.053093/0.048719/0.050074/0.052419/0.050674/0.108741/0.087798/0.073784/0.052548/0.065428/0.074388/0.072531/0.051291/0.052207/0.049771/0.049398/0.05307/0.048246/0.051838/0.048653/0.077541/0.051404/0.048832/0.049234/0.123112/0.048038/0.04968/0.050821/0.053494/0.049725/0.048072/0.050293/0.050886/0.108106/0.04913/0.04934/0.056974/0.04894;0.0/0.580559/0.652556/0.0/0.294564/0.435754/0.504203/0.408386/0.509912/0.60153/0.516988/0.583256/0.422252/0.226153/0.212795/0.506995/0.870447/0.345551/0.709778/0.480296/0.431967/0.389558/0.575989/0.394243/0.558212/4.8e-05/0.594109/0.545694/0.149309/0.372919/0.411246/0.514062/0.467062/0.224576/0.425541/0.385561/0.399206/0.327774/0.366273/0.756873/0.290098/0.290012/0.114683/0.395267/0.221573/0.473402/0.323911/0.418178/0.388697/0.416333/0.374898/0.458781/0.699316/0.361377/0.305302/0.035907/0.0/0.425628/0.44306/0.554243/0.036481/0.447421/0.362859/0.22121/0.421497/0.31431/0.3246/0.512082/0.51934/0.444188/0.376935/0.468439/0.444236/0.396538/0.34514/0.297385/0.179594/0.249515/0.383323/0.0/0.319417/0.1965/0.680574/0.432828/0.183027/0.0/0.808099/0.003031/0.376409/0.270677/0.447535/0.096964/0.228372/0.179106/0.279484/0.478613/0.266163/0.149701/0.38753/0.36744;0.075432/0.0539/0.051746/0.050343/0.050074/0.04968/0.049546/0.047412;0.870447/0.699316/0.480296/0.467062/0.421497/0.376409/0.374898/0.372919;3.962348258312918,0.8339885646398719,-1.007793362480925,-0.2184625022447242,1.5379335089084878,-1.2219682106178884,2.086643429391695,0.3990205524591274,0.7373856257481506,1.0031905822232812,-0.9170014086173379,-0.33301527269660747,-0.06658958552078464,-0.7441993918064447,-1.7580419581499847,-1.0709039252833055,-0.13633235006261368,1.0671874518563818,1.416036010040315,-0.6764373579911961,-0.2528779273230124,1.3864902327515567,0.7124389429934609,-0.9134811966593819,0.3126317086033736,-1.9008880944614903,-2.1061867267013232,1.5131046708525724,-2.3973883765155226,-2.3075623322269703,-1.0309901352510602,-1.3807585547892005,-0.7927658302926817,1.8324112437069218,-2.0212897106163914,0.331815038322927,-0.736575562543405,1.6872952076183398,0.03438295917628417,0.5946222219955912,0.11178981004178723,0.692489770862007,-0.09038918989431771,-0.606886238434369,-0.46209764504059364,-0.42221745297613755,0.5063538220682972,1.5681129390097743,0.013499993124852089,0.34068565460125017,-0.8915367697414908,0.1786107731238437,-1.2846452336563858,0.5293864074800793,-2.5468149827751407,-0.7824093689987637,0.8329464259317579,1.7082185787293795,-2.476167995979677,1.041681924654354,0.08063287253346466,-2.0299094422822788,-0.939714893149719,-0.18914089737186826,0.9099712287743175,2.1049416198062456,0.5903387781059164,0.18602790852412465,0.0854971117344111,0.12282087252184085,1.7418879508129845,3.3859857531984097,1.6983552639033075,-0.10154510393714372,-3.3244806189269824,0.7687531498359867,-1.6848216935513642,1.143928385066737,0.3263817179705776,-0.9152986357626633,0.5772500589811952,2.931823907634211,-1.7857715708612139,-1.1335627355323095,-2.2465359582079905,-1.2191013640188155,1.5003515610029745,2.584722186912842,0.3017153957988893,-0.8587770921200077,-0.7945476213599855,0.39132328602899025,-0.5205334053213101,-2.159059439545565,-2.2765947275779777,1.2067226317256237,-0.5804265724323426,-0.33935830296672576,-1.7946001234243,0.0030900835754571615,-0.026472235899217628,-0.2821399339197717,-0.6410193333275724,1.3417567746953152,-0.9309624072823499,-1.6260781611314261,-0.6820815803750979,-1.7174767748909223,0.06401366616456539,-1.1495324016863508,-0.9163725745183509,0.9392985001092633,-3.9513778266017074,-2.8201124160381625,0.23506350229761397,1.1387226370327865,-3.1016708053935154,3.298505927969922,0.7766160888724718,0.10264872521571566,-0.20715516305068077,-1.273809416597154,-0.6002019478551751,1.4031579019546652,1.9029536816220445,-1.6360852959255465,-0.376977191392729,-0.5109650585774372,0.17302844324286124,-2.2171353285480344,0.7725678136485881,-0.33906538130969455,0.39022272738644076,1.4188424724732354,0.127492568140596,-0.5553945032705838,-1.945879927611846,-0.27144054610888757,0.5726981221854851,-1.30328968050792,-0.23133929678812926,-1.2075304087812415,-0.4070849449662902,0.6211555251563001,0.9006091058868869,0.371954948120803,2.9572989873489886,0.2463547675475711,0.36937298007688835,-1.4189899371993233,-0.007316571290008678,-0.015807857067996922,0.1535014596130742,-0.08618296526915417,-2.404695951179009,-1.9490406263211573,-0.8489746980400449,-1.625848979449617;3.4808065776743202,0.8723372919804471,-0.4293885430846588,1.6128651979442328,0.8318245037690412,-1.2453068219403038,2.0560628672339445,-0.4866284179142582,-0.7133791044129464,0.8010172661180419,1.4424108573847378,-0.6103551075070955,-0.33607871592092176,-0.5521695245585503,-2.7977532815928297,-0.9489672034263006,-2.1090291179007346,1.3862290758476772,1.532797521543101,0.12739393906015883,-1.3017290374098225,0.9413449165405718,2.1919640940881613,-0.9988376871432829,-0.9115548171311805,-0.8819451844821791,-0.8948716360537634,0.7359859480473583,-1.5282052389177028,-2.116501696541168,-0.10224040750268937,0.09096539428520323,-1.9511964654913818,0.9063667163114919,-0.3830722727934296,0.39087216407308617,-0.09551086209198983,0.07690072671678563,-2.144346315606136,0.7592810526736657,0.29987936221110745,0.6841510046985967,0.9757755996708546,-1.7063235568486457,-1.3183123260116705,0.2633782406049863,0.7085895783107468,0.5707101606332952,-0.28681229405074504,-1.1778461179397661,0.4937736947171985,0.9726388243685711,-1.0831866479660615,-0.2841487424073051,-1.7310396008811508,0.5148383782141979,2.1244127611160812,0.8191727403948448,-2.0575899096911034,1.652299783069465,-0.1742536578452664,-1.397142366975874,0.4386134895796823,0.5543735539674428,0.9206246507358162,1.739202297871384,1.984850583755654,-0.8791051450211873,-1.1353619629367668,-0.9865315127971894,0.4147591393272914,2.5052064922767885,0.9333584837796104,0.14839077568167225,-3.665872786919659,1.1595270831190352,-1.8995521773218804,1.6791254526106865,0.8369622308569841,-0.2787848019463761,-0.35232972795107964,1.5303121657301522,-1.0852627657914886,-1.097556802939968,-2.2410361277878104,0.30309142568239106,1.766974713357016,1.4101536994115342,1.6901863993420951,-1.66844628371785,-3.1185637045974692,-0.07150675433025971,-0.29102217953127785,-2.468022185728434,-2.209678430291211,0.5595790499900356,-0.4106524460931102,-1.1650189015083812,-2.414348030627518,0.48596529667899124,-1.7389824383905492,-0.130119524374894,-0.673523220388486,1.036760224464647,-1.5078116966889867,-2.38030231596883,1.7315177337150025,-0.4158392307493001,1.197024085641991,-2.6359819441903043,-1.5029172256508878,-0.62341844668839,-1.7763310825202934,-2.1838903735046222,2.5438394435997687,-1.115223010031041,-1.6939649215478008,3.106131119206164,0.5461515206340716,0.8305627840175557,-0.2820627484522819,1.4527155113088093,1.8397980495908186,-0.79069820211579,1.3183284360356766,-2.0791958202943137,-0.05596644222363596,-0.5543298899183197,0.5039581261403177,-2.12557653857707,-0.5140396887876956,-1.2005417486665866,0.6160799490103331,0.8500832562407705,-1.7105345194567676,-0.573799697463271,-0.45887724737028646,-0.42630540311469145,0.28243380563304055,-0.33833115597464386,-0.5953100586126833,-1.874630652437709,-1.5670740907654928,0.6620831833619711,0.7959972645297522,-0.66012443648237,3.3983162667910882,-0.5593194951991675,-0.049495828510796855,-1.815687655577179,0.04898795334449846,-1.9244571187924735,2.342469956025628,-0.5267219926347473,-0.8791652150709732,-0.7788196078283778,-0.690777679366964,-0.6739376972334357
3;173;93487.77546429634;3877;5342;0.047412;0.372919;0.048803/0.136727/0.09831/0.049126/0.051755/0.0732/0.081623/0.098791/0.090501/0.134462/0.054506/0.081956/0.05097/0.051158/0.082967/0.075432/0.056304/0.12735/0.051746/0.076651/0.058613/0.123068/0.051019/0.065789/0.04891/0.079944/0.075787/0.050267/0.047412/0.074626/0.102207/0.050343/0.049265/0.067338/0.054346/0.054822/0.050124/0.058436/0.157951/0.049959/0.075225/0.050228/0.096244/0.052933/0.054969/0.05894/0.052684/0.049546/0.069622/0.0539/0.05177/0.049137/0.049584/0.048892/0.05161/0.081742/0.133857/0.049327/0.0987/0.053093/0.048719/0.050074/0.052419/0.050674/0.108741/0.087798/0.073784/0.052548/0.065428/0.074388/0.072531/0.051291/0.052207/0.049771/0.049398/0.05307/0.048246/0.051838/0.048653/0.077541/0.051404/0.048832/0.049234/0.123112/0.048038/0.04968/0.050821/0.053494/0.049725/0.048072/0.050293/0.050886/0.108106/0.04913/0.04934/0.056974/0.04894/0.050831/0.052052/0.052727;0.0/0.580559/0.652556/0.0/0.435754/0.504203/0.408386/0.509912/0.60153/0.516988/0.583256/0.422252/0.226153/0.212795/0.506995/0.870447/0.345551/0.709778/0.480296/0.431967/0.389558/0.575989/0.394243/0.558212/4.8e-05/0.594109/0.545694/0.149309/0.372919/0.411246/0.514062/0.467062/0.224576/0.425541/0.385561/0.399206/0.327774/0.366273/0.756873/0.114683/0.395267/0.221573/0.473402/0.323911/0.418178/0.388697/0.416333/0.374898/0.458781/0.699316/0.361377/0.305302/0.035907/0.0/0.425628/0.44306/0.554243/0.036481/0.447421/0.362859/0.22121/0.421497/0.31431/0.3246/0.512082/0.51934/0.444188/0.376935/0.468439/0.444236/0.396538/0.34514/0.297385/0.179594/0.249515/0.383323/0.0/0.319417/0.1965/0.680574/0.432828/0.183027/0.0/0.808099/0.003031/0.376409/0.270677/0.447535/0.096964/0.228372/0.179106/0.279484/0.478613/0.266163/0.149701/0.38753/0.36744/0.032503/0.308123/0.307645;0.075432/0.0539/0.051746/0.050343/0.050074/0.04968/0.049546/0.047412;0.870447/0.699316/0.480296/0.467062/0.421497/0.376409/0.374898/0.372919;3.962348258312918,0.8339885646398719,-1.007793362480925,-0.2184625022447242,1.5379335089084878,-1.2219682106178884,2.086643429391695,0.3990205524591274,0.7373856257481506,1.0031905822232812,-0.9170014086173379,-0.33301527269660747,-0.06658958552078464,-0.7441993918064447,-1.7580419581499847,-1.0709039252833055,-0.13633235006261368,1.0671874518563818,1.416036010040315,-0.6764373579911961,-0.2528779273230124,1.3864902327515567,0.7124389429934609,-0.9134811966593819,0.3126317086033736,-1.9008880944614903,-2.1061867267013232,1.5131046708525724,-2.3973883765155226,-2.3075623322269703,-1.0309901352510602,-1.3807585547892005,-0.7927658302926817,1.8324112437069218,-2.0212897106163914,0.331815038322927,-0.736575562543405,1.6872952076183398,0.03438295917628417,0.5946222219955912,0.11178981004178723,0.692489770862007,-0.09038918989431771,-0.606886238434369,-0.46209764504059364,-0.42221745297613755,0.5063538220682972,1.5681129390097743,0.013499993124852089,0.34068565460125017,-0.8915367697414908,0.1786107731238437,-1.2846452336563858,0.5293864074800793,-2.5468149827751407,-0.7824093689987637,0.8329464259317579,1.7082185787293795,-2.476167995979677,1.041681924654354,0.08063287253346466,-2.0299094422822788,-0.939714893149719,-0.18914089737186826,0.9099712287743175,2.1049416198062456,0.5903387781059164,0.18602790852412465,0.0854971117344111,0.12282087252184085,1.7418879508129845,3.3859857531984097,1.6983552639033075,-0.10154510393714372,-3.3244806189269824,0.7687531498359867,-1.6848216935513642,1.143928385066737,0.3263817179705776,-0.9152986357626633,0.5772500589811952,2.931823907634211,-1.7857715708612139,-1.1335627355323095,-2.2465359582079905,-1.2191013640188155,1.5003515610029745,2.584722186912842,0.3017153957988893,-0.8587770921200077,-0.7945476213599855,0.39132328602899025,-0.5205334053213101,-2.159059439545565,-2.2765947275779777,1.2067226317256237,-0.5804265724323426,-0.33935830296672576,-1.7946001234243,0.0030900835754571615,-0.026472235899217628,-0.2821399339197717,-0.6410193333275724,1.3417567746953152,-0.9309624072823499,-1.6260781611314261,-0.6820815803750979,-1.7174767748909223,0.06401366616456539,-1.1495324016863508,-0.9163725745183509,0.9392985001092633,-3.9513778266017074,-2.8201124160381625,0.23506350229761397,1.1387226370327865,-3.1016708053935154,3.298505927969922,0.7766160888724718,0.10264872521571566,-0.20715516305068077,-1.273809416597154,-0.6002019478551751,1.4031579019546652,1.9029536816220445,-1.6360852959255465,-0.376977191392729,-0.5109650585774372,0.17302844324286124,-2.2171353285480344,0.7725678136485881,-0.33906538130969455,0.39022272738644076,1.4188424724732354,0.127492568140596,-0.5553945032705838,-1.945879927611846,-0.27144054610888757,0.5726981221854851,-1.30328968050792,-0.23133929678812926,-1.2075304087812415,-0.4070849449662902,0.6211555251563001,0.9006091058868869,0.371954948120803,2.9572989873489886,0.2463547675475711,0.36937298007688835,-1.4189899371993233,-0.007316571290008678,-0.015807857067996922,0.1535014596130742,-0.08618296526915417,-2.404695951179009,-1.9490406263211573,-0.8489746980400449,-1.625848979449617;3.4808065776743202,0.8723372919804471,-0.4293885430846588,1.6128651979442328,0.8318245037690412,-1.2453068219403038,2.0560628672339445,-0.4866284179142582,-0.7133791044129464,0.8010172661180419,1.4424108573847378,-0.6103551075070955,-0.33607871592092176,-0.5521695245585503,-2.7977532815928297,-0.9489672034263006,-2.1090291179007346,1.3862290758476772,1.532797521543101,0.12739393906015883,-1.3017290374098225,0.9413449165405718,2.1919640940881613,-0.9988376871432829,-0.9115548171311805,-0.8819451844821791,-0.8948716360537634,0.7359859480473583,-1.5282052389177028,-2.116501696541168,-0.10224040750268937,0.09096539428520323,-1.9511964654913818,0.9063667163114919,-0.3830722727934296,0.39087216407308617,-0.09551086209198983,0.07690072671678563,-2.144346315606136,0.7592810526736657,0.29987936221110745,0.6841510046985967,0.9757755996708546,-1.7063235568486457,-1.3183123260116705,0.2633782406049863,0.7085895783107468,0.5707101606332952,-0.28681229405074504,-1.1778461179397661,0.4937736947171985,0.9726388243685711,-1.0831866479660615,-0.2841487424073051,-1.7310396008811508,0.5148383782141979,2.1244127611160812,0.8191727403948448,-2.0575899096911034,1.652299783069465,-0.1742536578452664,-1.397142366975874,0.4386134895796823,0.5543735539674428,0.9206246507358162,1.739202297871384,1.984850583755654,-0.8791051450211873,-1.1353619629367668,-0.9865315127971894,0.4147591393272914,2.5052064922767885,0.9333584837796104,0.14839077568167225,-3.665872786919659,1.1595270831190352,-1.8995521773218804,1.6791254526106865,0.8369622308569841,-0.2787848019463761,-0.35232972795107964,1.5303121657301522,-1.0852627657914886,-1.097556802939968,-2.2410361277878104,0.30309142568239106,1.766974713357016,1.4101536994115342,1.6901863993420951,-1.66844628371785,-3.1185637045974692,-0.07150675433025971,-0.29102217953127785,-2.468022185728434,-2.209678430291211,0.5595790499900356,-0.4106524460931102,-1.1650189015083812,-2.414348030627518,0.48596529667899124,-1.7389824383905492,-0.130119524374894,-0.673523220388486,1.036760224464647,-1.5078116966889867,-2.38030231596883,1.7315177337150025,-0.4158392307493001,1.197024085641991,-2.6359819441903043,-1.5029172256508878,-0.62341844668839,-1.7763310825202934,-2.1838903735046222,2.5438394435997687,-1.115223010031041,-1.6939649215478008,3.106131119206164,0.5461515206340716,0.8305627840175557,-0.2820627484522819,1.4527155113088093,1.8397980495908186,-0.79069820211579,1.3183284360356766,-2.0791958202943137,-0.05596644222363596,-0.5543298899183197,0.5039581261403177,-2.12557653857707,-0.5140396887876956,-1.2005417486665866,0.6160799490103331,0.8500832562407705,-1.7105345194567676,-0.573799697463271,-0.45887724737028646,-0.42630540311469145,0.28243380563304055,-0.33833115597464386,-0.5953100586126833,-1.874630652437709,-1.5670740907654928,0.6620831833619711,0.7959972645297522,-0.66012443648237,3.3983162667910882,-0.5593194951991675,-0.049495828510796855,-1.815687655577179,0.04898795334449846,-1.9244571187924735,2.342469956025628,-0.5267219926347473,-0.8791652150709732,-0.7788196078283778,-0.690777679366964,-0.6739376972334357
3;174;94040.26650619507;3877;5342;0.047412;0.372919;0.048803/0.136727/0.09831/0.049126/0.051755/0.0732/0.081623/0.098791/0.090501/0.134462/0.054506/0.081956/0.05097/0.082967/0.075432/0.056304/0.12735/0.051746/0.076651/0.058613/0.123068/0.051019/0.065789/0.04891/0.079944/0.075787/0.050267/0.047412/0.074626/0.102207/0.050343/0.049265/0.067338/0.054346/0.054822/0.050124/0.058436/0.157951/0.049959/0.075225/0.050228/0.096244/0.052933/0.054969/0.05894/0.052684/0.049546/0.069622/0.0539/0.05177/0.049137/0.049584/0.048892/0.05161/0.081742/0.133857/0.049327/0.0987/0.053093/0.048719/0.050074/0.052419/0.050674/0.108741/0.087798/0.073784/0.052548/0.065428/0.074388/0.072531/0.051291/0.052207/0.049771/0.049398/0.05307/0.048246/0.051838/0.048653/0.077541/0.051404/0.048832/0.049234/0.123112/0.048038/0.04968/0.050821/0.053494/0.049725/0.048072/0.050293/0.050886/0.108106/0.04913/0.04934/0.056974/0.04894/0.052052/0.052727/0.049648/0.05449;0.0/0.580559/0.652556/0.0/0.435754/0.504203/0.408386/0.509912/0.60153/0.516988/0.583256/0.422252/0.226153/0.506995/0.870447/0.345551/0.709778/0.480296/0.431967/0.389558/0.575989/0.394243/0.558212/4.8e-05/0.594109/0.545694/0.149309/0.372919/0.411246/0.514062/0.467062/0.224576/0.425541/0.385561/0.399206/0.327774/0.366273/0.756873/0.114683/0.395267/0.221573/0.473402/0.323911/0.418178/0.388697/0.416333/0.374898/0.458781/0.699316/0.361377/0.305302/0.035907/0.0/0.425628/0.44306/0.554243/0.036481/0.447421/0.362859/0.22121/0.421497/0.31431/0.3246/0.512082/0.51934/0.444188/0.376935/0.468439/0.444236/0.396538/0.34514/0.297385/0.179594/0.249515/0.383323/0.0/0.319417/0.1965/0.680574/0.432828/0.183027/0.0/0.808099/0.003031/0.376409/0.270677/0.447535/0.096964/0.228372/0.179106/0.279484/0.478613/0.266163/0.149701/0.38753/0.36744/0.308123/0.307645/0.289266/0.31848;0.075432/0.0539/0.051746/0.050343/0.050074/0.04968/0.049546/0.047412;0.870447/0.699316/0.480296/0.467062/0.421497/0.376409/0.374898/0.372919;3.962348258312918,0.8339885646398719,-1.007793362480925,-0.2184625022447242,1.5379335089084878,-1.2219682106178884,2.086643429391695,0.3990205524591274,0.7373856257481506,1.0031905822232812,-0.9170014086173379,-0.33301527269660747,-0.06658958552078464,-0.7441993918064447,-1.7580419581499847,-1.0709039252833055,-0.13633235006261368,1.0671874518563818,1.416036010040315,-0.6764373579911961,-0.2528779273230124,1.3864902327515567,0.7124389429934609,-0.9134811966593819,0.3126317086033736,-1.9008880944614903,-2.1061867267013232,1.5131046708525724,-2.3973883765155226,-2.3075623322269703,-1.0309901352510602,-1.3807585547892005,-0.7927658302926817,1.8324112437069218,-2.0212897106163914,0.331815038322927,-0.736575562543405,1.6872952076183398,0.03438295917628417,0.5946222219955912,0.11178981004178723,0.692489770862007,-0.09038918989431771,-0.606886238434369,-0.46209764504059364,-0.42221745297613755,0.5063538220682972,1.5681129390097743,0.013499993124852089,0.34068565460125017,-0.8915367697414908,0.1786107731238437,-1.2846452336563858,0.5293864074800793,-2.5468149827751407,-0.7824093689987637,0.8329464259317579,1.7082185787293795,-2.476167995979677,1.041681924654354,0.08063287253346466,-2.0299094422822788,-0.939714893149719,-0.18914089737186826,0.9099712287743175,2.1049416198062456,0.5903387781059164,0.18602790852412465,0.0854971117344111,0.12282087252184085,1.7418879508129845,3.3859857531984097,1.6983552639033075,-0.10154510393714372,-3.3244806189269824,0.7687531498359867,-1.6848216935513642,1.143928385066737,0.3263817179705776,-0.9152986357626633,0.5772500589811952,2.931823907634211,-1.7857715708612139,-1.1335627355323095,-2.2465359582079905,-1.2191013640188155,1.5003515610029745,2.584722186912842,0.3017153957988893,-0.8587770921200077,-0.7945476213599855,0.39132328602899025,-0.5205334053213101,-2.159059439545565,-2.2765947275779777,1.2067226317256237,-0.5804265724323426,-0.33935830296672576,-1.7946001234243,0.0030900835754571615,-0.026472235899217628,-0.2821399339197717,-0.6410193333275724,1.3417567746953152,-0.9309624072823499,-1.6260781611314261,-0.6820815803750979,-1.7174767748909223,0.06401366616456539,-1.1495324016863508,-0.9163725745183509,0.9392985001092633,-3.9513778266017074,-2.8201124160381625,0.23506350229761397,1.1387226370327865,-3.1016708053935154,3.298505927969922,0.7766160888724718,0.10264872521571566,-0.20715516305068077,-1.273809416597154,-0.6002019478551751,1.4031579019546652,1.9029536816220445,-1.6360852959255465,-0.376977191392729,-0.5109650585774372,0.17302844324286124,-2.2171353285480344,0.7725678136485881,-0.33906538130969455,0.39022272738644076,1.4188424724732354,0.127492568140596,-0.5553945032705838,-1.945879927611846,-0.27144054610888757,0.5726981221854851,-1.30328968050792,-0.23133929678812926,-1.2075304087812415,-0.4070849449662902,0.6211555251563001,0.9006091058868869,0.371954948120803,2.9572989873489886,0.2463547675475711,0.36937298007688835,-1.4189899371993233,-0.007316571290008678,-0.015807857067996922,0.1535014596130742,-0.08618296526915417,-2.404695951179009,-1.9490406263211573,-0.8489746980400449,-1.625848979449617;3.4808065776743202,0.8723372919804471,-0.4293885430846588,1.6128651979442328,0.8318245037690412,-1.2453068219403038,2.0560628672339445,-0.4866284179142582,-0.7133791044129464,0.8010172661180419,1.4424108573847378,-0.6103551075070955,-0.33607871592092176,-0.5521695245585503,-2.7977532815928297,-0.9489672034263006,-2.1090291179007346,1.3862290758476772,1.532797521543101,0.12739393906015883,-1.3017290374098225,0.9413449165405718,2.1919640940881613,-0.9988376871432829,-0.9115548171311805,-0.8819451844821791,-0.8948716360537634,0.7359859480473583,-1.5282052389177028,-2.116501696541168,-0.10224040750268937,0.09096539428520323,-1.9511964654913818,0.9063667163114919,-0.3830722727934296,0.39087216407308617,-0.09551086209198983,0.07690072671678563,-2.144346315606136,0.7592810526736657,0.29987936221110745,0.6841510046985967,0.9757755996708546,-1.7063235568486457,-1.3183123260116705,0.2633782406049863,0.7085895783107468,0.5707101606332952,-0.28681229405074504,-1.1778461179397661,0.4937736947171985,0.9726388243685711,-1.0831866479660615,-0.2841487424073051,-1.7310396008811508,0.5148383782141979,2.1244127611160812,0.8191727403948448,-2.0575899096911034,1.652299783069465,-0.1742536578452664,-1.397142366975874,0.4386134895796823,0.5543735539674428,0.9206246507358162,1.739202297871384,1.984850583755654,-0.8791051450211873,-1.1353619629367668,-0.9865315127971894,0.4147591393272914,2.5052064922767885,0.9333584837796104,0.14839077568167225,-3.665872786919659,1.1595270831190352,-1.8995521773218804,1.6791254526106865,0.8369622308569841,-0.2787848019463761,-0.35232972795107964,1.5303121657301522,-1.0852627657914886,-1.097556802939968,-2.2410361277878104,0.30309142568239106,1.766974713357016,1.4101536994115342,1.6901863993420951,-1.66844628371785,-3.1185637045974692,-0.07150675433025971,-0.29102217953127785,-2.468022185728434,-2.209678430291211,0.5595790499900356,-0.4106524460931102,-1.1650189015083812,-2.414348030627518,0.48596529667899124,-1.7389824383905492,-0.130119524374894,-0.673523220388486,1.036760224464647,-1.5078116966889867,-2.38030231596883,1.7315177337150025,-0.4158392307493001,1.197024085641991,-2.6359819441903043,-1.5029172256508878,-0.62341844668839,-1.7763310825202934,-2.1838903735046222,2.5438394435997687,-1.115223010031041,-1.6939649215478008,3.106131119206164,0.5461515206340716,0.8305627840175557,-0.2820627484522819,1.4527155113088093,1.8397980495908186,-0.79069820211579,1.3183284360356766,-2.0791958202943137,-0.05596644222363596,-0.5543298899183197,0.5039581261403177,-2.12557653857707,-0.5140396887876956,-1.2005417486665866,0.6160799490103331,0.8500832562407705,-1.7105345194567676,-0.573799697463271,-0.45887724737028646,-0.42630540311469145,0.28243380563304055,-0.33833115597464386,-0.5953100586126833,-1.874630652437709,-1.5670740907654928,0.6620831833619711,0.7959972645297522,-0.66012443648237,3.3983162667910882,-0.5593194951991675,-0.049495828510796855,-1.815687655577179,0.04898795334449846,-1.9244571187924735,2.342469956025628,-0.5267219926347473,-0.8791652150709732,-0.7788196078283778,-0.690777679366964,-0.6739376972334357
3;175;94585.93906712532;3877;5342;0.047412;0.372919;0.048803/0.136727/0.09831/0.049126/0.051755/0.0732/0.081623/0.098791/0.090501/0.134462/0.054506/0.081956/0.082967/0.075432/0.056304/0.12735/0.051746/0.076651/0.058613/0.123068/0.051019/0.065789/0.04891/0.079944/0.075787/0.050267/0.047412/0.074626/0.102207/0.050343/0.049265/0.067338/0.054346/0.054822/0.050124/0.058436/0.157951/0.049959/0.075225/0.050228/0.096244/0.052933/0.054969/0.05894/0.052684/0.049546/0.069622/0.0539/0.05177/0.049137/0.049584/0.048892/0.05161/0.081742/0.133857/0.049327/0.0987/0.053093/0.048719/0.050074/0.052419/0.050674/0.108741/0.087798/0.073784/0.052548/0.065428/0.074388/0.072531/0.051291/0.052207/0.049771/0.049398/0.05307/0.048246/0.051838/0.048653/0.077541/0.051404/0.048832/0.049234/0.123112/0.048038/0.04968/0.050821/0.053494/0.049725/0.048072/0.050293/0.050886/0.108106/0.04913/0.04934/0.056974/0.04894/0.052052/0.052727/0.049648/0.05449/0.049255;0.0/0.580559/0.652556/0.0/0.435754/0.504203/0.408386/0.509912/0.60153/0.516988/0.583256/0.422252/0.506995/0.870447/0.345551/0.709778/0.480296/0.431967/0.389558/0.575989/0.394243/0.558212/4.8e-05/0.594109/0.545694/0.149309/0.372919/0.411246/0.514062/0.467062/0.224576/0.425541/0.385561/0.399206/0.327774/0.366273/0.756873/0.114683/0.395267/0.221573/0.473402/0.323911/0.418178/0.388697/0.416333/0.374898/0.458781/0.699316/0.361377/0.305302/0.035907/0.0/0.425628/0.44306/0.554243/0.036481/0.447421/0.362859/0.22121/0.421497/0.31431/0.3246/0.512082/0.51934/0.444188/0.376935/0.468439/0.444236/0.396538/0.34514/0.297385/0.179594/0.249515/0.383323/0.0/0.319417/0.1965/0.680574/0.432828/0.183027/0.0/0.808099/0.003031/0.376409/0.270677/0.447535/0.096964/0.228372/0.179106/0.279484/0.478613/0.266163/0.149701/0.38753/0.36744/0.308123/0.307645/0.289266/0.31848/0.302137;0.075432/0.0539/0.051746/0.050343/0.050074/0.04968/0.049546/0.047412;0.870447/0.699316/0.480296/0.467062/0.421497/0.376409/0.374898/0.372919;3.962348258312918,0.8339885646398719,-1.007793362480925,-0.2184625022447242,1.5379335089084878,-1.2219682106178884,2.086643429391695,0.3990205524591274,0.7373856257481506,1.0031905822232812,-0.9170014086173379,-0.33301527269660747,-0.06658958552078464,-0.7441993918064447,-1.7580419581499847,-1.0709039252833055,-0.13633235006261368,1.0671874518563818,1.416036010040315,-0.6764373579911961,-0.2528779273230124,1.3864902327515567,0.7124389429934609,-0.9134811966593819,0.3126317086033736,-1.9008880944614903,-2.1061867267013232,1.5131046708525724,-2.3973883765155226,-2.3075623322269703,-1.0309901352510602,-1.3807585547892005,-0.7927658302926817,1.8324112437069218,-2.0212897106163914,0.331815038322927,-0.736575562543405,1.6872952076183398,0.03438295917628417,0.5946222219955912,0.11178981004178723,0.692489770862007,-0.09038918989431771,-0.606886238434369,-0.46209764504059364,-0.42221745297613755,0.5063538220682972,1.5681129390097743,0.013499993124852089,0.34068565460125017,-0.8915367697414908,0.1786107731238437,-1.2846452336563858,0.5293864074800793,-2.5468149827751407,-0.7824093689987637,0.8329464259317579,1.7082185787293795,-2.476167995979677,1.041681924654354,0.08063287253346466,-2.0299094422822788,-0.939714893149719,-0.18914089737186826,0.9099712287743175,2.1049416198062456,0.5903387781059164,0.18602790852412465,0.0854971117344111,0.12282087252184085,1.7418879508129845,3.3859857531984097,1.6983552639033075,-0.10154510393714372,-3.3244806189269824,0.7687531498359867,-1.6848216935513642,1.143928385066737,0.3263817179705776,-0.9152986357626633,0.5772500589811952,2.931823907634211,-1.7857715708612139,-1.1335627355323095,-2.2465359582079905,-1.2191013640188155,1.5003515610029745,2.584722186912842,0.3017153957988893,-0.8587770921200077,-0.7945476213599855,0.39132328602899025,-0.5205334053213101,-2.159059439545565,-2.2765947275779777,1.2067226317256237,-0.5804265724323426,-0.33935830296672576,-1.7946001234243,0.0030900835754571615,-0.026472235899217628,-0.2821399339197717,-0.6410193333275724,1.3417567746953152,-0.9309624072823499,-1.6260781611314261,-0.6820815803750979,-1.7174767748909223,0.06401366616456539,-1.1495324016863508,-0.9163725745183509,0.9392985001092633,-3.9513778266017074,-2.8201124160381625,0.23506350229761397,1.1387226370327865,-3.1016708053935154,3.298505927969922,0.7766160888724718,0.10264872521571566,-0.20715516305068077,-1.273809416597154,-0.6002019478551751,1.4031579019546652,1.9029536816220445,-1.6360852959255465,-0.376977191392729,-0.5109650585774372,0.17302844324286124,-2.2171353285480344,0.7725678136485881,-0.33906538130969455,0.39022272738644076,1.4188424724732354,0.127492568140596,-0.5553945032705838,-1.945879927611846,-0.27144054610888757,0.5726981221854851,-1.30328968050792,-0.23133929678812926,-1.2075304087812415,-0.4070849449662902,0.6211555251563001,0.9006091058868869,0.371954948120803,2.9572989873489886,0.2463547675475711,0.36937298007688835,-1.4189899371993233,-0.007316571290008678,-0.015807857067996922,0.1535014596130742,-0.08618296526915417,-2.404695951179009,-1.9490406263211573,-0.8489746980400449,-1.625848979449617;3.4808065776743202,0.8723372919804471,-0.4293885430846588,1.6128651979442328,0.8318245037690412,-1.2453068219403038,2.0560628672339445,-0.4866284179142582,-0.7133791044129464,0.8010172661180419,1.4424108573847378,-0.6103551075070955,-0.33607871592092176,-0.5521695245585503,-2.7977532815928297,-0.9489672034263006,-2.1090291179007346,1.3862290758476772,1.532797521543101,0.12739393906015883,-1.3017290374098225,0.9413449165405718,2.1919640940881613,-0.9988376871432829,-0.9115548171311805,-0.8819451844821791,-0.8948716360537634,0.7359859480473583,-1.5282052389177028,-2.116501696541168,-0.10224040750268937,0.09096539428520323,-1.9511964654913818,0.9063667163114919,-0.3830722727934296,0.39087216407308617,-0.09551086209198983,0.07690072671678563,-2.144346315606136,0.7592810526736657,0.29987936221110745,0.6841510046985967,0.9757755996708546,-1.7063235568486457,-1.3183123260116705,0.2633782406049863,0.7085895783107468,0.5707101606332952,-0.28681229405074504,-1.1778461179397661,0.4937736947171985,0.9726388243685711,-1.0831866479660615,-0.2841487424073051,-1.7310396008811508,0.5148383782141979,2.1244127611160812,0.8191727403948448,-2.0575899096911034,1.652299783069465,-0.1742536578452664,-1.397142366975874,0.4386134895796823,0.5543735539674428,0.9206246507358162,1.739202297871384,1.984850583755654,-0.8791051450211873,-1.1353619629367668,-0.9865315127971894,0.4147591393272914,2.5052064922767885,0.9333584837796104,0.14839077568167225,-3.665872786919659,1.1595270831190352,-1.8995521773218804,1.6791254526106865,0.8369622308569841,-0.2787848019463761,-0.35232972795107964,1.5303121657301522,-1.0852627657914886,-1.097556802939968,-2.2410361277878104,0.30309142568239106,1.766974713357016,1.4101536994115342,1.6901863993420951,-1.66844628371785,-3.1185637045974692,-0.07150675433025971,-0.29102217953127785,-2.468022185728434,-2.209678430291211,0.5595790499900356,-0.4106524460931102,-1.1650189015083812,-2.414348030627518,0.48596529667899124,-1.7389824383905492,-0.130119524374894,-0.673523220388486,1.036760224464647,-1.5078116966889867,-2.38030231596883,1.7315177337150025,-0.4158392307493001,1.197024085641991,-2.6359819441903043,-1.5029172256508878,-0.62341844668839,-1.7763310825202934,-2.1838903735046222,2.5438394435997687,-1.115223010031041,-1.6939649215478008,3.106131119206164,0.5461515206340716,0.8305627840175557,-0.2820627484522819,1.4527155113088093,1.8397980495908186,-0.79069820211579,1.3183284360356766,-2.0791958202943137,-0.05596644222363596,-0.5543298899183197,0.5039581261403177,-2.12557653857707,-0.5140396887876956,-1.2005417486665866,0.6160799490103331,0.8500832562407705,-1.7105345194567676,-0.573799697463271,-0.45887724737028646,-0.42630540311469145,0.28243380563304055,-0.33833115597464386,-0.5953100586126833,-1.874630652437709,-1.5670740907654928,0.6620831833619711,0.7959972645297522,-0.66012443648237,3.3983162667910882,-0.5593194951991675,-0.049495828510796855,-1.815687655577179,0.04898795334449846,-1.9244571187924735,2.342469956025628,-0.5267219926347473,-0.8791652150709732,-0.7788196078283778,-0.690777679366964,-0.6739376972334357
3;176;95134.5656311512;3877;5342;0.047412;0.372919;0.048803/0.136727/0.09831/0.049126/0.051755/0.0732/0.081623/0.098791/0.090501/0.134462/0.054506/0.081956/0.082967/0.075432/0.056304/0.12735/0.051746/0.076651/0.058613/0.123068/0.051019/0.065789/0.04891/0.079944/0.075787/0.050267/0.047412/0.074626/0.102207/0.050343/0.049265/0.067338/0.054346/0.054822/0.050124/0.058436/0.157951/0.049959/0.075225/0.050228/0.096244/0.052933/0.054969/0.05894/0.052684/0.049546/0.069622/0.0539/0.05177/0.049137/0.049584/0.048892/0.05161/0.081742/0.133857/0.049327/0.0987/0.053093/0.048719/0.050074/0.052419/0.050674/0.108741/0.087798/0.073784/0.052548/0.065428/0.074388/0.072531/0.051291/0.052207/0.049771/0.049398/0.05307/0.048246/0.051838/0.048653/0.077541/0.051404/0.048832/0.049234/0.123112/0.048038/0.04968/0.050821/0.053494/0.049725/0.048072/0.050886/0.108106/0.04913/0.04934/0.056974/0.04894/0.052052/0.052727/0.049648/0.05449/0.049255/0.049645;0.0/0.580559/0.652556/0.0/0.435754/0.504203/0.408386/0.509912/0.60153/0.516988/0.583256/0.422252/0.506995/0.870447/0.345551/0.709778/0.480296/0.431967/0.389558/0.575989/0.394243/0.558212/4.8e-05/0.594109/0.545694/0.149309/0.372919/0.411246/0.514062/0.467062/0.224576/0.425541/0.385561/0.399206/0.327774/0.366273/0.756873/0.114683/0.395267/0.221573/0.473402/0.323911/0.418178/0.388697/0.416333/0.374898/0.458781/0.699316/0.361377/0.305302/0.035907/0.0/0.425628/0.44306/0.554243/0.036481/0.447421/0.362859/0.22121/0.421497/0.31431/0.3246/0.512082/0.51934/0.444188/0.376935/0.468439/0.444236/0.396538/0.34514/0.297385/0.179594/0.249515/0.383323/0.0/0.319417/0.1965/0.680574/0.432828/0.183027/0.0/0.808099/0.003031/0.376409/0.270677/0.447535/0.096964/0.228372/0.279484/0.478613/0.266163/0.149701/0.38753/0.36744/0.308123/0.307645/0.289266/0.31848/0.302137/0.278527;0.075432/0.0539/0.051746/0.050343/0.050074/0.04968/0.049546/0.047412;0.870447/0.699316/0.480296/0.467062/0.421497/0.376409/0.374898/0.372919;3.962348258312918,0.8339885646398719,-1.007793362480925,-0.2184625022447242,1.5379335089084878,-1.2219682106178884,2.086643429391695,0.3990205524591274,0.7373856257481506,1.0031905822232812,-0.9170014086173379,-0.33301527269660747,-0.06658958552078464,-0.7441993918064447,-1.7580419581499847,-1.0709039252833055,-0.13633235006261368,1.0671874518563818,1.416036010040315,-0.6764373579911961,-0.2528779273230124,1.3864902327515567,0.7124389429934609,-0.9134811966593819,0.3126317086033736,-1.9008880944614903,-2.1061867267013232,1.5131046708525724,-2.3973883765155226,-2.3075623322269703,-1.0309901352510602,-1.3807585547892005,-0.7927658302926817,1.8324112437069218,-2.0212897106163914,0.331815038322927,-0.736575562543405,1.6872952076183398,0.03438295917628417,0.5946222219955912,0.11178981004178723,0.692489770862007,-0.09038918989431771,-0.606886238434369,-0.46209764504059364,-0.42221745297613755,0.5063538220682972,1.5681129390097743,0.013499993124852089,0.34068565460125017,-0.8915367697414908,0.1786107731238437,-1.2846452336563858,0.5293864074800793,-2.5468149827751407,-0.7824093689987637,0.8329464259317579,1.7082185787293795,-2.476167995979677,1.041681924654354,0.08063287253346466,-2.0299094422822788,-0.939714893149719,-0.18914089737186826,0.9099712287743175,2.1049416198062456,0.5903387781059164,0.18602790852412465,0.0854971117344111,0.12282087252184085,1.7418879508129845,3.3859857531984097,1.6983552639033075,-0.10154510393714372,-3.3244806189269824,0.7687531498359867,-1.6848216935513642,1.143928385066737,0.3263817179705776,-0.9152986357626633,0.5772500589811952,2.931823907634211,-1.7857715708612139,-1.1335627355323095,-2.2465359582079905,-1.2191013640188155,1.5003515610029745,2.584722186912842,0.3017153957988893,-0.8587770921200077,-0.7945476213599855,0.39132328602899025,-0.5205334053213101,-2.159059439545565,-2.2765947275779777,1.2067226317256237,-0.5804265724323426,-0.33935830296672576,-1.7946001234243,0.0030900835754571615,-0.026472235899217628,-0.2821399339197717,-0.6410193333275724,1.3417567746953152,-0.9309624072823499,-1.6260781611314261,-0.6820815803750979,-1.7174767748909223,0.06401366616456539,-1.1495324016863508,-0.9163725745183509,0.9392985001092633,-3.9513778266017074,-2.8201124160381625,0.23506350229761397,1.1387226370327865,-3.1016708053935154,3.298505927969922,0.7766160888724718,0.10264872521571566,-0.20715516305068077,-1.273809416597154,-0.6002019478551751,1.4031579019546652,1.9029536816220445,-1.6360852959255465,-0.376977191392729,-0.5109650585774372,0.17302844324286124,-2.2171353285480344,0.7725678136485881,-0.33906538130969455,0.39022272738644076,1.4188424724732354,0.127492568140596,-0.5553945032705838,-1.945879927611846,-0.27144054610888757,0.5726981221854851,-1.30328968050792,-0.23133929678812926,-1.2075304087812415,-0.4070849449662902,0.6211555251563001,0.9006091058868869,0.371954948120803,2.9572989873489886,0.2463547675475711,0.36937298007688835,-1.4189899371993233,-0.007316571290008678,-0.015807857067996922,0.1535014596130742,-0.08618296526915417,-2.404695951179009,-1.9490406263211573,-0.8489746980400449,-1.625848979449617;3.4808065776743202,0.8723372919804471,-0.4293885430846588,1.6128651979442328,0.8318245037690412,-1.2453068219403038,2.0560628672339445,-0.4866284179142582,-0.7133791044129464,0.8010172661180419,1.4424108573847378,-0.6103551075070955,-0.33607871592092176,-0.5521695245585503,-2.7977532815928297,-0.9489672034263006,-2.1090291179007346,1.3862290758476772,1.532797521543101,0.12739393906015883,-1.3017290374098225,0.9413449165405718,2.1919640940881613,-0.9988376871432829,-0.9115548171311805,-0.8819451844821791,-0.8948716360537634,0.7359859480473583,-1.5282052389177028,-2.116501696541168,-0.10224040750268937,0.09096539428520323,-1.9511964654913818,0.9063667163114919,-0.3830722727934296,0.39087216407308617,-0.09551086209198983,0.07690072671678563,-2.144346315606136,0.7592810526736657,0.29987936221110745,0.6841510046985967,0.9757755996708546,-1.7063235568486457,-1.3183123260116705,0.2633782406049863,0.7085895783107468,0.5707101606332952,-0.28681229405074504,-1.1778461179397661,0.4937736947171985,0.9726388243685711,-1.0831866479660615,-0.2841487424073051,-1.7310396008811508,0.5148383782141979,2.1244127611160812,0.8191727403948448,-2.0575899096911034,1.652299783069465,-0.1742536578452664,-1.397142366975874,0.4386134895796823,0.5543735539674428,0.9206246507358162,1.739202297871384,1.984850583755654,-0.8791051450211873,-1.1353619629367668,-0.9865315127971894,0.4147591393272914,2.5052064922767885,0.9333584837796104,0.14839077568167225,-3.665872786919659,1.1595270831190352,-1.8995521773218804,1.6791254526106865,0.8369622308569841,-0.2787848019463761,-0.35232972795107964,1.5303121657301522,-1.0852627657914886,-1.097556802939968,-2.2410361277878104,0.30309142568239106,1.766974713357016,1.4101536994115342,1.6901863993420951,-1.66844628371785,-3.1185637045974692,-0.07150675433025971,-0.29102217953127785,-2.468022185728434,-2.209678430291211,0.5595790499900356,-0.4106524460931102,-1.1650189015083812,-2.414348030627518,0.48596529667899124,-1.7389824383905492,-0.130119524374894,-0.673523220388486,1.036760224464647,-1.5078116966889867,-2.38030231596883,1.7315177337150025,-0.4158392307493001,1.197024085641991,-2.6359819441903043,-1.5029172256508878,-0.62341844668839,-1.7763310825202934,-2.1838903735046222,2.5438394435997687,-1.115223010031041,-1.6939649215478008,3.106131119206164,0.5461515206340716,0.8305627840175557,-0.2820627484522819,1.4527155113088093,1.8397980495908186,-0.79069820211579,1.3183284360356766,-2.0791958202943137,-0.05596644222363596,-0.5543298899183197,0.5039581261403177,-2.12557653857707,-0.5140396887876956,-1.2005417486665866,0.6160799490103331,0.8500832562407705,-1.7105345194567676,-0.573799697463271,-0.45887724737028646,-0.42630540311469145,0.28243380563304055,-0.33833115597464386,-0.5953100586126833,-1.874630652437709,-1.5670740907654928,0.6620831833619711,0.7959972645297522,-0.66012443648237,3.3983162667910882,-0.5593194951991675,-0.049495828510796855,-1.815687655577179,0.04898795334449846,-1.9244571187924735,2.342469956025628,-0.5267219926347473,-0.8791652150709732,-0.7788196078283778,-0.690777679366964,-0.6739376972334357
3;177;95689.25692772865;3877;5342;0.047412;0.372919;0.048803/0.136727/0.09831/0.049126/0.051755/0.0732/0.098791/0.090501/0.134462/0.054506/0.082967/0.075432/0.056304/0.12735/0.051746/0.076651/0.058613/0.123068/0.051019/0.065789/0.04891/0.079944/0.075787/0.050267/0.047412/0.074626/0.102207/0.050343/0.049265/0.067338/0.054346/0.054822/0.050124/0.058436/0.157951/0.049959/0.050228/0.096244/0.052933/0.054969/0.05894/0.052684/0.049546/0.069622/0.0539/0.05177/0.049137/0.049584/0.048892/0.05161/0.081742/0.133857/0.049327/0.0987/0.053093/0.048719/0.050074/0.052419/0.050674/0.108741/0.087798/0.073784/0.052548/0.065428/0.074388/0.072531/0.051291/0.052207/0.049771/0.049398/0.05307/0.048246/0.051838/0.048653/0.077541/0.051404/0.048832/0.049234/0.123112/0.048038/0.04968/0.050821/0.053494/0.049725/0.048072/0.050886/0.108106/0.04913/0.04934/0.056974/0.04894/0.052052/0.052727/0.049648/0.05449/0.049255/0.049645/0.065442/0.058229/0.055667;0.0/0.580559/0.652556/0.0/0.435754/0.504203/0.509912/0.60153/0.516988/0.583256/0.506995/0.870447/0.345551/0.709778/0.480296/0.431967/0.389558/0.575989/0.394243/0.558212/4.8e-05/0.594109/0.545694/0.149309/0.372919/0.411246/0.514062/0.467062/0.224576/0.425541/0.385561/0.399206/0.327774/0.366273/0.756873/0.114683/0.221573/0.473402/0.323911/0.418178/0.388697/0.416333/0.374898/0.458781/0.699316/0.361377/0.305302/0.035907/0.0/0.425628/0.44306/0.554243/0.036481/0.447421/0.362859/0.22121/0.421497/0.31431/0.3246/0.512082/0.51934/0.444188/0.376935/0.468439/0.444236/0.396538/0.34514/0.297385/0.179594/0.249515/0.383323/0.0/0.319417/0.1965/0.680574/0.432828/0.183027/0.0/0.808099/0.003031/0.376409/0.270677/0.447535/0.096964/0.228372/0.279484/0.478613/0.266163/0.149701/0.38753/0.36744/0.308123/0.307645/0.289266/0.31848/0.302137/0.278527/0.419632/0.534315/0.001434;0.075432/0.0539/0.051746/0.050343/0.050074/0.04968/0.049546/0.047412;0.870447/0.699316/0.480296/0.467062/0.421497/0.376409/0.374898/0.372919;3.962348258312918,0.8339885646398719,-1.007793362480925,-0.2184625022447242,1.5379335089084878,-1.2219682106178884,2.086643429391695,0.3990205524591274,0.7373856257481506,1.0031905822232812,-0.9170014086173379,-0.33301527269660747,-0.06658958552078464,-0.7441993918064447,-1.7580419581499847,-1.0709039252833055,-0.13633235006261368,1.0671874518563818,1.416036010040315,-0.6764373579911961,-0.2528779273230124,1.3864902327515567,0.7124389429934609,-0.9134811966593819,0.3126317086033736,-1.9008880944614903,-2.1061867267013232,1.5131046708525724,-2.3973883765155226,-2.3075623322269703,-1.0309901352510602,-1.3807585547892005,-0.7927658302926817,1.8324112437069218,-2.0212897106163914,0.331815038322927,-0.736575562543405,1.6872952076183398,0.03438295917628417,0.5946222219955912,0.11178981004178723,0.692489770862007,-0.09038918989431771,-0.606886238434369,-0.46209764504059364,-0.42221745297613755,0.5063538220682972,1.5681129390097743,0.013499993124852089,0.34068565460125017,-0.8915367697414908,0.1786107731238437,-1.2846452336563858,0.5293864074800793,-2.5468149827751407,-0.7824093689987637,0.8329464259317579,1.7082185787293795,-2.476167995979677,1.041681924654354,0.08063287253346466,-2.0299094422822788,-0.939714893149719,-0.18914089737186826,0.9099712287743175,2.1049416198062456,0.5903387781059164,0.18602790852412465,0.0854971117344111,0.12282087252184085,1.7418879508129845,3.3859857531984097,1.6983552639033075,-0.10154510393714372,-3.3244806189269824,0.7687531498359867,-1.6848216935513642,1.143928385066737,0.3263817179705776,-0.9152986357626633,0.5772500589811952,2.931823907634211,-1.7857715708612139,-1.1335627355323095,-2.2465359582079905,-1.2191013640188155,1.5003515610029745,2.584722186912842,0.3017153957988893,-0.8587770921200077,-0.7945476213599855,0.39132328602899025,-0.5205334053213101,-2.159059439545565,-2.2765947275779777,1.2067226317256237,-0.5804265724323426,-0.33935830296672576,-1.7946001234243,0.0030900835754571615,-0.026472235899217628,-0.2821399339197717,-0.6410193333275724,1.3417567746953152,-0.9309624072823499,-1.6260781611314261,-0.6820815803750979,-1.7174767748909223,0.06401366616456539,-1.1495324016863508,-0.9163725745183509,0.9392985001092633,-3.9513778266017074,-2.8201124160381625,0.23506350229761397,1.1387226370327865,-3.1016708053935154,3.298505927969922,0.7766160888724718,0.10264872521571566,-0.20715516305068077,-1.273809416597154,-0.6002019478551751,1.4031579019546652,1.9029536816220445,-1.6360852959255465,-0.376977191392729,-0.5109650585774372,0.17302844324286124,-2.2171353285480344,0.7725678136485881,-0.33906538130969455,0.39022272738644076,1.4188424724732354,0.127492568140596,-0.5553945032705838,-1.945879927611846,-0.27144054610888757,0.5726981221854851,-1.30328968050792,-0.23133929678812926,-1.2075304087812415,-0.4070849449662902,0.6211555251563001,0.9006091058868869,0.371954948120803,2.9572989873489886,0.2463547675475711,0.36937298007688835,-1.4189899371993233,-0.007316571290008678,-0.015807857067996922,0.1535014596130742,-0.08618296526915417,-2.404695951179009,-1.9490406263211573,-0.8489746980400449,-1.625848979449617;3.4808065776743202,0.8723372919804471,-0.4293885430846588,1.6128651979442328,0.8318245037690412,-1.2453068219403038,2.0560628672339445,-0.4866284179142582,-0.7133791044129464,0.8010172661180419,1.4424108573847378,-0.6103551075070955,-0.33607871592092176,-0.5521695245585503,-2.7977532815928297,-0.9489672034263006,-2.1090291179007346,1.3862290758476772,1.532797521543101,0.12739393906015883,-1.3017290374098225,0.9413449165405718,2.1919640940881613,-0.9988376871432829,-0.9115548171311805,-0.8819451844821791,-0.8948716360537634,0.7359859480473583,-1.5282052389177028,-2.116501696541168,-0.10224040750268937,0.09096539428520323,-1.9511964654913818,0.9063667163114919,-0.3830722727934296,0.39087216407308617,-0.09551086209198983,0.07690072671678563,-2.144346315606136,0.7592810526736657,0.29987936221110745,0.6841510046985967,0.9757755996708546,-1.7063235568486457,-1.3183123260116705,0.2633782406049863,0.7085895783107468,0.5707101606332952,-0.28681229405074504,-1.1778461179397661,0.4937736947171985,0.9726388243685711,-1.0831866479660615,-0.2841487424073051,-1.7310396008811508,0.5148383782141979,2.1244127611160812,0.8191727403948448,-2.0575899096911034,1.652299783069465,-0.1742536578452664,-1.397142366975874,0.4386134895796823,0.5543735539674428,0.9206246507358162,1.739202297871384,1.984850583755654,-0.8791051450211873,-1.1353619629367668,-0.9865315127971894,0.4147591393272914,2.5052064922767885,0.9333584837796104,0.14839077568167225,-3.665872786919659,1.1595270831190352,-1.8995521773218804,1.6791254526106865,0.8369622308569841,-0.2787848019463761,-0.35232972795107964,1.5303121657301522,-1.0852627657914886,-1.097556802939968,-2.2410361277878104,0.30309142568239106,1.766974713357016,1.4101536994115342,1.6901863993420951,-1.66844628371785,-3.1185637045974692,-0.07150675433025971,-0.29102217953127785,-2.468022185728434,-2.209678430291211,0.5595790499900356,-0.4106524460931102,-1.1650189015083812,-2.414348030627518,0.48596529667899124,-1.7389824383905492,-0.130119524374894,-0.673523220388486,1.036760224464647,-1.5078116966889867,-2.38030231596883,1.7315177337150025,-0.4158392307493001,1.197024085641991,-2.6359819441903043,-1.5029172256508878,-0.62341844668839,-1.7763310825202934,-2.1838903735046222,2.5438394435997687,-1.115223010031041,-1.6939649215478008,3.106131119206164,0.5461515206340716,0.8305627840175557,-0.2820627484522819,1.4527155113088093,1.8397980495908186,-0.79069820211579,1.3183284360356766,-2.0791958202943137,-0.05596644222363596,-0.5543298899183197,0.5039581261403177,-2.12557653857707,-0.5140396887876956,-1.2005417486665866,0.6160799490103331,0.8500832562407705,-1.7105345194567676,-0.573799697463271,-0.45887724737028646,-0.42630540311469145,0.28243380563304055,-0.33833115597464386,-0.5953100586126833,-1.874630652437709,-1.5670740907654928,0.6620831833619711,0.7959972645297522,-0.66012443648237,3.3983162667910882,-0.5593194951991675,-0.049495828510796855,-1.815687655577179,0.04898795334449846,-1.9244571187924735,2.342469956025628,-0.5267219926347473,-0.8791652150709732,-0.7788196078283778,-0.690777679366964,-0.6739376972334357
3;178;96239.14913725853;3877;5342;0.047412;0.372919;0.048803/0.136727/0.09831/0.049126/0.051755/0.0732/0.098791/0.090501/0.134462/0.054506/0.082967/0.075432/0.056304/0.12735/0.051746/0.076651/0.058613/0.123068/0.051019/0.065789/0.04891/0.079944/0.075787/0.050267/0.047412/0.074626/0.102207/0.050343/0.049265/0.067338/0.054346/0.054822/0.050124/0.058436/0.157951/0.049959/0.050228/0.096244/0.052933/0.054969/0.05894/0.052684/0.049546/0.069622/0.0539/0.05177/0.049137/0.049584/0.048892/0.05161/0.081742/0.133857/0.049327/0.0987/0.053093/0.048719/0.050074/0.052419/0.050674/0.108741/0.087798/0.073784/0.052548/0.065428/0.074388/0.072531/0.051291/0.052207/0.049771/0.049398/0.05307/0.048246/0.051838/0.048653/0.077541/0.051404/0.048832/0.049234/0.123112/0.048038/0.04968/0.050821/0.053494/0.049725/0.048072/0.050886/0.108106/0.04913/0.04934/0.056974/0.04894/0.052052/0.052727/0.049648/0.05449/0.049255/0.049645/0.065442/0.058229/0.050768;0.0/0.580559/0.652556/0.0/0.435754/0.504203/0.509912/0.60153/0.516988/0.583256/0.506995/0.870447/0.345551/0.709778/0.480296/0.431967/0.389558/0.575989/0.394243/0.558212/4.8e-05/0.594109/0.545694/0.149309/0.372919/0.411246/0.514062/0.467062/0.224576/0.425541/0.385561/0.399206/0.327774/0.366273/0.756873/0.114683/0.221573/0.473402/0.323911/0.418178/0.388697/0.416333/0.374898/0.458781/0.699316/0.361377/0.305302/0.035907/0.0/0.425628/0.44306/0.554243/0.036481/0.447421/0.362859/0.22121/0.421497/0.31431/0.3246/0.512082/0.51934/0.444188/0.376935/0.468439/0.444236/0.396538/0.34514/0.297385/0.179594/0.249515/0.383323/0.0/0.319417/0.1965/0.680574/0.432828/0.183027/0.0/0.808099/0.003031/0.376409/0.270677/0.447535/0.096964/0.228372/0.279484/0.478613/0.266163/0.149701/0.38753/0.36744/0.308123/0.307645/0.289266/0.31848/0.302137/0.278527/0.419632/0.534315/0.362113;0.075432/0.0539/0.051746/0.050343/0.050074/0.04968/0.049546/0.047412;0.870447/0.699316/0.480296/0.467062/0.421497/0.376409/0.374898/0.372919;3.962348258312918,0.8339885646398719,-1.007793362480925,-0.2184625022447242,1.5379335089084878,-1.2219682106178884,2.086643429391695,0.3990205524591274,0.7373856257481506,1.0031905822232812,-0.9170014086173379,-0.33301527269660747,-0.06658958552078464,-0.7441993918064447,-1.7580419581499847,-1.0709039252833055,-0.13633235006261368,1.0671874518563818,1.416036010040315,-0.6764373579911961,-0.2528779273230124,1.3864902327515567,0.7124389429934609,-0.9134811966593819,0.3126317086033736,-1.9008880944614903,-2.1061867267013232,1.5131046708525724,-2.3973883765155226,-2.3075623322269703,-1.0309901352510602,-1.3807585547892005,-0.7927658302926817,1.8324112437069218,-2.0212897106163914,0.331815038322927,-0.736575562543405,1.6872952076183398,0.03438295917628417,0.5946222219955912,0.11178981004178723,0.692489770862007,-0.09038918989431771,-0.606886238434369,-0.46209764504059364,-0.42221745297613755,0.5063538220682972,1.5681129390097743,0.013499993124852089,0.34068565460125017,-0.8915367697414908,0.1786107731238437,-1.2846452336563858,0.5293864074800793,-2.5468149827751407,-0.7824093689987637,0.8329464259317579,1.7082185787293795,-2.476167995979677,1.041681924654354,0.08063287253346466,-2.0299094422822788,-0.939714893149719,-0.18914089737186826,0.9099712287743175,2.1049416198062456,0.5903387781059164,0.18602790852412465,0.0854971117344111,0.12282087252184085,1.7418879508129845,3.3859857531984097,1.6983552639033075,-0.10154510393714372,-3.3244806189269824,0.7687531498359867,-1.6848216935513642,1.143928385066737,0.3263817179705776,-0.9152986357626633,0.5772500589811952,2.931823907634211,-1.7857715708612139,-1.1335627355323095,-2.2465359582079905,-1.2191013640188155,1.5003515610029745,2.584722186912842,0.3017153957988893,-0.8587770921200077,-0.7945476213599855,0.39132328602899025,-0.5205334053213101,-2.159059439545565,-2.2765947275779777,1.2067226317256237,-0.5804265724323426,-0.33935830296672576,-1.7946001234243,0.0030900835754571615,-0.026472235899217628,-0.2821399339197717,-0.6410193333275724,1.3417567746953152,-0.9309624072823499,-1.6260781611314261,-0.6820815803750979,-1.7174767748909223,0.06401366616456539,-1.1495324016863508,-0.9163725745183509,0.9392985001092633,-3.9513778266017074,-2.8201124160381625,0.23506350229761397,1.1387226370327865,-3.1016708053935154,3.298505927969922,0.7766160888724718,0.10264872521571566,-0.20715516305068077,-1.273809416597154,-0.6002019478551751,1.4031579019546652,1.9029536816220445,-1.6360852959255465,-0.376977191392729,-0.5109650585774372,0.17302844324286124,-2.2171353285480344,0.7725678136485881,-0.33906538130969455,0.39022272738644076,1.4188424724732354,0.127492568140596,-0.5553945032705838,-1.945879927611846,-0.27144054610888757,0.5726981221854851,-1.30328968050792,-0.23133929678812926,-1.2075304087812415,-0.4070849449662902,0.6211555251563001,0.9006091058868869,0.371954948120803,2.9572989873489886,0.2463547675475711,0.36937298007688835,-1.4189899371993233,-0.007316571290008678,-0.015807857067996922,0.1535014596130742,-0.08618296526915417,-2.404695951179009,-1.9490406263211573,-0.8489746980400449,-1.625848979449617;3.4808065776743202,0.8723372919804471,-0.4293885430846588,1.6128651979442328,0.8318245037690412,-1.2453068219403038,2.0560628672339445,-0.4866284179142582,-0.7133791044129464,0.8010172661180419,1.4424108573847378,-0.6103551075070955,-0.33607871592092176,-0.5521695245585503,-2.7977532815928297,-0.9489672034263006,-2.1090291179007346,1.3862290758476772,1.532797521543101,0.12739393906015883,-1.3017290374098225,0.9413449165405718,2.1919640940881613,-0.9988376871432829,-0.9115548171311805,-0.8819451844821791,-0.8948716360537634,0.7359859480473583,-1.5282052389177028,-2.116501696541168,-0.10224040750268937,0.09096539428520323,-1.9511964654913818,0.9063667163114919,-0.3830722727934296,0.39087216407308617,-0.09551086209198983,0.07690072671678563,-2.144346315606136,0.7592810526736657,0.29987936221110745,0.6841510046985967,0.9757755996708546,-1.7063235568486457,-1.3183123260116705,0.2633782406049863,0.7085895783107468,0.5707101606332952,-0.28681229405074504,-1.1778461179397661,0.4937736947171985,0.9726388243685711,-1.0831866479660615,-0.2841487424073051,-1.7310396008811508,0.5148383782141979,2.1244127611160812,0.8191727403948448,-2.0575899096911034,1.652299783069465,-0.1742536578452664,-1.397142366975874,0.4386134895796823,0.5543735539674428,0.9206246507358162,1.739202297871384,1.984850583755654,-0.8791051450211873,-1.1353619629367668,-0.9865315127971894,0.4147591393272914,2.5052064922767885,0.9333584837796104,0.14839077568167225,-3.665872786919659,1.1595270831190352,-1.8995521773218804,1.6791254526106865,0.8369622308569841,-0.2787848019463761,-0.35232972795107964,1.5303121657301522,-1.0852627657914886,-1.097556802939968,-2.2410361277878104,0.30309142568239106,1.766974713357016,1.4101536994115342,1.6901863993420951,-1.66844628371785,-3.1185637045974692,-0.07150675433025971,-0.29102217953127785,-2.468022185728434,-2.209678430291211,0.5595790499900356,-0.4106524460931102,-1.1650189015083812,-2.414348030627518,0.48596529667899124,-1.7389824383905492,-0.130119524374894,-0.673523220388486,1.036760224464647,-1.5078116966889867,-2.38030231596883,1.7315177337150025,-0.4158392307493001,1.197024085641991,-2.6359819441903043,-1.5029172256508878,-0.62341844668839,-1.7763310825202934,-2.1838903735046222,2.5438394435997687,-1.115223010031041,-1.6939649215478008,3.106131119206164,0.5461515206340716,0.8305627840175557,-0.2820627484522819,1.4527155113088093,1.8397980495908186,-0.79069820211579,1.3183284360356766,-2.0791958202943137,-0.05596644222363596,-0.5543298899183197,0.5039581261403177,-2.12557653857707,-0.5140396887876956,-1.2005417486665866,0.6160799490103331,0.8500832562407705,-1.7105345194567676,-0.573799697463271,-0.45887724737028646,-0.42630540311469145,0.28243380563304055,-0.33833115597464386,-0.5953100586126833,-1.874630652437709,-1.5670740907654928,0.6620831833619711,0.7959972645297522,-0.66012443648237,3.3983162667910882,-0.5593194951991675,-0.049495828510796855,-1.815687655577179,0.04898795334449846,-1.9244571187924735,2.342469956025628,-0.5267219926347473,-0.8791652150709732,-0.7788196078283778,-0.690777679366964,-0.6739376972334357
3;179;96795.58345770836;3877;5342;0.047412;0.372919;0.048803/0.136727/0.09831/0.049126/0.051755/0.0732/0.098791/0.090501/0.134462/0.054506/0.082967/0.075432/0.056304/0.12735/0.051746/0.076651/0.058613/0.123068/0.051019/0.065789/0.04891/0.079944/0.075787/0.047412/0.074626/0.102207/0.050343/0.049265/0.067338/0.054346/0.054822/0.050124/0.058436/0.157951/0.049959/0.050228/0.096244/0.052933/0.054969/0.05894/0.052684/0.049546/0.069622/0.0539/0.05177/0.049137/0.049584/0.048892/0.05161/0.081742/0.133857/0.049327/0.0987/0.053093/0.048719/0.050074/0.052419/0.050674/0.108741/0.087798/0.073784/0.052548/0.065428/0.074388/0.072531/0.051291/0.052207/0.049771/0.049398/0.05307/0.048246/0.051838/0.048653/0.077541/0.051404/0.048832/0.049234/0.123112/0.048038/0.04968/0.050821/0.053494/0.049725/0.048072/0.050886/0.108106/0.04913/0.04934/0.056974/0.04894/0.052052/0.052727/0.049648/0.05449/0.049255/0.049645/0.065442/0.058229/0.050768/0.09997;0.0/0.580559/0.652556/0.0/0.435754/0.504203/0.509912/0.60153/0.516988/0.583256/0.506995/0.870447/0.345551/0.709778/0.480296/0.431967/0.389558/0.575989/0.394243/0.558212/4.8e-05/0.594109/0.545694/0.372919/0.411246/0.514062/0.467062/0.224576/0.425541/0.385561/0.399206/0.327774/0.366273/0.756873/0.114683/0.221573/0.473402/0.323911/0.418178/0.388697/0.416333/0.374898/0.458781/0.699316/0.361377/0.305302/0.035907/0.0/0.425628/0.44306/0.554243/0.036481/0.447421/0.362859/0.22121/0.421497/0.31431/0.3246/0.512082/0.51934/0.444188/0.376935/0.468439/0.444236/0.396538/0.34514/0.297385/0.179594/0.249515/0.383323/0.0/0.319417/0.1965/0.680574/0.432828/0.183027/0.0/0.808099/0.003031/0.376409/0.270677/0.447535/0.096964/0.228372/0.279484/0.478613/0.266163/0.149701/0.38753/0.36744/0.308123/0.307645/0.289266/0.31848/0.302137/0.278527/0.419632/0.534315/0.362113/0.692881;0.075432/0.0539/0.051746/0.050343/0.050074/0.04968/0.049546/0.047412;0.870447/0.699316/0.480296/0.467062/0.421497/0.376409/0.374898/0.372919;3.962348258312918,0.8339885646398719,-1.007793362480925,-0.2184625022447242,1.5379335089084878,-1.2219682106178884,2.086643429391695,0.3990205524591274,0.7373856257481506,1.0031905822232812,-0.9170014086173379,-0.33301527269660747,-0.06658958552078464,-0.7441993918064447,-1.7580419581499847,-1.0709039252833055,-0.13633235006261368,1.0671874518563818,1.416036010040315,-0.6764373579911961,-0.2528779273230124,1.3864902327515567,0.7124389429934609,-0.9134811966593819,0.3126317086033736,-1.9008880944614903,-2.1061867267013232,1.5131046708525724,-2.3973883765155226,-2.3075623322269703,-1.0309901352510602,-1.3807585547892005,-0.7927658302926817,1.8324112437069218,-2.0212897106163914,0.331815038322927,-0.736575562543405,1.6872952076183398,0.03438295917628417,0.5946222219955912,0.11178981004178723,0.692489770862007,-0.09038918989431771,-0.606886238434369,-0.46209764504059364,-0.42221745297613755,0.5063538220682972,1.5681129390097743,0.013499993124852089,0.34068565460125017,-0.8915367697414908,0.1786107731238437,-1.2846452336563858,0.5293864074800793,-2.5468149827751407,-0.7824093689987637,0.8329464259317579,1.7082185787293795,-2.476167995979677,1.041681924654354,0.08063287253346466,-2.0299094422822788,-0.939714893149719,-0.18914089737186826,0.9099712287743175,2.1049416198062456,0.5903387781059164,0.18602790852412465,0.0854971117344111,0.12282087252184085,1.7418879508129845,3.3859857531984097,1.6983552639033075,-0.10154510393714372,-3.3244806189269824,0.7687531498359867,-1.6848216935513642,1.143928385066737,0.3263817179705776,-0.9152986357626633,0.5772500589811952,2.931823907634211,-1.7857715708612139,-1.1335627355323095,-2.2465359582079905,-1.2191013640188155,1.5003515610029745,2.584722186912842,0.3017153957988893,-0.8587770921200077,-0.7945476213599855,0.39132328602899025,-0.5205334053213101,-2.159059439545565,-2.2765947275779777,1.2067226317256237,-0.5804265724323426,-0.33935830296672576,-1.7946001234243,0.0030900835754571615,-0.026472235899217628,-0.2821399339197717,-0.6410193333275724,1.3417567746953152,-0.9309624072823499,-1.6260781611314261,-0.6820815803750979,-1.7174767748909223,0.06401366616456539,-1.1495324016863508,-0.9163725745183509,0.9392985001092633,-3.9513778266017074,-2.8201124160381625,0.23506350229761397,1.1387226370327865,-3.1016708053935154,3.298505927969922,0.7766160888724718,0.10264872521571566,-0.20715516305068077,-1.273809416597154,-0.6002019478551751,1.4031579019546652,1.9029536816220445,-1.6360852959255465,-0.376977191392729,-0.5109650585774372,0.17302844324286124,-2.2171353285480344,0.7725678136485881,-0.33906538130969455,0.39022272738644076,1.4188424724732354,0.127492568140596,-0.5553945032705838,-1.945879927611846,-0.27144054610888757,0.5726981221854851,-1.30328968050792,-0.23133929678812926,-1.2075304087812415,-0.4070849449662902,0.6211555251563001,0.9006091058868869,0.371954948120803,2.9572989873489886,0.2463547675475711,0.36937298007688835,-1.4189899371993233,-0.007316571290008678,-0.015807857067996922,0.1535014596130742,-0.08618296526915417,-2.404695951179009,-1.9490406263211573,-0.8489746980400449,-1.625848979449617;3.4808065776743202,0.8723372919804471,-0.4293885430846588,1.6128651979442328,0.8318245037690412,-1.2453068219403038,2.0560628672339445,-0.4866284179142582,-0.7133791044129464,0.8010172661180419,1.4424108573847378,-0.6103551075070955,-0.33607871592092176,-0.5521695245585503,-2.7977532815928297,-0.9489672034263006,-2.1090291179007346,1.3862290758476772,1.532797521543101,0.12739393906015883,-1.3017290374098225,0.9413449165405718,2.1919640940881613,-0.9988376871432829,-0.9115548171311805,-0.8819451844821791,-0.8948716360537634,0.7359859480473583,-1.5282052389177028,-2.116501696541168,-0.10224040750268937,0.09096539428520323,-1.9511964654913818,0.9063667163114919,-0.3830722727934296,0.39087216407308617,-0.09551086209198983,0.07690072671678563,-2.144346315606136,0.7592810526736657,0.29987936221110745,0.6841510046985967,0.9757755996708546,-1.7063235568486457,-1.3183123260116705,0.2633782406049863,0.7085895783107468,0.5707101606332952,-0.28681229405074504,-1.1778461179397661,0.4937736947171985,0.9726388243685711,-1.0831866479660615,-0.2841487424073051,-1.7310396008811508,0.5148383782141979,2.1244127611160812,0.8191727403948448,-2.0575899096911034,1.652299783069465,-0.1742536578452664,-1.397142366975874,0.4386134895796823,0.5543735539674428,0.9206246507358162,1.739202297871384,1.984850583755654,-0.8791051450211873,-1.1353619629367668,-0.9865315127971894,0.4147591393272914,2.5052064922767885,0.9333584837796104,0.14839077568167225,-3.665872786919659,1.1595270831190352,-1.8995521773218804,1.6791254526106865,0.8369622308569841,-0.2787848019463761,-0.35232972795107964,1.5303121657301522,-1.0852627657914886,-1.097556802939968,-2.2410361277878104,0.30309142568239106,1.766974713357016,1.4101536994115342,1.6901863993420951,-1.66844628371785,-3.1185637045974692,-0.07150675433025971,-0.29102217953127785,-2.468022185728434,-2.209678430291211,0.5595790499900356,-0.4106524460931102,-1.1650189015083812,-2.414348030627518,0.48596529667899124,-1.7389824383905492,-0.130119524374894,-0.673523220388486,1.036760224464647,-1.5078116966889867,-2.38030231596883,1.7315177337150025,-0.4158392307493001,1.197024085641991,-2.6359819441903043,-1.5029172256508878,-0.62341844668839,-1.7763310825202934,-2.1838903735046222,2.5438394435997687,-1.115223010031041,-1.6939649215478008,3.106131119206164,0.5461515206340716,0.8305627840175557,-0.2820627484522819,1.4527155113088093,1.8397980495908186,-0.79069820211579,1.3183284360356766,-2.0791958202943137,-0.05596644222363596,-0.5543298899183197,0.5039581261403177,-2.12557653857707,-0.5140396887876956,-1.2005417486665866,0.6160799490103331,0.8500832562407705,-1.7105345194567676,-0.573799697463271,-0.45887724737028646,-0.42630540311469145,0.28243380563304055,-0.33833115597464386,-0.5953100586126833,-1.874630652437709,-1.5670740907654928,0.6620831833619711,0.7959972645297522,-0.66012443648237,3.3983162667910882,-0.5593194951991675,-0.049495828510796855,-1.815687655577179,0.04898795334449846,-1.9244571187924735,2.342469956025628,-0.5267219926347473,-0.8791652150709732,-0.7788196078283778,-0.690777679366964,-0.6739376972334357
3;180;97344.58719778061;3877;5342;0.047412;0.372919;0.048803/0.136727/0.09831/0.049126/0.051755/0.0732/0.098791/0.090501/0.134462/0.054506/0.082967/0.075432/0.056304/0.12735/0.051746/0.076651/0.058613/0.123068/0.051019/0.065789/0.04891/0.079944/0.075787/0.047412/0.074626/0.102207/0.050343/0.049265/0.067338/0.054346/0.054822/0.050124/0.058436/0.157951/0.049959/0.050228/0.096244/0.052933/0.054969/0.05894/0.052684/0.049546/0.069622/0.0539/0.05177/0.049137/0.049584/0.048892/0.05161/0.081742/0.133857/0.049327/0.0987/0.053093/0.048719/0.050074/0.052419/0.050674/0.108741/0.087798/0.073784/0.052548/0.065428/0.074388/0.072531/0.051291/0.052207/0.049771/0.049398/0.05307/0.048246/0.051838/0.048653/0.077541/0.051404/0.048832/0.049234/0.123112/0.048038/0.04968/0.050821/0.053494/0.049725/0.048072/0.050886/0.108106/0.04913/0.04934/0.056974/0.04894/0.052052/0.052727/0.049648/0.05449/0.049255/0.049645/0.065442/0.058229/0.050768/0.09997;0.0/0.580559/0.652556/0.0/0.435754/0.504203/0.509912/0.60153/0.516988/0.583256/0.506995/0.870447/0.345551/0.709778/0.480296/0.431967/0.389558/0.575989/0.394243/0.558212/4.8e-05/0.594109/0.545694/0.372919/0.411246/0.514062/0.467062/0.224576/0.425541/0.385561/0.399206/0.327774/0.366273/0.756873/0.114683/0.221573/0.473402/0.323911/0.418178/0.388697/0.416333/0.374898/0.458781/0.699316/0.361377/0.305302/0.035907/0.0/0.425628/0.44306/0.554243/0.036481/0.447421/0.362859/0.22121/0.421497/0.31431/0.3246/0.512082/0.51934/0.444188/0.376935/0.468439/0.444236/0.396538/0.34514/0.297385/0.179594/0.249515/0.383323/0.0/0.319417/0.1965/0.680574/0.432828/0.183027/0.0/0.808099/0.003031/0.376409/0.270677/0.447535/0.096964/0.228372/0.279484/0.478613/0.266163/0.149701/0.38753/0.36744/0.308123/0.307645/0.289266/0.31848/0.302137/0.278527/0.419632/0.534315/0.362113/0.692881;0.075432/0.0539/0.051746/0.050343/0.050074/0.04968/0.049546/0.047412;0.870447/0.699316/0.480296/0.467062/0.421497/0.376409/0.374898/0.372919;3.962348258312918,0.8339885646398719,-1.007793362480925,-0.2184625022447242,1.5379335089084878,-1.2219682106178884,2.086643429391695,0.3990205524591274,0.7373856257481506,1.0031905822232812,-0.9170014086173379,-0.33301527269660747,-0.06658958552078464,-0.7441993918064447,-1.7580419581499847,-1.0709039252833055,-0.13633235006261368,1.0671874518563818,1.416036010040315,-0.6764373579911961,-0.2528779273230124,1.3864902327515567,0.7124389429934609,-0.9134811966593819,0.3126317086033736,-1.9008880944614903,-2.1061867267013232,1.5131046708525724,-2.3973883765155226,-2.3075623322269703,-1.0309901352510602,-1.3807585547892005,-0.7927658302926817,1.8324112437069218,-2.0212897106163914,0.331815038322927,-0.736575562543405,1.6872952076183398,0.03438295917628417,0.5946222219955912,0.11178981004178723,0.692489770862007,-0.09038918989431771,-0.606886238434369,-0.46209764504059364,-0.42221745297613755,0.5063538220682972,1.5681129390097743,0.013499993124852089,0.34068565460125017,-0.8915367697414908,0.1786107731238437,-1.2846452336563858,0.5293864074800793,-2.5468149827751407,-0.7824093689987637,0.8329464259317579,1.7082185787293795,-2.476167995979677,1.041681924654354,0.08063287253346466,-2.0299094422822788,-0.939714893149719,-0.18914089737186826,0.9099712287743175,2.1049416198062456,0.5903387781059164,0.18602790852412465,0.0854971117344111,0.12282087252184085,1.7418879508129845,3.3859857531984097,1.6983552639033075,-0.10154510393714372,-3.3244806189269824,0.7687531498359867,-1.6848216935513642,1.143928385066737,0.3263817179705776,-0.9152986357626633,0.5772500589811952,2.931823907634211,-1.7857715708612139,-1.1335627355323095,-2.2465359582079905,-1.2191013640188155,1.5003515610029745,2.584722186912842,0.3017153957988893,-0.8587770921200077,-0.7945476213599855,0.39132328602899025,-0.5205334053213101,-2.159059439545565,-2.2765947275779777,1.2067226317256237,-0.5804265724323426,-0.33935830296672576,-1.7946001234243,0.0030900835754571615,-0.026472235899217628,-0.2821399339197717,-0.6410193333275724,1.3417567746953152,-0.9309624072823499,-1.6260781611314261,-0.6820815803750979,-1.7174767748909223,0.06401366616456539,-1.1495324016863508,-0.9163725745183509,0.9392985001092633,-3.9513778266017074,-2.8201124160381625,0.23506350229761397,1.1387226370327865,-3.1016708053935154,3.298505927969922,0.7766160888724718,0.10264872521571566,-0.20715516305068077,-1.273809416597154,-0.6002019478551751,1.4031579019546652,1.9029536816220445,-1.6360852959255465,-0.376977191392729,-0.5109650585774372,0.17302844324286124,-2.2171353285480344,0.7725678136485881,-0.33906538130969455,0.39022272738644076,1.4188424724732354,0.127492568140596,-0.5553945032705838,-1.945879927611846,-0.27144054610888757,0.5726981221854851,-1.30328968050792,-0.23133929678812926,-1.2075304087812415,-0.4070849449662902,0.6211555251563001,0.9006091058868869,0.371954948120803,2.9572989873489886,0.2463547675475711,0.36937298007688835,-1.4189899371993233,-0.007316571290008678,-0.015807857067996922,0.1535014596130742,-0.08618296526915417,-2.404695951179009,-1.9490406263211573,-0.8489746980400449,-1.625848979449617;3.4808065776743202,0.8723372919804471,-0.4293885430846588,1.6128651979442328,0.8318245037690412,-1.2453068219403038,2.0560628672339445,-0.4866284179142582,-0.7133791044129464,0.8010172661180419,1.4424108573847378,-0.6103551075070955,-0.33607871592092176,-0.5521695245585503,-2.7977532815928297,-0.9489672034263006,-2.1090291179007346,1.3862290758476772,1.532797521543101,0.12739393906015883,-1.3017290374098225,0.9413449165405718,2.1919640940881613,-0.9988376871432829,-0.9115548171311805,-0.8819451844821791,-0.8948716360537634,0.7359859480473583,-1.5282052389177028,-2.116501696541168,-0.10224040750268937,0.09096539428520323,-1.9511964654913818,0.9063667163114919,-0.3830722727934296,0.39087216407308617,-0.09551086209198983,0.07690072671678563,-2.144346315606136,0.7592810526736657,0.29987936221110745,0.6841510046985967,0.9757755996708546,-1.7063235568486457,-1.3183123260116705,0.2633782406049863,0.7085895783107468,0.5707101606332952,-0.28681229405074504,-1.1778461179397661,0.4937736947171985,0.9726388243685711,-1.0831866479660615,-0.2841487424073051,-1.7310396008811508,0.5148383782141979,2.1244127611160812,0.8191727403948448,-2.0575899096911034,1.652299783069465,-0.1742536578452664,-1.397142366975874,0.4386134895796823,0.5543735539674428,0.9206246507358162,1.739202297871384,1.984850583755654,-0.8791051450211873,-1.1353619629367668,-0.9865315127971894,0.4147591393272914,2.5052064922767885,0.9333584837796104,0.14839077568167225,-3.665872786919659,1.1595270831190352,-1.8995521773218804,1.6791254526106865,0.8369622308569841,-0.2787848019463761,-0.35232972795107964,1.5303121657301522,-1.0852627657914886,-1.097556802939968,-2.2410361277878104,0.30309142568239106,1.766974713357016,1.4101536994115342,1.6901863993420951,-1.66844628371785,-3.1185637045974692,-0.07150675433025971,-0.29102217953127785,-2.468022185728434,-2.209678430291211,0.5595790499900356,-0.4106524460931102,-1.1650189015083812,-2.414348030627518,0.48596529667899124,-1.7389824383905492,-0.130119524374894,-0.673523220388486,1.036760224464647,-1.5078116966889867,-2.38030231596883,1.7315177337150025,-0.4158392307493001,1.197024085641991,-2.6359819441903043,-1.5029172256508878,-0.62341844668839,-1.7763310825202934,-2.1838903735046222,2.5438394435997687,-1.115223010031041,-1.6939649215478008,3.106131119206164,0.5461515206340716,0.8305627840175557,-0.2820627484522819,1.4527155113088093,1.8397980495908186,-0.79069820211579,1.3183284360356766,-2.0791958202943137,-0.05596644222363596,-0.5543298899183197,0.5039581261403177,-2.12557653857707,-0.5140396887876956,-1.2005417486665866,0.6160799490103331,0.8500832562407705,-1.7105345194567676,-0.573799697463271,-0.45887724737028646,-0.42630540311469145,0.28243380563304055,-0.33833115597464386,-0.5953100586126833,-1.874630652437709,-1.5670740907654928,0.6620831833619711,0.7959972645297522,-0.66012443648237,3.3983162667910882,-0.5593194951991675,-0.049495828510796855,-1.815687655577179,0.04898795334449846,-1.9244571187924735,2.342469956025628,-0.5267219926347473,-0.8791652150709732,-0.7788196078283778,-0.690777679366964,-0.6739376972334357
3;181;97889.7053103447;3877;5342;0.047412;0.372919;0.048803/0.136727/0.09831/0.049126/0.051755/0.0732/0.098791/0.090501/0.134462/0.054506/0.082967/0.075432/0.12735/0.051746/0.076651/0.058613/0.123068/0.051019/0.065789/0.04891/0.079944/0.075787/0.047412/0.074626/0.102207/0.050343/0.049265/0.067338/0.054346/0.054822/0.050124/0.157951/0.049959/0.050228/0.096244/0.052933/0.054969/0.05894/0.052684/0.049546/0.069622/0.0539/0.05177/0.049137/0.049584/0.048892/0.05161/0.081742/0.133857/0.049327/0.0987/0.053093/0.048719/0.050074/0.052419/0.050674/0.108741/0.087798/0.073784/0.052548/0.065428/0.074388/0.072531/0.051291/0.052207/0.049771/0.049398/0.05307/0.048246/0.051838/0.048653/0.077541/0.051404/0.048832/0.049234/0.123112/0.048038/0.04968/0.050821/0.053494/0.049725/0.048072/0.050886/0.108106/0.04913/0.04934/0.056974/0.04894/0.052052/0.052727/0.049648/0.049255/0.049645/0.065442/0.058229/0.050768/0.09997/0.052102/0.04933/0.080385;0.0/0.580559/0.652556/0.0/0.435754/0.504203/0.509912/0.60153/0.516988/0.583256/0.506995/0.870447/0.709778/0.480296/0.431967/0.389558/0.575989/0.394243/0.558212/4.8e-05/0.594109/0.545694/0.372919/0.411246/0.514062/0.467062/0.224576/0.425541/0.385561/0.399206/0.327774/0.756873/0.114683/0.221573/0.473402/0.323911/0.418178/0.388697/0.416333/0.374898/0.458781/0.699316/0.361377/0.305302/0.035907/0.0/0.425628/0.44306/0.554243/0.036481/0.447421/0.362859/0.22121/0.421497/0.31431/0.3246/0.512082/0.51934/0.444188/0.376935/0.468439/0.444236/0.396538/0.34514/0.297385/0.179594/0.249515/0.383323/0.0/0.319417/0.1965/0.680574/0.432828/0.183027/0.0/0.808099/0.003031/0.376409/0.270677/0.447535/0.096964/0.228372/0.279484/0.478613/0.266163/0.149701/0.38753/0.36744/0.308123/0.307645/0.289266/0.302137/0.278527/0.419632/0.534315/0.362113/0.692881/0.418255/0.0/0.455549;0.075432/0.0539/0.051746/0.050343/0.050074/0.04968/0.049546/0.047412;0.870447/0.699316/0.480296/0.467062/0.421497/0.376409/0.374898/0.372919;3.962348258312918,0.8339885646398719,-1.007793362480925,-0.2184625022447242,1.5379335089084878,-1.2219682106178884,2.086643429391695,0.3990205524591274,0.7373856257481506,1.0031905822232812,-0.9170014086173379,-0.33301527269660747,-0.06658958552078464,-0.7441993918064447,-1.7580419581499847,-1.0709039252833055,-0.13633235006261368,1.0671874518563818,1.416036010040315,-0.6764373579911961,-0.2528779273230124,1.3864902327515567,0.7124389429934609,-0.9134811966593819,0.3126317086033736,-1.9008880944614903,-2.1061867267013232,1.5131046708525724,-2.3973883765155226,-2.3075623322269703,-1.0309901352510602,-1.3807585547892005,-0.7927658302926817,1.8324112437069218,-2.0212897106163914,0.331815038322927,-0.736575562543405,1.6872952076183398,0.03438295917628417,0.5946222219955912,0.11178981004178723,0.692489770862007,-0.09038918989431771,-0.606886238434369,-0.46209764504059364,-0.42221745297613755,0.5063538220682972,1.5681129390097743,0.013499993124852089,0.34068565460125017,-0.8915367697414908,0.1786107731238437,-1.2846452336563858,0.5293864074800793,-2.5468149827751407,-0.7824093689987637,0.8329464259317579,1.7082185787293795,-2.476167995979677,1.041681924654354,0.08063287253346466,-2.0299094422822788,-0.939714893149719,-0.18914089737186826,0.9099712287743175,2.1049416198062456,0.5903387781059164,0.18602790852412465,0.0854971117344111,0.12282087252184085,1.7418879508129845,3.3859857531984097,1.6983552639033075,-0.10154510393714372,-3.3244806189269824,0.7687531498359867,-1.6848216935513642,1.143928385066737,0.3263817179705776,-0.9152986357626633,0.5772500589811952,2.931823907634211,-1.7857715708612139,-1.1335627355323095,-2.2465359582079905,-1.2191013640188155,1.5003515610029745,2.584722186912842,0.3017153957988893,-0.8587770921200077,-0.7945476213599855,0.39132328602899025,-0.5205334053213101,-2.159059439545565,-2.2765947275779777,1.2067226317256237,-0.5804265724323426,-0.33935830296672576,-1.7946001234243,0.0030900835754571615,-0.026472235899217628,-0.2821399339197717,-0.6410193333275724,1.3417567746953152,-0.9309624072823499,-1.6260781611314261,-0.6820815803750979,-1.7174767748909223,0.06401366616456539,-1.1495324016863508,-0.9163725745183509,0.9392985001092633,-3.9513778266017074,-2.8201124160381625,0.23506350229761397,1.1387226370327865,-3.1016708053935154,3.298505927969922,0.7766160888724718,0.10264872521571566,-0.20715516305068077,-1.273809416597154,-0.6002019478551751,1.4031579019546652,1.9029536816220445,-1.6360852959255465,-0.376977191392729,-0.5109650585774372,0.17302844324286124,-2.2171353285480344,0.7725678136485881,-0.33906538130969455,0.39022272738644076,1.4188424724732354,0.127492568140596,-0.5553945032705838,-1.945879927611846,-0.27144054610888757,0.5726981221854851,-1.30328968050792,-0.23133929678812926,-1.2075304087812415,-0.4070849449662902,0.6211555251563001,0.9006091058868869,0.371954948120803,2.9572989873489886,0.2463547675475711,0.36937298007688835,-1.4189899371993233,-0.007316571290008678,-0.015807857067996922,0.1535014596130742,-0.08618296526915417,-2.404695951179009,-1.9490406263211573,-0.8489746980400449,-1.625848979449617;3.4808065776743202,0.8723372919804471,-0.4293885430846588,1.6128651979442328,0.8318245037690412,-1.2453068219403038,2.0560628672339445,-0.4866284179142582,-0.7133791044129464,0.8010172661180419,1.4424108573847378,-0.6103551075070955,-0.33607871592092176,-0.5521695245585503,-2.7977532815928297,-0.9489672034263006,-2.1090291179007346,1.3862290758476772,1.532797521543101,0.12739393906015883,-1.3017290374098225,0.9413449165405718,2.1919640940881613,-0.9988376871432829,-0.9115548171311805,-0.8819451844821791,-0.8948716360537634,0.7359859480473583,-1.5282052389177028,-2.116501696541168,-0.10224040750268937,0.09096539428520323,-1.9511964654913818,0.9063667163114919,-0.3830722727934296,0.39087216407308617,-0.09551086209198983,0.07690072671678563,-2.144346315606136,0.7592810526736657,0.29987936221110745,0.6841510046985967,0.9757755996708546,-1.7063235568486457,-1.3183123260116705,0.2633782406049863,0.7085895783107468,0.5707101606332952,-0.28681229405074504,-1.1778461179397661,0.4937736947171985,0.9726388243685711,-1.0831866479660615,-0.2841487424073051,-1.7310396008811508,0.5148383782141979,2.1244127611160812,0.8191727403948448,-2.0575899096911034,1.652299783069465,-0.1742536578452664,-1.397142366975874,0.4386134895796823,0.5543735539674428,0.9206246507358162,1.739202297871384,1.984850583755654,-0.8791051450211873,-1.1353619629367668,-0.9865315127971894,0.4147591393272914,2.5052064922767885,0.9333584837796104,0.14839077568167225,-3.665872786919659,1.1595270831190352,-1.8995521773218804,1.6791254526106865,0.8369622308569841,-0.2787848019463761,-0.35232972795107964,1.5303121657301522,-1.0852627657914886,-1.097556802939968,-2.2410361277878104,0.30309142568239106,1.766974713357016,1.4101536994115342,1.6901863993420951,-1.66844628371785,-3.1185637045974692,-0.07150675433025971,-0.29102217953127785,-2.468022185728434,-2.209678430291211,0.5595790499900356,-0.4106524460931102,-1.1650189015083812,-2.414348030627518,0.48596529667899124,-1.7389824383905492,-0.130119524374894,-0.673523220388486,1.036760224464647,-1.5078116966889867,-2.38030231596883,1.7315177337150025,-0.4158392307493001,1.197024085641991,-2.6359819441903043,-1.5029172256508878,-0.62341844668839,-1.7763310825202934,-2.1838903735046222,2.5438394435997687,-1.115223010031041,-1.6939649215478008,3.106131119206164,0.5461515206340716,0.8305627840175557,-0.2820627484522819,1.4527155113088093,1.8397980495908186,-0.79069820211579,1.3183284360356766,-2.0791958202943137,-0.05596644222363596,-0.5543298899183197,0.5039581261403177,-2.12557653857707,-0.5140396887876956,-1.2005417486665866,0.6160799490103331,0.8500832562407705,-1.7105345194567676,-0.573799697463271,-0.45887724737028646,-0.42630540311469145,0.28243380563304055,-0.33833115597464386,-0.5953100586126833,-1.874630652437709,-1.5670740907654928,0.6620831833619711,0.7959972645297522,-0.66012443648237,3.3983162667910882,-0.5593194951991675,-0.049495828510796855,-1.815687655577179,0.04898795334449846,-1.9244571187924735,2.342469956025628,-0.5267219926347473,-0.8791652150709732,-0.7788196078283778,-0.690777679366964,-0.6739376972334357
3;182;98444.80195379257;3877;5342;0.047412;0.372919;0.048803/0.136727/0.09831/0.049126/0.051755/0.0732/0.098791/0.090501/0.134462/0.054506/0.082967/0.075432/0.12735/0.051746/0.076651/0.123068/0.051019/0.065789/0.04891/0.079944/0.075787/0.047412/0.074626/0.102207/0.050343/0.049265/0.067338/0.054346/0.054822/0.050124/0.157951/0.049959/0.050228/0.096244/0.052933/0.054969/0.052684/0.049546/0.069622/0.0539/0.05177/0.049137/0.049584/0.048892/0.05161/0.081742/0.133857/0.049327/0.0987/0.053093/0.048719/0.050074/0.052419/0.050674/0.108741/0.087798/0.073784/0.052548/0.065428/0.074388/0.051291/0.052207/0.049771/0.049398/0.05307/0.048246/0.051838/0.048653/0.077541/0.051404/0.048832/0.049234/0.123112/0.048038/0.04968/0.050821/0.053494/0.049725/0.048072/0.050886/0.108106/0.04913/0.04934/0.056974/0.04894/0.052052/0.052727/0.049648/0.049255/0.049645/0.065442/0.058229/0.050768/0.09997/0.052102/0.080385/0.050429/0.057741/0.05064/0.092893;0.0/0.580559/0.652556/0.0/0.435754/0.504203/0.509912/0.60153/0.516988/0.583256/0.506995/0.870447/0.709778/0.480296/0.431967/0.575989/0.394243/0.558212/4.8e-05/0.594109/0.545694/0.372919/0.411246/0.514062/0.467062/0.224576/0.425541/0.385561/0.399206/0.327774/0.756873/0.114683/0.221573/0.473402/0.323911/0.418178/0.416333/0.374898/0.458781/0.699316/0.361377/0.305302/0.035907/0.0/0.425628/0.44306/0.554243/0.036481/0.447421/0.362859/0.22121/0.421497/0.31431/0.3246/0.512082/0.51934/0.444188/0.376935/0.468439/0.444236/0.34514/0.297385/0.179594/0.249515/0.383323/0.0/0.319417/0.1965/0.680574/0.432828/0.183027/0.0/0.808099/0.003031/0.376409/0.270677/0.447535/0.096964/0.228372/0.279484/0.478613/0.266163/0.149701/0.38753/0.36744/0.308123/0.307645/0.289266/0.302137/0.278527/0.419632/0.534315/0.362113/0.692881/0.418255/0.455549/0.115381/0.399005/0.392599/0.735176;0.075432/0.0539/0.051746/0.050343/0.050074/0.04968/0.049546/0.047412;0.870447/0.699316/0.480296/0.467062/0.421497/0.376409/0.374898/0.372919;3.962348258312918,0.8339885646398719,-1.007793362480925,-0.2184625022447242,1.5379335089084878,-1.2219682106178884,2.086643429391695,0.3990205524591274,0.7373856257481506,1.0031905822232812,-0.9170014086173379,-0.33301527269660747,-0.06658958552078464,-0.7441993918064447,-1.7580419581499847,-1.0709039252833055,-0.13633235006261368,1.0671874518563818,1.416036010040315,-0.6764373579911961,-0.2528779273230124,1.3864902327515567,0.7124389429934609,-0.9134811966593819,0.3126317086033736,-1.9008880944614903,-2.1061867267013232,1.5131046708525724,-2.3973883765155226,-2.3075623322269703,-1.0309901352510602,-1.3807585547892005,-0.7927658302926817,1.8324112437069218,-2.0212897106163914,0.331815038322927,-0.736575562543405,1.6872952076183398,0.03438295917628417,0.5946222219955912,0.11178981004178723,0.692489770862007,-0.09038918989431771,-0.606886238434369,-0.46209764504059364,-0.42221745297613755,0.5063538220682972,1.5681129390097743,0.013499993124852089,0.34068565460125017,-0.8915367697414908,0.1786107731238437,-1.2846452336563858,0.5293864074800793,-2.5468149827751407,-0.7824093689987637,0.8329464259317579,1.7082185787293795,-2.476167995979677,1.041681924654354,0.08063287253346466,-2.0299094422822788,-0.939714893149719,-0.18914089737186826,0.9099712287743175,2.1049416198062456,0.5903387781059164,0.18602790852412465,0.0854971117344111,0.12282087252184085,1.7418879508129845,3.3859857531984097,1.6983552639033075,-0.10154510393714372,-3.3244806189269824,0.7687531498359867,-1.6848216935513642,1.143928385066737,0.3263817179705776,-0.9152986357626633,0.5772500589811952,2.931823907634211,-1.7857715708612139,-1.1335627355323095,-2.2465359582079905,-1.2191013640188155,1.5003515610029745,2.584722186912842,0.3017153957988893,-0.8587770921200077,-0.7945476213599855,0.39132328602899025,-0.5205334053213101,-2.159059439545565,-2.2765947275779777,1.2067226317256237,-0.5804265724323426,-0.33935830296672576,-1.7946001234243,0.0030900835754571615,-0.026472235899217628,-0.2821399339197717,-0.6410193333275724,1.3417567746953152,-0.9309624072823499,-1.6260781611314261,-0.6820815803750979,-1.7174767748909223,0.06401366616456539,-1.1495324016863508,-0.9163725745183509,0.9392985001092633,-3.9513778266017074,-2.8201124160381625,0.23506350229761397,1.1387226370327865,-3.1016708053935154,3.298505927969922,0.7766160888724718,0.10264872521571566,-0.20715516305068077,-1.273809416597154,-0.6002019478551751,1.4031579019546652,1.9029536816220445,-1.6360852959255465,-0.376977191392729,-0.5109650585774372,0.17302844324286124,-2.2171353285480344,0.7725678136485881,-0.33906538130969455,0.39022272738644076,1.4188424724732354,0.127492568140596,-0.5553945032705838,-1.945879927611846,-0.27144054610888757,0.5726981221854851,-1.30328968050792,-0.23133929678812926,-1.2075304087812415,-0.4070849449662902,0.6211555251563001,0.9006091058868869,0.371954948120803,2.9572989873489886,0.2463547675475711,0.36937298007688835,-1.4189899371993233,-0.007316571290008678,-0.015807857067996922,0.1535014596130742,-0.08618296526915417,-2.404695951179009,-1.9490406263211573,-0.8489746980400449,-1.625848979449617;3.4808065776743202,0.8723372919804471,-0.4293885430846588,1.6128651979442328,0.8318245037690412,-1.2453068219403038,2.0560628672339445,-0.4866284179142582,-0.7133791044129464,0.8010172661180419,1.4424108573847378,-0.6103551075070955,-0.33607871592092176,-0.5521695245585503,-2.7977532815928297,-0.9489672034263006,-2.1090291179007346,1.3862290758476772,1.532797521543101,0.12739393906015883,-1.3017290374098225,0.9413449165405718,2.1919640940881613,-0.9988376871432829,-0.9115548171311805,-0.8819451844821791,-0.8948716360537634,0.7359859480473583,-1.5282052389177028,-2.116501696541168,-0.10224040750268937,0.09096539428520323,-1.9511964654913818,0.9063667163114919,-0.3830722727934296,0.39087216407308617,-0.09551086209198983,0.07690072671678563,-2.144346315606136,0.7592810526736657,0.29987936221110745,0.6841510046985967,0.9757755996708546,-1.7063235568486457,-1.3183123260116705,0.2633782406049863,0.7085895783107468,0.5707101606332952,-0.28681229405074504,-1.1778461179397661,0.4937736947171985,0.9726388243685711,-1.0831866479660615,-0.2841487424073051,-1.7310396008811508,0.5148383782141979,2.1244127611160812,0.8191727403948448,-2.0575899096911034,1.652299783069465,-0.1742536578452664,-1.397142366975874,0.4386134895796823,0.5543735539674428,0.9206246507358162,1.739202297871384,1.984850583755654,-0.8791051450211873,-1.1353619629367668,-0.9865315127971894,0.4147591393272914,2.5052064922767885,0.9333584837796104,0.14839077568167225,-3.665872786919659,1.1595270831190352,-1.8995521773218804,1.6791254526106865,0.8369622308569841,-0.2787848019463761,-0.35232972795107964,1.5303121657301522,-1.0852627657914886,-1.097556802939968,-2.2410361277878104,0.30309142568239106,1.766974713357016,1.4101536994115342,1.6901863993420951,-1.66844628371785,-3.1185637045974692,-0.07150675433025971,-0.29102217953127785,-2.468022185728434,-2.209678430291211,0.5595790499900356,-0.4106524460931102,-1.1650189015083812,-2.414348030627518,0.48596529667899124,-1.7389824383905492,-0.130119524374894,-0.673523220388486,1.036760224464647,-1.5078116966889867,-2.38030231596883,1.7315177337150025,-0.4158392307493001,1.197024085641991,-2.6359819441903043,-1.5029172256508878,-0.62341844668839,-1.7763310825202934,-2.1838903735046222,2.5438394435997687,-1.115223010031041,-1.6939649215478008,3.106131119206164,0.5461515206340716,0.8305627840175557,-0.2820627484522819,1.4527155113088093,1.8397980495908186,-0.79069820211579,1.3183284360356766,-2.0791958202943137,-0.05596644222363596,-0.5543298899183197,0.5039581261403177,-2.12557653857707,-0.5140396887876956,-1.2005417486665866,0.6160799490103331,0.8500832562407705,-1.7105345194567676,-0.573799697463271,-0.45887724737028646,-0.42630540311469145,0.28243380563304055,-0.33833115597464386,-0.5953100586126833,-1.874630652437709,-1.5670740907654928,0.6620831833619711,0.7959972645297522,-0.66012443648237,3.3983162667910882,-0.5593194951991675,-0.049495828510796855,-1.815687655577179,0.04898795334449846,-1.9244571187924735,2.342469956025628,-0.5267219926347473,-0.8791652150709732,-0.7788196078283778,-0.690777679366964,-0.6739376972334357
3;183;99009.43850278854;3877;5342;0.047412;0.372919;0.048803/0.136727/0.09831/0.049126/0.051755/0.0732/0.098791/0.090501/0.134462/0.054506/0.082967/0.075432/0.12735/0.051746/0.076651/0.123068/0.051019/0.065789/0.04891/0.079944/0.075787/0.047412/0.074626/0.102207/0.050343/0.049265/0.067338/0.054346/0.054822/0.050124/0.157951/0.049959/0.050228/0.096244/0.052933/0.054969/0.052684/0.049546/0.069622/0.0539/0.05177/0.049137/0.049584/0.048892/0.05161/0.081742/0.133857/0.049327/0.0987/0.053093/0.048719/0.050074/0.052419/0.050674/0.108741/0.087798/0.073784/0.052548/0.065428/0.074388/0.051291/0.052207/0.049771/0.049398/0.05307/0.048246/0.051838/0.048653/0.077541/0.051404/0.048832/0.123112/0.048038/0.04968/0.050821/0.053494/0.049725/0.048072/0.050886/0.108106/0.04913/0.04934/0.056974/0.04894/0.052052/0.052727/0.049648/0.049255/0.049645/0.065442/0.058229/0.050768/0.09997/0.052102/0.080385/0.050429/0.057741/0.05064/0.092893/0.049207;0.0/0.580559/0.652556/0.0/0.435754/0.504203/0.509912/0.60153/0.516988/0.583256/0.506995/0.870447/0.709778/0.480296/0.431967/0.575989/0.394243/0.558212/4.8e-05/0.594109/0.545694/0.372919/0.411246/0.514062/0.467062/0.224576/0.425541/0.385561/0.399206/0.327774/0.756873/0.114683/0.221573/0.473402/0.323911/0.418178/0.416333/0.374898/0.458781/0.699316/0.361377/0.305302/0.035907/0.0/0.425628/0.44306/0.554243/0.036481/0.447421/0.362859/0.22121/0.421497/0.31431/0.3246/0.512082/0.51934/0.444188/0.376935/0.468439/0.444236/0.34514/0.297385/0.179594/0.249515/0.383323/0.0/0.319417/0.1965/0.680574/0.432828/0.183027/0.808099/0.003031/0.376409/0.270677/0.447535/0.096964/0.228372/0.279484/0.478613/0.266163/0.149701/0.38753/0.36744/0.308123/0.307645/0.289266/0.302137/0.278527/0.419632/0.534315/0.362113/0.692881/0.418255/0.455549/0.115381/0.399005/0.392599/0.735176/0.0;0.075432/0.0539/0.051746/0.050343/0.050074/0.04968/0.049546/0.047412;0.870447/0.699316/0.480296/0.467062/0.421497/0.376409/0.374898/0.372919;3.962348258312918,0.8339885646398719,-1.007793362480925,-0.2184625022447242,1.5379335089084878,-1.2219682106178884,2.086643429391695,0.3990205524591274,0.7373856257481506,1.0031905822232812,-0.9170014086173379,-0.33301527269660747,-0.06658958552078464,-0.7441993918064447,-1.7580419581499847,-1.0709039252833055,-0.13633235006261368,1.0671874518563818,1.416036010040315,-0.6764373579911961,-0.2528779273230124,1.3864902327515567,0.7124389429934609,-0.9134811966593819,0.3126317086033736,-1.9008880944614903,-2.1061867267013232,1.5131046708525724,-2.3973883765155226,-2.3075623322269703,-1.0309901352510602,-1.3807585547892005,-0.7927658302926817,1.8324112437069218,-2.0212897106163914,0.331815038322927,-0.736575562543405,1.6872952076183398,0.03438295917628417,0.5946222219955912,0.11178981004178723,0.692489770862007,-0.09038918989431771,-0.606886238434369,-0.46209764504059364,-0.42221745297613755,0.5063538220682972,1.5681129390097743,0.013499993124852089,0.34068565460125017,-0.8915367697414908,0.1786107731238437,-1.2846452336563858,0.5293864074800793,-2.5468149827751407,-0.7824093689987637,0.8329464259317579,1.7082185787293795,-2.476167995979677,1.041681924654354,0.08063287253346466,-2.0299094422822788,-0.939714893149719,-0.18914089737186826,0.9099712287743175,2.1049416198062456,0.5903387781059164,0.18602790852412465,0.0854971117344111,0.12282087252184085,1.7418879508129845,3.3859857531984097,1.6983552639033075,-0.10154510393714372,-3.3244806189269824,0.7687531498359867,-1.6848216935513642,1.143928385066737,0.3263817179705776,-0.9152986357626633,0.5772500589811952,2.931823907634211,-1.7857715708612139,-1.1335627355323095,-2.2465359582079905,-1.2191013640188155,1.5003515610029745,2.584722186912842,0.3017153957988893,-0.8587770921200077,-0.7945476213599855,0.39132328602899025,-0.5205334053213101,-2.159059439545565,-2.2765947275779777,1.2067226317256237,-0.5804265724323426,-0.33935830296672576,-1.7946001234243,0.0030900835754571615,-0.026472235899217628,-0.2821399339197717,-0.6410193333275724,1.3417567746953152,-0.9309624072823499,-1.6260781611314261,-0.6820815803750979,-1.7174767748909223,0.06401366616456539,-1.1495324016863508,-0.9163725745183509,0.9392985001092633,-3.9513778266017074,-2.8201124160381625,0.23506350229761397,1.1387226370327865,-3.1016708053935154,3.298505927969922,0.7766160888724718,0.10264872521571566,-0.20715516305068077,-1.273809416597154,-0.6002019478551751,1.4031579019546652,1.9029536816220445,-1.6360852959255465,-0.376977191392729,-0.5109650585774372,0.17302844324286124,-2.2171353285480344,0.7725678136485881,-0.33906538130969455,0.39022272738644076,1.4188424724732354,0.127492568140596,-0.5553945032705838,-1.945879927611846,-0.27144054610888757,0.5726981221854851,-1.30328968050792,-0.23133929678812926,-1.2075304087812415,-0.4070849449662902,0.6211555251563001,0.9006091058868869,0.371954948120803,2.9572989873489886,0.2463547675475711,0.36937298007688835,-1.4189899371993233,-0.007316571290008678,-0.015807857067996922,0.1535014596130742,-0.08618296526915417,-2.404695951179009,-1.9490406263211573,-0.8489746980400449,-1.625848979449617;3.4808065776743202,0.8723372919804471,-0.4293885430846588,1.6128651979442328,0.8318245037690412,-1.2453068219403038,2.0560628672339445,-0.4866284179142582,-0.7133791044129464,0.8010172661180419,1.4424108573847378,-0.6103551075070955,-0.33607871592092176,-0.5521695245585503,-2.7977532815928297,-0.9489672034263006,-2.1090291179007346,1.3862290758476772,1.532797521543101,0.12739393906015883,-1.3017290374098225,0.9413449165405718,2.1919640940881613,-0.9988376871432829,-0.9115548171311805,-0.8819451844821791,-0.8948716360537634,0.7359859480473583,-1.5282052389177028,-2.116501696541168,-0.10224040750268937,0.09096539428520323,-1.9511964654913818,0.9063667163114919,-0.3830722727934296,0.39087216407308617,-0.09551086209198983,0.07690072671678563,-2.144346315606136,0.7592810526736657,0.29987936221110745,0.6841510046985967,0.9757755996708546,-1.7063235568486457,-1.3183123260116705,0.2633782406049863,0.7085895783107468,0.5707101606332952,-0.28681229405074504,-1.1778461179397661,0.4937736947171985,0.9726388243685711,-1.0831866479660615,-0.2841487424073051,-1.7310396008811508,0.5148383782141979,2.1244127611160812,0.8191727403948448,-2.0575899096911034,1.652299783069465,-0.1742536578452664,-1.397142366975874,0.4386134895796823,0.5543735539674428,0.9206246507358162,1.739202297871384,1.984850583755654,-0.8791051450211873,-1.1353619629367668,-0.9865315127971894,0.4147591393272914,2.5052064922767885,0.9333584837796104,0.14839077568167225,-3.665872786919659,1.1595270831190352,-1.8995521773218804,1.6791254526106865,0.8369622308569841,-0.2787848019463761,-0.35232972795107964,1.5303121657301522,-1.0852627657914886,-1.097556802939968,-2.2410361277878104,0.30309142568239106,1.766974713357016,1.4101536994115342,1.6901863993420951,-1.66844628371785,-3.1185637045974692,-0.07150675433025971,-0.29102217953127785,-2.468022185728434,-2.209678430291211,0.5595790499900356,-0.4106524460931102,-1.1650189015083812,-2.414348030627518,0.48596529667899124,-1.7389824383905492,-0.130119524374894,-0.673523220388486,1.036760224464647,-1.5078116966889867,-2.38030231596883,1.7315177337150025,-0.4158392307493001,1.197024085641991,-2.6359819441903043,-1.5029172256508878,-0.62341844668839,-1.7763310825202934,-2.1838903735046222,2.5438394435997687,-1.115223010031041,-1.6939649215478008,3.106131119206164,0.5461515206340716,0.8305627840175557,-0.2820627484522819,1.4527155113088093,1.8397980495908186,-0.79069820211579,1.3183284360356766,-2.0791958202943137,-0.05596644222363596,-0.5543298899183197,0.5039581261403177,-2.12557653857707,-0.5140396887876956,-1.2005417486665866,0.6160799490103331,0.8500832562407705,-1.7105345194567676,-0.573799697463271,-0.45887724737028646,-0.42630540311469145,0.28243380563304055,-0.33833115597464386,-0.5953100586126833,-1.874630652437709,-1.5670740907654928,0.6620831833619711,0.7959972645297522,-0.66012443648237,3.3983162667910882,-0.5593194951991675,-0.049495828510796855,-1.815687655577179,0.04898795334449846,-1.9244571187924735,2.342469956025628,-0.5267219926347473,-0.8791652150709732,-0.7788196078283778,-0.690777679366964,-0.6739376972334357
3;184;99562.01744174957;3877;5342;0.047412;0.372919;0.048803/0.136727/0.09831/0.049126/0.051755/0.0732/0.098791/0.090501/0.134462/0.054506/0.082967/0.075432/0.12735/0.051746/0.076651/0.123068/0.051019/0.065789/0.04891/0.079944/0.075787/0.047412/0.074626/0.102207/0.050343/0.049265/0.067338/0.054346/0.054822/0.050124/0.157951/0.049959/0.050228/0.096244/0.052933/0.054969/0.052684/0.049546/0.069622/0.0539/0.05177/0.049137/0.049584/0.048892/0.05161/0.081742/0.133857/0.049327/0.0987/0.053093/0.048719/0.050074/0.052419/0.050674/0.108741/0.087798/0.073784/0.052548/0.065428/0.074388/0.051291/0.052207/0.049771/0.049398/0.05307/0.048246/0.051838/0.048653/0.077541/0.051404/0.048832/0.123112/0.048038/0.04968/0.050821/0.053494/0.049725/0.048072/0.050886/0.108106/0.04913/0.04934/0.056974/0.04894/0.052052/0.052727/0.049648/0.049255/0.049645/0.065442/0.058229/0.050768/0.09997/0.052102/0.080385/0.050429/0.057741/0.05064/0.092893/0.049207;0.0/0.580559/0.652556/0.0/0.435754/0.504203/0.509912/0.60153/0.516988/0.583256/0.506995/0.870447/0.709778/0.480296/0.431967/0.575989/0.394243/0.558212/4.8e-05/0.594109/0.545694/0.372919/0.411246/0.514062/0.467062/0.224576/0.425541/0.385561/0.399206/0.327774/0.756873/0.114683/0.221573/0.473402/0.323911/0.418178/0.416333/0.374898/0.458781/0.699316/0.361377/0.305302/0.035907/0.0/0.425628/0.44306/0.554243/0.036481/0.447421/0.362859/0.22121/0.421497/0.31431/0.3246/0.512082/0.51934/0.444188/0.376935/0.468439/0.444236/0.34514/0.297385/0.179594/0.249515/0.383323/0.0/0.319417/0.1965/0.680574/0.432828/0.183027/0.808099/0.003031/0.376409/0.270677/0.447535/0.096964/0.228372/0.279484/0.478613/0.266163/0.149701/0.38753/0.36744/0.308123/0.307645/0.289266/0.302137/0.278527/0.419632/0.534315/0.362113/0.692881/0.418255/0.455549/0.115381/0.399005/0.392599/0.735176/0.0;0.075432/0.0539/0.051746/0.050343/0.050074/0.04968/0.049546/0.047412;0.870447/0.699316/0.480296/0.467062/0.421497/0.376409/0.374898/0.372919;3.962348258312918,0.8339885646398719,-1.007793362480925,-0.2184625022447242,1.5379335089084878,-1.2219682106178884,2.086643429391695,0.3990205524591274,0.7373856257481506,1.0031905822232812,-0.9170014086173379,-0.33301527269660747,-0.06658958552078464,-0.7441993918064447,-1.7580419581499847,-1.0709039252833055,-0.13633235006261368,1.0671874518563818,1.416036010040315,-0.6764373579911961,-0.2528779273230124,1.3864902327515567,0.7124389429934609,-0.9134811966593819,0.3126317086033736,-1.9008880944614903,-2.1061867267013232,1.5131046708525724,-2.3973883765155226,-2.3075623322269703,-1.0309901352510602,-1.3807585547892005,-0.7927658302926817,1.8324112437069218,-2.0212897106163914,0.331815038322927,-0.736575562543405,1.6872952076183398,0.03438295917628417,0.5946222219955912,0.11178981004178723,0.692489770862007,-0.09038918989431771,-0.606886238434369,-0.46209764504059364,-0.42221745297613755,0.5063538220682972,1.5681129390097743,0.013499993124852089,0.34068565460125017,-0.8915367697414908,0.1786107731238437,-1.2846452336563858,0.5293864074800793,-2.5468149827751407,-0.7824093689987637,0.8329464259317579,1.7082185787293795,-2.476167995979677,1.041681924654354,0.08063287253346466,-2.0299094422822788,-0.939714893149719,-0.18914089737186826,0.9099712287743175,2.1049416198062456,0.5903387781059164,0.18602790852412465,0.0854971117344111,0.12282087252184085,1.7418879508129845,3.3859857531984097,1.6983552639033075,-0.10154510393714372,-3.3244806189269824,0.7687531498359867,-1.6848216935513642,1.143928385066737,0.3263817179705776,-0.9152986357626633,0.5772500589811952,2.931823907634211,-1.7857715708612139,-1.1335627355323095,-2.2465359582079905,-1.2191013640188155,1.5003515610029745,2.584722186912842,0.3017153957988893,-0.8587770921200077,-0.7945476213599855,0.39132328602899025,-0.5205334053213101,-2.159059439545565,-2.2765947275779777,1.2067226317256237,-0.5804265724323426,-0.33935830296672576,-1.7946001234243,0.0030900835754571615,-0.026472235899217628,-0.2821399339197717,-0.6410193333275724,1.3417567746953152,-0.9309624072823499,-1.6260781611314261,-0.6820815803750979,-1.7174767748909223,0.06401366616456539,-1.1495324016863508,-0.9163725745183509,0.9392985001092633,-3.9513778266017074,-2.8201124160381625,0.23506350229761397,1.1387226370327865,-3.1016708053935154,3.298505927969922,0.7766160888724718,0.10264872521571566,-0.20715516305068077,-1.273809416597154,-0.6002019478551751,1.4031579019546652,1.9029536816220445,-1.6360852959255465,-0.376977191392729,-0.5109650585774372,0.17302844324286124,-2.2171353285480344,0.7725678136485881,-0.33906538130969455,0.39022272738644076,1.4188424724732354,0.127492568140596,-0.5553945032705838,-1.945879927611846,-0.27144054610888757,0.5726981221854851,-1.30328968050792,-0.23133929678812926,-1.2075304087812415,-0.4070849449662902,0.6211555251563001,0.9006091058868869,0.371954948120803,2.9572989873489886,0.2463547675475711,0.36937298007688835,-1.4189899371993233,-0.007316571290008678,-0.015807857067996922,0.1535014596130742,-0.08618296526915417,-2.404695951179009,-1.9490406263211573,-0.8489746980400449,-1.625848979449617;3.4808065776743202,0.8723372919804471,-0.4293885430846588,1.6128651979442328,0.8318245037690412,-1.2453068219403038,2.0560628672339445,-0.4866284179142582,-0.7133791044129464,0.8010172661180419,1.4424108573847378,-0.6103551075070955,-0.33607871592092176,-0.5521695245585503,-2.7977532815928297,-0.9489672034263006,-2.1090291179007346,1.3862290758476772,1.532797521543101,0.12739393906015883,-1.3017290374098225,0.9413449165405718,2.1919640940881613,-0.9988376871432829,-0.9115548171311805,-0.8819451844821791,-0.8948716360537634,0.7359859480473583,-1.5282052389177028,-2.116501696541168,-0.10224040750268937,0.09096539428520323,-1.9511964654913818,0.9063667163114919,-0.3830722727934296,0.39087216407308617,-0.09551086209198983,0.07690072671678563,-2.144346315606136,0.7592810526736657,0.29987936221110745,0.6841510046985967,0.9757755996708546,-1.7063235568486457,-1.3183123260116705,0.2633782406049863,0.7085895783107468,0.5707101606332952,-0.28681229405074504,-1.1778461179397661,0.4937736947171985,0.9726388243685711,-1.0831866479660615,-0.2841487424073051,-1.7310396008811508,0.5148383782141979,2.1244127611160812,0.8191727403948448,-2.0575899096911034,1.652299783069465,-0.1742536578452664,-1.397142366975874,0.4386134895796823,0.5543735539674428,0.9206246507358162,1.739202297871384,1.984850583755654,-0.8791051450211873,-1.1353619629367668,-0.9865315127971894,0.4147591393272914,2.5052064922767885,0.9333584837796104,0.14839077568167225,-3.665872786919659,1.1595270831190352,-1.8995521773218804,1.6791254526106865,0.8369622308569841,-0.2787848019463761,-0.35232972795107964,1.5303121657301522,-1.0852627657914886,-1.097556802939968,-2.2410361277878104,0.30309142568239106,1.766974713357016,1.4101536994115342,1.6901863993420951,-1.66844628371785,-3.1185637045974692,-0.07150675433025971,-0.29102217953127785,-2.468022185728434,-2.209678430291211,0.5595790499900356,-0.4106524460931102,-1.1650189015083812,-2.414348030627518,0.48596529667899124,-1.7389824383905492,-0.130119524374894,-0.673523220388486,1.036760224464647,-1.5078116966889867,-2.38030231596883,1.7315177337150025,-0.4158392307493001,1.197024085641991,-2.6359819441903043,-1.5029172256508878,-0.62341844668839,-1.7763310825202934,-2.1838903735046222,2.5438394435997687,-1.115223010031041,-1.6939649215478008,3.106131119206164,0.5461515206340716,0.8305627840175557,-0.2820627484522819,1.4527155113088093,1.8397980495908186,-0.79069820211579,1.3183284360356766,-2.0791958202943137,-0.05596644222363596,-0.5543298899183197,0.5039581261403177,-2.12557653857707,-0.5140396887876956,-1.2005417486665866,0.6160799490103331,0.8500832562407705,-1.7105345194567676,-0.573799697463271,-0.45887724737028646,-0.42630540311469145,0.28243380563304055,-0.33833115597464386,-0.5953100586126833,-1.874630652437709,-1.5670740907654928,0.6620831833619711,0.7959972645297522,-0.66012443648237,3.3983162667910882,-0.5593194951991675,-0.049495828510796855,-1.815687655577179,0.04898795334449846,-1.9244571187924735,2.342469956025628,-0.5267219926347473,-0.8791652150709732,-0.7788196078283778,-0.690777679366964,-0.6739376972334357
3;185;100119.1059422493;3877;5342;0.047412;0.372919;0.048803/0.136727/0.09831/0.049126/0.051755/0.0732/0.098791/0.090501/0.134462/0.054506/0.082967/0.075432/0.12735/0.051746/0.076651/0.123068/0.051019/0.065789/0.04891/0.079944/0.075787/0.047412/0.074626/0.102207/0.050343/0.049265/0.067338/0.054346/0.054822/0.050124/0.157951/0.049959/0.050228/0.096244/0.052933/0.054969/0.052684/0.049546/0.069622/0.0539/0.05177/0.049137/0.049584/0.048892/0.05161/0.081742/0.133857/0.049327/0.0987/0.053093/0.048719/0.050074/0.052419/0.050674/0.108741/0.087798/0.073784/0.052548/0.065428/0.074388/0.051291/0.052207/0.049771/0.049398/0.05307/0.048246/0.051838/0.048653/0.077541/0.051404/0.048832/0.123112/0.048038/0.04968/0.050821/0.053494/0.049725/0.048072/0.050886/0.108106/0.04913/0.04934/0.056974/0.04894/0.052052/0.052727/0.049648/0.049255/0.049645/0.065442/0.058229/0.050768/0.09997/0.052102/0.080385/0.057741/0.05064/0.092893/0.049207/0.049344;0.0/0.580559/0.652556/0.0/0.435754/0.504203/0.509912/0.60153/0.516988/0.583256/0.506995/0.870447/0.709778/0.480296/0.431967/0.575989/0.394243/0.558212/4.8e-05/0.594109/0.545694/0.372919/0.411246/0.514062/0.467062/0.224576/0.425541/0.385561/0.399206/0.327774/0.756873/0.114683/0.221573/0.473402/0.323911/0.418178/0.416333/0.374898/0.458781/0.699316/0.361377/0.305302/0.035907/0.0/0.425628/0.44306/0.554243/0.036481/0.447421/0.362859/0.22121/0.421497/0.31431/0.3246/0.512082/0.51934/0.444188/0.376935/0.468439/0.444236/0.34514/0.297385/0.179594/0.249515/0.383323/0.0/0.319417/0.1965/0.680574/0.432828/0.183027/0.808099/0.003031/0.376409/0.270677/0.447535/0.096964/0.228372/0.279484/0.478613/0.266163/0.149701/0.38753/0.36744/0.308123/0.307645/0.289266/0.302137/0.278527/0.419632/0.534315/0.362113/0.692881/0.418255/0.455549/0.399005/0.392599/0.735176/0.0/0.017968;0.075432/0.0539/0.051746/0.050343/0.050074/0.04968/0.049546/0.047412;0.870447/0.699316/0.480296/0.467062/0.421497/0.376409/0.374898/0.372919;3.962348258312918,0.8339885646398719,-1.007793362480925,-0.2184625022447242,1.5379335089084878,-1.2219682106178884,2.086643429391695,0.3990205524591274,0.7373856257481506,1.0031905822232812,-0.9170014086173379,-0.33301527269660747,-0.06658958552078464,-0.7441993918064447,-1.7580419581499847,-1.0709039252833055,-0.13633235006261368,1.0671874518563818,1.416036010040315,-0.6764373579911961,-0.2528779273230124,1.3864902327515567,0.7124389429934609,-0.9134811966593819,0.3126317086033736,-1.9008880944614903,-2.1061867267013232,1.5131046708525724,-2.3973883765155226,-2.3075623322269703,-1.0309901352510602,-1.3807585547892005,-0.7927658302926817,1.8324112437069218,-2.0212897106163914,0.331815038322927,-0.736575562543405,1.6872952076183398,0.03438295917628417,0.5946222219955912,0.11178981004178723,0.692489770862007,-0.09038918989431771,-0.606886238434369,-0.46209764504059364,-0.42221745297613755,0.5063538220682972,1.5681129390097743,0.013499993124852089,0.34068565460125017,-0.8915367697414908,0.1786107731238437,-1.2846452336563858,0.5293864074800793,-2.5468149827751407,-0.7824093689987637,0.8329464259317579,1.7082185787293795,-2.476167995979677,1.041681924654354,0.08063287253346466,-2.0299094422822788,-0.939714893149719,-0.18914089737186826,0.9099712287743175,2.1049416198062456,0.5903387781059164,0.18602790852412465,0.0854971117344111,0.12282087252184085,1.7418879508129845,3.3859857531984097,1.6983552639033075,-0.10154510393714372,-3.3244806189269824,0.7687531498359867,-1.6848216935513642,1.143928385066737,0.3263817179705776,-0.9152986357626633,0.5772500589811952,2.931823907634211,-1.7857715708612139,-1.1335627355323095,-2.2465359582079905,-1.2191013640188155,1.5003515610029745,2.584722186912842,0.3017153957988893,-0.8587770921200077,-0.7945476213599855,0.39132328602899025,-0.5205334053213101,-2.159059439545565,-2.2765947275779777,1.2067226317256237,-0.5804265724323426,-0.33935830296672576,-1.7946001234243,0.0030900835754571615,-0.026472235899217628,-0.2821399339197717,-0.6410193333275724,1.3417567746953152,-0.9309624072823499,-1.6260781611314261,-0.6820815803750979,-1.7174767748909223,0.06401366616456539,-1.1495324016863508,-0.9163725745183509,0.9392985001092633,-3.9513778266017074,-2.8201124160381625,0.23506350229761397,1.1387226370327865,-3.1016708053935154,3.298505927969922,0.7766160888724718,0.10264872521571566,-0.20715516305068077,-1.273809416597154,-0.6002019478551751,1.4031579019546652,1.9029536816220445,-1.6360852959255465,-0.376977191392729,-0.5109650585774372,0.17302844324286124,-2.2171353285480344,0.7725678136485881,-0.33906538130969455,0.39022272738644076,1.4188424724732354,0.127492568140596,-0.5553945032705838,-1.945879927611846,-0.27144054610888757,0.5726981221854851,-1.30328968050792,-0.23133929678812926,-1.2075304087812415,-0.4070849449662902,0.6211555251563001,0.9006091058868869,0.371954948120803,2.9572989873489886,0.2463547675475711,0.36937298007688835,-1.4189899371993233,-0.007316571290008678,-0.015807857067996922,0.1535014596130742,-0.08618296526915417,-2.404695951179009,-1.9490406263211573,-0.8489746980400449,-1.625848979449617;3.4808065776743202,0.8723372919804471,-0.4293885430846588,1.6128651979442328,0.8318245037690412,-1.2453068219403038,2.0560628672339445,-0.4866284179142582,-0.7133791044129464,0.8010172661180419,1.4424108573847378,-0.6103551075070955,-0.33607871592092176,-0.5521695245585503,-2.7977532815928297,-0.9489672034263006,-2.1090291179007346,1.3862290758476772,1.532797521543101,0.12739393906015883,-1.3017290374098225,0.9413449165405718,2.1919640940881613,-0.9988376871432829,-0.9115548171311805,-0.8819451844821791,-0.8948716360537634,0.7359859480473583,-1.5282052389177028,-2.116501696541168,-0.10224040750268937,0.09096539428520323,-1.9511964654913818,0.9063667163114919,-0.3830722727934296,0.39087216407308617,-0.09551086209198983,0.07690072671678563,-2.144346315606136,0.7592810526736657,0.29987936221110745,0.6841510046985967,0.9757755996708546,-1.7063235568486457,-1.3183123260116705,0.2633782406049863,0.7085895783107468,0.5707101606332952,-0.28681229405074504,-1.1778461179397661,0.4937736947171985,0.9726388243685711,-1.0831866479660615,-0.2841487424073051,-1.7310396008811508,0.5148383782141979,2.1244127611160812,0.8191727403948448,-2.0575899096911034,1.652299783069465,-0.1742536578452664,-1.397142366975874,0.4386134895796823,0.5543735539674428,0.9206246507358162,1.739202297871384,1.984850583755654,-0.8791051450211873,-1.1353619629367668,-0.9865315127971894,0.4147591393272914,2.5052064922767885,0.9333584837796104,0.14839077568167225,-3.665872786919659,1.1595270831190352,-1.8995521773218804,1.6791254526106865,0.8369622308569841,-0.2787848019463761,-0.35232972795107964,1.5303121657301522,-1.0852627657914886,-1.097556802939968,-2.2410361277878104,0.30309142568239106,1.766974713357016,1.4101536994115342,1.6901863993420951,-1.66844628371785,-3.1185637045974692,-0.07150675433025971,-0.29102217953127785,-2.468022185728434,-2.209678430291211,0.5595790499900356,-0.4106524460931102,-1.1650189015083812,-2.414348030627518,0.48596529667899124,-1.7389824383905492,-0.130119524374894,-0.673523220388486,1.036760224464647,-1.5078116966889867,-2.38030231596883,1.7315177337150025,-0.4158392307493001,1.197024085641991,-2.6359819441903043,-1.5029172256508878,-0.62341844668839,-1.7763310825202934,-2.1838903735046222,2.5438394435997687,-1.115223010031041,-1.6939649215478008,3.106131119206164,0.5461515206340716,0.8305627840175557,-0.2820627484522819,1.4527155113088093,1.8397980495908186,-0.79069820211579,1.3183284360356766,-2.0791958202943137,-0.05596644222363596,-0.5543298899183197,0.5039581261403177,-2.12557653857707,-0.5140396887876956,-1.2005417486665866,0.6160799490103331,0.8500832562407705,-1.7105345194567676,-0.573799697463271,-0.45887724737028646,-0.42630540311469145,0.28243380563304055,-0.33833115597464386,-0.5953100586126833,-1.874630652437709,-1.5670740907654928,0.6620831833619711,0.7959972645297522,-0.66012443648237,3.3983162667910882,-0.5593194951991675,-0.049495828510796855,-1.815687655577179,0.04898795334449846,-1.9244571187924735,2.342469956025628,-0.5267219926347473,-0.8791652150709732,-0.7788196078283778,-0.690777679366964,-0.6739376972334357
3;186;100669.598954916;3877;5342;0.047412;0.372919;0.048803/0.136727/0.09831/0.049126/0.051755/0.0732/0.098791/0.090501/0.134462/0.054506/0.082967/0.075432/0.12735/0.051746/0.076651/0.123068/0.051019/0.065789/0.04891/0.079944/0.075787/0.047412/0.074626/0.102207/0.050343/0.049265/0.067338/0.054346/0.054822/0.050124/0.157951/0.050228/0.096244/0.052933/0.054969/0.052684/0.049546/0.069622/0.0539/0.05177/0.049137/0.049584/0.048892/0.05161/0.081742/0.133857/0.049327/0.0987/0.048719/0.050074/0.052419/0.050674/0.108741/0.087798/0.073784/0.052548/0.065428/0.074388/0.051291/0.052207/0.049771/0.049398/0.05307/0.048246/0.051838/0.048653/0.077541/0.051404/0.048832/0.123112/0.048038/0.04968/0.050821/0.053494/0.049725/0.048072/0.050886/0.108106/0.04913/0.04934/0.056974/0.04894/0.052052/0.052727/0.049648/0.049255/0.049645/0.065442/0.058229/0.050768/0.09997/0.052102/0.080385/0.057741/0.05064/0.092893/0.049207/0.049344/0.047861/0.098705;0.0/0.580559/0.652556/0.0/0.435754/0.504203/0.509912/0.60153/0.516988/0.583256/0.506995/0.870447/0.709778/0.480296/0.431967/0.575989/0.394243/0.558212/4.8e-05/0.594109/0.545694/0.372919/0.411246/0.514062/0.467062/0.224576/0.425541/0.385561/0.399206/0.327774/0.756873/0.221573/0.473402/0.323911/0.418178/0.416333/0.374898/0.458781/0.699316/0.361377/0.305302/0.035907/0.0/0.425628/0.44306/0.554243/0.036481/0.447421/0.22121/0.421497/0.31431/0.3246/0.512082/0.51934/0.444188/0.376935/0.468439/0.444236/0.34514/0.297385/0.179594/0.249515/0.383323/0.0/0.319417/0.1965/0.680574/0.432828/0.183027/0.808099/0.003031/0.376409/0.270677/0.447535/0.096964/0.228372/0.279484/0.478613/0.266163/0.149701/0.38753/0.36744/0.308123/0.307645/0.289266/0.302137/0.278527/0.419632/0.534315/0.362113/0.692881/0.418255/0.455549/0.399005/0.392599/0.735176/0.0/0.017968/0.0/0.468735;0.075432/0.0539/0.051746/0.050343/0.050074/0.04968/0.049546/0.047412;0.870447/0.699316/0.480296/0.467062/0.421497/0.376409/0.374898/0.372919;3.962348258312918,0.8339885646398719,-1.007793362480925,-0.2184625022447242,1.5379335089084878,-1.2219682106178884,2.086643429391695,0.3990205524591274,0.7373856257481506,1.0031905822232812,-0.9170014086173379,-0.33301527269660747,-0.06658958552078464,-0.7441993918064447,-1.7580419581499847,-1.0709039252833055,-0.13633235006261368,1.0671874518563818,1.416036010040315,-0.6764373579911961,-0.2528779273230124,1.3864902327515567,0.7124389429934609,-0.9134811966593819,0.3126317086033736,-1.9008880944614903,-2.1061867267013232,1.5131046708525724,-2.3973883765155226,-2.3075623322269703,-1.0309901352510602,-1.3807585547892005,-0.7927658302926817,1.8324112437069218,-2.0212897106163914,0.331815038322927,-0.736575562543405,1.6872952076183398,0.03438295917628417,0.5946222219955912,0.11178981004178723,0.692489770862007,-0.09038918989431771,-0.606886238434369,-0.46209764504059364,-0.42221745297613755,0.5063538220682972,1.5681129390097743,0.013499993124852089,0.34068565460125017,-0.8915367697414908,0.1786107731238437,-1.2846452336563858,0.5293864074800793,-2.5468149827751407,-0.7824093689987637,0.8329464259317579,1.7082185787293795,-2.476167995979677,1.041681924654354,0.08063287253346466,-2.0299094422822788,-0.939714893149719,-0.18914089737186826,0.9099712287743175,2.1049416198062456,0.5903387781059164,0.18602790852412465,0.0854971117344111,0.12282087252184085,1.7418879508129845,3.3859857531984097,1.6983552639033075,-0.10154510393714372,-3.3244806189269824,0.7687531498359867,-1.6848216935513642,1.143928385066737,0.3263817179705776,-0.9152986357626633,0.5772500589811952,2.931823907634211,-1.7857715708612139,-1.1335627355323095,-2.2465359582079905,-1.2191013640188155,1.5003515610029745,2.584722186912842,0.3017153957988893,-0.8587770921200077,-0.7945476213599855,0.39132328602899025,-0.5205334053213101,-2.159059439545565,-2.2765947275779777,1.2067226317256237,-0.5804265724323426,-0.33935830296672576,-1.7946001234243,0.0030900835754571615,-0.026472235899217628,-0.2821399339197717,-0.6410193333275724,1.3417567746953152,-0.9309624072823499,-1.6260781611314261,-0.6820815803750979,-1.7174767748909223,0.06401366616456539,-1.1495324016863508,-0.9163725745183509,0.9392985001092633,-3.9513778266017074,-2.8201124160381625,0.23506350229761397,1.1387226370327865,-3.1016708053935154,3.298505927969922,0.7766160888724718,0.10264872521571566,-0.20715516305068077,-1.273809416597154,-0.6002019478551751,1.4031579019546652,1.9029536816220445,-1.6360852959255465,-0.376977191392729,-0.5109650585774372,0.17302844324286124,-2.2171353285480344,0.7725678136485881,-0.33906538130969455,0.39022272738644076,1.4188424724732354,0.127492568140596,-0.5553945032705838,-1.945879927611846,-0.27144054610888757,0.5726981221854851,-1.30328968050792,-0.23133929678812926,-1.2075304087812415,-0.4070849449662902,0.6211555251563001,0.9006091058868869,0.371954948120803,2.9572989873489886,0.2463547675475711,0.36937298007688835,-1.4189899371993233,-0.007316571290008678,-0.015807857067996922,0.1535014596130742,-0.08618296526915417,-2.404695951179009,-1.9490406263211573,-0.8489746980400449,-1.625848979449617;3.4808065776743202,0.8723372919804471,-0.4293885430846588,1.6128651979442328,0.8318245037690412,-1.2453068219403038,2.0560628672339445,-0.4866284179142582,-0.7133791044129464,0.8010172661180419,1.4424108573847378,-0.6103551075070955,-0.33607871592092176,-0.5521695245585503,-2.7977532815928297,-0.9489672034263006,-2.1090291179007346,1.3862290758476772,1.532797521543101,0.12739393906015883,-1.3017290374098225,0.9413449165405718,2.1919640940881613,-0.9988376871432829,-0.9115548171311805,-0.8819451844821791,-0.8948716360537634,0.7359859480473583,-1.5282052389177028,-2.116501696541168,-0.10224040750268937,0.09096539428520323,-1.9511964654913818,0.9063667163114919,-0.3830722727934296,0.39087216407308617,-0.09551086209198983,0.07690072671678563,-2.144346315606136,0.7592810526736657,0.29987936221110745,0.6841510046985967,0.9757755996708546,-1.7063235568486457,-1.3183123260116705,0.2633782406049863,0.7085895783107468,0.5707101606332952,-0.28681229405074504,-1.1778461179397661,0.4937736947171985,0.9726388243685711,-1.0831866479660615,-0.2841487424073051,-1.7310396008811508,0.5148383782141979,2.1244127611160812,0.8191727403948448,-2.0575899096911034,1.652299783069465,-0.1742536578452664,-1.397142366975874,0.4386134895796823,0.5543735539674428,0.9206246507358162,1.739202297871384,1.984850583755654,-0.8791051450211873,-1.1353619629367668,-0.9865315127971894,0.4147591393272914,2.5052064922767885,0.9333584837796104,0.14839077568167225,-3.665872786919659,1.1595270831190352,-1.8995521773218804,1.6791254526106865,0.8369622308569841,-0.2787848019463761,-0.35232972795107964,1.5303121657301522,-1.0852627657914886,-1.097556802939968,-2.2410361277878104,0.30309142568239106,1.766974713357016,1.4101536994115342,1.6901863993420951,-1.66844628371785,-3.1185637045974692,-0.07150675433025971,-0.29102217953127785,-2.468022185728434,-2.209678430291211,0.5595790499900356,-0.4106524460931102,-1.1650189015083812,-2.414348030627518,0.48596529667899124,-1.7389824383905492,-0.130119524374894,-0.673523220388486,1.036760224464647,-1.5078116966889867,-2.38030231596883,1.7315177337150025,-0.4158392307493001,1.197024085641991,-2.6359819441903043,-1.5029172256508878,-0.62341844668839,-1.7763310825202934,-2.1838903735046222,2.5438394435997687,-1.115223010031041,-1.6939649215478008,3.106131119206164,0.5461515206340716,0.8305627840175557,-0.2820627484522819,1.4527155113088093,1.8397980495908186,-0.79069820211579,1.3183284360356766,-2.0791958202943137,-0.05596644222363596,-0.5543298899183197,0.5039581261403177,-2.12557653857707,-0.5140396887876956,-1.2005417486665866,0.6160799490103331,0.8500832562407705,-1.7105345194567676,-0.573799697463271,-0.45887724737028646,-0.42630540311469145,0.28243380563304055,-0.33833115597464386,-0.5953100586126833,-1.874630652437709,-1.5670740907654928,0.6620831833619711,0.7959972645297522,-0.66012443648237,3.3983162667910882,-0.5593194951991675,-0.049495828510796855,-1.815687655577179,0.04898795334449846,-1.9244571187924735,2.342469956025628,-0.5267219926347473,-0.8791652150709732,-0.7788196078283778,-0.690777679366964,-0.6739376972334357
3;187;101213.38981890678;3877;5342;0.047412;0.372919;0.048803/0.136727/0.09831/0.049126/0.051755/0.0732/0.098791/0.090501/0.134462/0.054506/0.082967/0.075432/0.12735/0.051746/0.076651/0.123068/0.051019/0.065789/0.04891/0.079944/0.075787/0.047412/0.074626/0.102207/0.050343/0.049265/0.067338/0.054346/0.054822/0.050124/0.157951/0.050228/0.096244/0.052933/0.054969/0.052684/0.049546/0.069622/0.0539/0.05177/0.049137/0.049584/0.048892/0.05161/0.081742/0.133857/0.049327/0.0987/0.048719/0.050074/0.052419/0.050674/0.108741/0.087798/0.073784/0.052548/0.065428/0.074388/0.051291/0.052207/0.049771/0.049398/0.05307/0.048246/0.051838/0.048653/0.077541/0.051404/0.048832/0.123112/0.048038/0.04968/0.050821/0.053494/0.049725/0.048072/0.050886/0.108106/0.04913/0.04934/0.04894/0.052052/0.052727/0.049648/0.049255/0.049645/0.065442/0.058229/0.050768/0.09997/0.052102/0.080385/0.05064/0.092893/0.049344/0.047861/0.098705/0.054796/0.055117/0.048114;0.0/0.580559/0.652556/0.0/0.435754/0.504203/0.509912/0.60153/0.516988/0.583256/0.506995/0.870447/0.709778/0.480296/0.431967/0.575989/0.394243/0.558212/4.8e-05/0.594109/0.545694/0.372919/0.411246/0.514062/0.467062/0.224576/0.425541/0.385561/0.399206/0.327774/0.756873/0.221573/0.473402/0.323911/0.418178/0.416333/0.374898/0.458781/0.699316/0.361377/0.305302/0.035907/0.0/0.425628/0.44306/0.554243/0.036481/0.447421/0.22121/0.421497/0.31431/0.3246/0.512082/0.51934/0.444188/0.376935/0.468439/0.444236/0.34514/0.297385/0.179594/0.249515/0.383323/0.0/0.319417/0.1965/0.680574/0.432828/0.183027/0.808099/0.003031/0.376409/0.270677/0.447535/0.096964/0.228372/0.279484/0.478613/0.266163/0.149701/0.36744/0.308123/0.307645/0.289266/0.302137/0.278527/0.419632/0.534315/0.362113/0.692881/0.418255/0.455549/0.392599/0.735176/0.017968/0.0/0.468735/0.408845/0.700005/0.007076;0.075432/0.055117/0.0539/0.051746/0.050343/0.050074/0.04968/0.049546/0.047412;0.870447/0.700005/0.699316/0.480296/0.467062/0.421497/0.376409/0.374898/0.372919;3.962348258312918,0.8339885646398719,-1.007793362480925,-0.2184625022447242,1.5379335089084878,-1.2219682106178884,2.086643429391695,0.3990205524591274,0.7373856257481506,1.0031905822232812,-0.9170014086173379,-0.33301527269660747,-0.06658958552078464,-0.7441993918064447,-1.7580419581499847,-1.0709039252833055,-0.13633235006261368,1.0671874518563818,1.416036010040315,-0.6764373579911961,-0.2528779273230124,1.3864902327515567,0.7124389429934609,-0.9134811966593819,0.3126317086033736,-1.9008880944614903,-2.1061867267013232,1.5131046708525724,-2.3973883765155226,-2.3075623322269703,-1.0309901352510602,-1.3807585547892005,-0.7927658302926817,1.8324112437069218,-2.0212897106163914,0.331815038322927,-0.736575562543405,1.6872952076183398,0.03438295917628417,0.5946222219955912,0.11178981004178723,0.692489770862007,-0.09038918989431771,-0.606886238434369,-0.46209764504059364,-0.42221745297613755,0.5063538220682972,1.5681129390097743,0.013499993124852089,0.34068565460125017,-0.8915367697414908,0.1786107731238437,-1.2846452336563858,0.5293864074800793,-2.5468149827751407,-0.7824093689987637,0.8329464259317579,1.7082185787293795,-2.476167995979677,1.041681924654354,0.08063287253346466,-2.0299094422822788,-0.939714893149719,-0.18914089737186826,0.9099712287743175,2.1049416198062456,0.5903387781059164,0.18602790852412465,0.0854971117344111,0.12282087252184085,1.7418879508129845,3.3859857531984097,1.6983552639033075,-0.10154510393714372,-3.3244806189269824,0.7687531498359867,-1.6848216935513642,1.143928385066737,0.3263817179705776,-0.9152986357626633,0.5772500589811952,2.931823907634211,-1.7857715708612139,-1.1335627355323095,-2.2465359582079905,-1.2191013640188155,1.5003515610029745,2.584722186912842,0.3017153957988893,-0.8587770921200077,-0.7945476213599855,0.39132328602899025,-0.5205334053213101,-2.159059439545565,-2.2765947275779777,1.2067226317256237,-0.5804265724323426,-0.33935830296672576,-1.7946001234243,0.0030900835754571615,-0.026472235899217628,-0.2821399339197717,-0.6410193333275724,1.3417567746953152,-0.9309624072823499,-1.6260781611314261,-0.6820815803750979,-1.7174767748909223,0.06401366616456539,-1.1495324016863508,-0.9163725745183509,0.9392985001092633,-3.9513778266017074,-2.8201124160381625,0.23506350229761397,1.1387226370327865,-3.1016708053935154,3.298505927969922,0.7766160888724718,0.10264872521571566,-0.20715516305068077,-1.273809416597154,-0.6002019478551751,1.4031579019546652,1.9029536816220445,-1.6360852959255465,-0.376977191392729,-0.5109650585774372,0.17302844324286124,-2.2171353285480344,0.7725678136485881,-0.33906538130969455,0.39022272738644076,1.4188424724732354,0.127492568140596,-0.5553945032705838,-1.945879927611846,-0.27144054610888757,0.5726981221854851,-1.30328968050792,-0.23133929678812926,-1.2075304087812415,-0.4070849449662902,0.6211555251563001,0.9006091058868869,0.371954948120803,2.9572989873489886,0.2463547675475711,0.36937298007688835,-1.4189899371993233,-0.007316571290008678,-0.015807857067996922,0.1535014596130742,-0.08618296526915417,-2.404695951179009,-1.9490406263211573,-0.8489746980400449,-1.625848979449617;3.4808065776743202,0.8723372919804471,-0.4293885430846588,1.6128651979442328,0.8318245037690412,-1.2453068219403038,2.0560628672339445,-0.4866284179142582,-0.7133791044129464,0.8010172661180419,1.4424108573847378,-0.6103551075070955,-0.33607871592092176,-0.5521695245585503,-2.7977532815928297,-0.9489672034263006,-2.1090291179007346,1.3862290758476772,1.532797521543101,0.12739393906015883,-1.3017290374098225,0.9413449165405718,2.1919640940881613,-0.9988376871432829,-0.9115548171311805,-0.8819451844821791,-0.8948716360537634,0.7359859480473583,-1.5282052389177028,-2.116501696541168,-0.10224040750268937,0.09096539428520323,-1.9511964654913818,0.9063667163114919,-0.3830722727934296,0.39087216407308617,-0.09551086209198983,0.07690072671678563,-2.144346315606136,0.7592810526736657,0.29987936221110745,0.6841510046985967,0.9757755996708546,-1.7063235568486457,-1.3183123260116705,0.2633782406049863,0.7085895783107468,0.5707101606332952,-0.28681229405074504,-1.1778461179397661,0.4937736947171985,0.9726388243685711,-1.0831866479660615,-0.2841487424073051,-1.7310396008811508,0.5148383782141979,2.1244127611160812,0.8191727403948448,-2.0575899096911034,1.652299783069465,-0.1742536578452664,-1.397142366975874,0.4386134895796823,0.5543735539674428,0.9206246507358162,1.739202297871384,1.984850583755654,-0.8791051450211873,-1.1353619629367668,-0.9865315127971894,0.4147591393272914,2.5052064922767885,0.9333584837796104,0.14839077568167225,-3.665872786919659,1.1595270831190352,-1.8995521773218804,1.6791254526106865,0.8369622308569841,-0.2787848019463761,-0.35232972795107964,1.5303121657301522,-1.0852627657914886,-1.097556802939968,-2.2410361277878104,0.30309142568239106,1.766974713357016,1.4101536994115342,1.6901863993420951,-1.66844628371785,-3.1185637045974692,-0.07150675433025971,-0.29102217953127785,-2.468022185728434,-2.209678430291211,0.5595790499900356,-0.4106524460931102,-1.1650189015083812,-2.414348030627518,0.48596529667899124,-1.7389824383905492,-0.130119524374894,-0.673523220388486,1.036760224464647,-1.5078116966889867,-2.38030231596883,1.7315177337150025,-0.4158392307493001,1.197024085641991,-2.6359819441903043,-1.5029172256508878,-0.62341844668839,-1.7763310825202934,-2.1838903735046222,2.5438394435997687,-1.115223010031041,-1.6939649215478008,3.106131119206164,0.5461515206340716,0.8305627840175557,-0.2820627484522819,1.4527155113088093,1.8397980495908186,-0.79069820211579,1.3183284360356766,-2.0791958202943137,-0.05596644222363596,-0.5543298899183197,0.5039581261403177,-2.12557653857707,-0.5140396887876956,-1.2005417486665866,0.6160799490103331,0.8500832562407705,-1.7105345194567676,-0.573799697463271,-0.45887724737028646,-0.42630540311469145,0.28243380563304055,-0.33833115597464386,-0.5953100586126833,-1.874630652437709,-1.5670740907654928,0.6620831833619711,0.7959972645297522,-0.66012443648237,3.3983162667910882,-0.5593194951991675,-0.049495828510796855,-1.815687655577179,0.04898795334449846,-1.9244571187924735,2.342469956025628,-0.5267219926347473,-0.8791652150709732,-0.7788196078283778,-0.690777679366964,-0.6739376972334357
3;188;101777.18660116196;3877;5342;0.047412;0.372919;0.048803/0.136727/0.09831/0.049126/0.051755/0.0732/0.098791/0.090501/0.134462/0.054506/0.082967/0.075432/0.12735/0.051746/0.076651/0.123068/0.051019/0.065789/0.04891/0.079944/0.075787/0.047412/0.074626/0.102207/0.050343/0.049265/0.067338/0.054346/0.054822/0.050124/0.157951/0.050228/0.096244/0.052933/0.054969/0.052684/0.049546/0.069622/0.0539/0.05177/0.049137/0.049584/0.048892/0.05161/0.081742/0.133857/0.049327/0.0987/0.048719/0.050074/0.052419/0.050674/0.108741/0.087798/0.073784/0.052548/0.065428/0.074388/0.051291/0.052207/0.049771/0.049398/0.05307/0.048246/0.051838/0.048653/0.077541/0.051404/0.048832/0.123112/0.048038/0.04968/0.050821/0.053494/0.049725/0.048072/0.050886/0.108106/0.04913/0.04934/0.04894/0.052052/0.052727/0.049648/0.049255/0.049645/0.065442/0.058229/0.050768/0.09997/0.052102/0.080385/0.05064/0.092893/0.049344/0.047861/0.098705/0.054796/0.055117/0.048114;0.0/0.580559/0.652556/0.0/0.435754/0.504203/0.509912/0.60153/0.516988/0.583256/0.506995/0.870447/0.709778/0.480296/0.431967/0.575989/0.394243/0.558212/4.8e-05/0.594109/0.545694/0.372919/0.411246/0.514062/0.467062/0.224576/0.425541/0.385561/0.399206/0.327774/0.756873/0.221573/0.473402/0.323911/0.418178/0.416333/0.374898/0.458781/0.699316/0.361377/0.305302/0.035907/0.0/0.425628/0.44306/0.554243/0.036481/0.447421/0.22121/0.421497/0.31431/0.3246/0.512082/0.51934/0.444188/0.376935/0.468439/0.444236/0.34514/0.297385/0.179594/0.249515/0.383323/0.0/0.319417/0.1965/0.680574/0.432828/0.183027/0.808099/0.003031/0.376409/0.270677/0.447535/0.096964/0.228372/0.279484/0.478613/0.266163/0.149701/0.36744/0.308123/0.307645/0.289266/0.302137/0.278527/0.419632/0.534315/0.362113/0.692881/0.418255/0.455549/0.392599/0.735176/0.017968/0.0/0.468735/0.408845/0.700005/0.007076;0.075432/0.055117/0.0539/0.051746/0.050343/0.050074/0.04968/0.049546/0.047412;0.870447/0.700005/0.699316/0.480296/0.467062/0.421497/0.376409/0.374898/0.372919;3.962348258312918,0.8339885646398719,-1.007793362480925,-0.2184625022447242,1.5379335089084878,-1.2219682106178884,2.086643429391695,0.3990205524591274,0.7373856257481506,1.0031905822232812,-0.9170014086173379,-0.33301527269660747,-0.06658958552078464,-0.7441993918064447,-1.7580419581499847,-1.0709039252833055,-0.13633235006261368,1.0671874518563818,1.416036010040315,-0.6764373579911961,-0.2528779273230124,1.3864902327515567,0.7124389429934609,-0.9134811966593819,0.3126317086033736,-1.9008880944614903,-2.1061867267013232,1.5131046708525724,-2.3973883765155226,-2.3075623322269703,-1.0309901352510602,-1.3807585547892005,-0.7927658302926817,1.8324112437069218,-2.0212897106163914,0.331815038322927,-0.736575562543405,1.6872952076183398,0.03438295917628417,0.5946222219955912,0.11178981004178723,0.692489770862007,-0.09038918989431771,-0.606886238434369,-0.46209764504059364,-0.42221745297613755,0.5063538220682972,1.5681129390097743,0.013499993124852089,0.34068565460125017,-0.8915367697414908,0.1786107731238437,-1.2846452336563858,0.5293864074800793,-2.5468149827751407,-0.7824093689987637,0.8329464259317579,1.7082185787293795,-2.476167995979677,1.041681924654354,0.08063287253346466,-2.0299094422822788,-0.939714893149719,-0.18914089737186826,0.9099712287743175,2.1049416198062456,0.5903387781059164,0.18602790852412465,0.0854971117344111,0.12282087252184085,1.7418879508129845,3.3859857531984097,1.6983552639033075,-0.10154510393714372,-3.3244806189269824,0.7687531498359867,-1.6848216935513642,1.143928385066737,0.3263817179705776,-0.9152986357626633,0.5772500589811952,2.931823907634211,-1.7857715708612139,-1.1335627355323095,-2.2465359582079905,-1.2191013640188155,1.5003515610029745,2.584722186912842,0.3017153957988893,-0.8587770921200077,-0.7945476213599855,0.39132328602899025,-0.5205334053213101,-2.159059439545565,-2.2765947275779777,1.2067226317256237,-0.5804265724323426,-0.33935830296672576,-1.7946001234243,0.0030900835754571615,-0.026472235899217628,-0.2821399339197717,-0.6410193333275724,1.3417567746953152,-0.9309624072823499,-1.6260781611314261,-0.6820815803750979,-1.7174767748909223,0.06401366616456539,-1.1495324016863508,-0.9163725745183509,0.9392985001092633,-3.9513778266017074,-2.8201124160381625,0.23506350229761397,1.1387226370327865,-3.1016708053935154,3.298505927969922,0.7766160888724718,0.10264872521571566,-0.20715516305068077,-1.273809416597154,-0.6002019478551751,1.4031579019546652,1.9029536816220445,-1.6360852959255465,-0.376977191392729,-0.5109650585774372,0.17302844324286124,-2.2171353285480344,0.7725678136485881,-0.33906538130969455,0.39022272738644076,1.4188424724732354,0.127492568140596,-0.5553945032705838,-1.945879927611846,-0.27144054610888757,0.5726981221854851,-1.30328968050792,-0.23133929678812926,-1.2075304087812415,-0.4070849449662902,0.6211555251563001,0.9006091058868869,0.371954948120803,2.9572989873489886,0.2463547675475711,0.36937298007688835,-1.4189899371993233,-0.007316571290008678,-0.015807857067996922,0.1535014596130742,-0.08618296526915417,-2.404695951179009,-1.9490406263211573,-0.8489746980400449,-1.625848979449617;3.4808065776743202,0.8723372919804471,-0.4293885430846588,1.6128651979442328,0.8318245037690412,-1.2453068219403038,2.0560628672339445,-0.4866284179142582,-0.7133791044129464,0.8010172661180419,1.4424108573847378,-0.6103551075070955,-0.33607871592092176,-0.5521695245585503,-2.7977532815928297,-0.9489672034263006,-2.1090291179007346,1.3862290758476772,1.532797521543101,0.12739393906015883,-1.3017290374098225,0.9413449165405718,2.1919640940881613,-0.9988376871432829,-0.9115548171311805,-0.8819451844821791,-0.8948716360537634,0.7359859480473583,-1.5282052389177028,-2.116501696541168,-0.10224040750268937,0.09096539428520323,-1.9511964654913818,0.9063667163114919,-0.3830722727934296,0.39087216407308617,-0.09551086209198983,0.07690072671678563,-2.144346315606136,0.7592810526736657,0.29987936221110745,0.6841510046985967,0.9757755996708546,-1.7063235568486457,-1.3183123260116705,0.2633782406049863,0.7085895783107468,0.5707101606332952,-0.28681229405074504,-1.1778461179397661,0.4937736947171985,0.9726388243685711,-1.0831866479660615,-0.2841487424073051,-1.7310396008811508,0.5148383782141979,2.1244127611160812,0.8191727403948448,-2.0575899096911034,1.652299783069465,-0.1742536578452664,-1.397142366975874,0.4386134895796823,0.5543735539674428,0.9206246507358162,1.739202297871384,1.984850583755654,-0.8791051450211873,-1.1353619629367668,-0.9865315127971894,0.4147591393272914,2.5052064922767885,0.9333584837796104,0.14839077568167225,-3.665872786919659,1.1595270831190352,-1.8995521773218804,1.6791254526106865,0.8369622308569841,-0.2787848019463761,-0.35232972795107964,1.5303121657301522,-1.0852627657914886,-1.097556802939968,-2.2410361277878104,0.30309142568239106,1.766974713357016,1.4101536994115342,1.6901863993420951,-1.66844628371785,-3.1185637045974692,-0.07150675433025971,-0.29102217953127785,-2.468022185728434,-2.209678430291211,0.5595790499900356,-0.4106524460931102,-1.1650189015083812,-2.414348030627518,0.48596529667899124,-1.7389824383905492,-0.130119524374894,-0.673523220388486,1.036760224464647,-1.5078116966889867,-2.38030231596883,1.7315177337150025,-0.4158392307493001,1.197024085641991,-2.6359819441903043,-1.5029172256508878,-0.62341844668839,-1.7763310825202934,-2.1838903735046222,2.5438394435997687,-1.115223010031041,-1.6939649215478008,3.106131119206164,0.5461515206340716,0.8305627840175557,-0.2820627484522819,1.4527155113088093,1.8397980495908186,-0.79069820211579,1.3183284360356766,-2.0791958202943137,-0.05596644222363596,-0.5543298899183197,0.5039581261403177,-2.12557653857707,-0.5140396887876956,-1.2005417486665866,0.6160799490103331,0.8500832562407705,-1.7105345194567676,-0.573799697463271,-0.45887724737028646,-0.42630540311469145,0.28243380563304055,-0.33833115597464386,-0.5953100586126833,-1.874630652437709,-1.5670740907654928,0.6620831833619711,0.7959972645297522,-0.66012443648237,3.3983162667910882,-0.5593194951991675,-0.049495828510796855,-1.815687655577179,0.04898795334449846,-1.9244571187924735,2.342469956025628,-0.5267219926347473,-0.8791652150709732,-0.7788196078283778,-0.690777679366964,-0.6739376972334357
3;189;102320.70013451576;3877;5342;0.047412;0.372919;0.048803/0.136727/0.09831/0.049126/0.051755/0.0732/0.098791/0.090501/0.134462/0.054506/0.082967/0.075432/0.12735/0.051746/0.076651/0.123068/0.051019/0.065789/0.04891/0.079944/0.075787/0.047412/0.074626/0.102207/0.050343/0.049265/0.067338/0.054346/0.054822/0.050124/0.157951/0.050228/0.096244/0.052933/0.054969/0.052684/0.049546/0.069622/0.0539/0.05177/0.049137/0.049584/0.048892/0.05161/0.081742/0.133857/0.049327/0.0987/0.048719/0.050074/0.052419/0.050674/0.108741/0.087798/0.073784/0.052548/0.065428/0.074388/0.051291/0.052207/0.049771/0.049398/0.05307/0.048246/0.051838/0.048653/0.077541/0.051404/0.048832/0.123112/0.048038/0.04968/0.050821/0.053494/0.049725/0.048072/0.050886/0.108106/0.04913/0.04934/0.04894/0.052052/0.052727/0.049648/0.049255/0.049645/0.065442/0.058229/0.050768/0.09997/0.052102/0.080385/0.05064/0.092893/0.049344/0.047861/0.098705/0.054796/0.055117/0.048114;0.0/0.580559/0.652556/0.0/0.435754/0.504203/0.509912/0.60153/0.516988/0.583256/0.506995/0.870447/0.709778/0.480296/0.431967/0.575989/0.394243/0.558212/4.8e-05/0.594109/0.545694/0.372919/0.411246/0.514062/0.467062/0.224576/0.425541/0.385561/0.399206/0.327774/0.756873/0.221573/0.473402/0.323911/0.418178/0.416333/0.374898/0.458781/0.699316/0.361377/0.305302/0.035907/0.0/0.425628/0.44306/0.554243/0.036481/0.447421/0.22121/0.421497/0.31431/0.3246/0.512082/0.51934/0.444188/0.376935/0.468439/0.444236/0.34514/0.297385/0.179594/0.249515/0.383323/0.0/0.319417/0.1965/0.680574/0.432828/0.183027/0.808099/0.003031/0.376409/0.270677/0.447535/0.096964/0.228372/0.279484/0.478613/0.266163/0.149701/0.36744/0.308123/0.307645/0.289266/0.302137/0.278527/0.419632/0.534315/0.362113/0.692881/0.418255/0.455549/0.392599/0.735176/0.017968/0.0/0.468735/0.408845/0.700005/0.007076;0.075432/0.055117/0.0539/0.051746/0.050343/0.050074/0.04968/0.049546/0.047412;0.870447/0.700005/0.699316/0.480296/0.467062/0.421497/0.376409/0.374898/0.372919;3.962348258312918,0.8339885646398719,-1.007793362480925,-0.2184625022447242,1.5379335089084878,-1.2219682106178884,2.086643429391695,0.3990205524591274,0.7373856257481506,1.0031905822232812,-0.9170014086173379,-0.33301527269660747,-0.06658958552078464,-0.7441993918064447,-1.7580419581499847,-1.0709039252833055,-0.13633235006261368,1.0671874518563818,1.416036010040315,-0.6764373579911961,-0.2528779273230124,1.3864902327515567,0.7124389429934609,-0.9134811966593819,0.3126317086033736,-1.9008880944614903,-2.1061867267013232,1.5131046708525724,-2.3973883765155226,-2.3075623322269703,-1.0309901352510602,-1.3807585547892005,-0.7927658302926817,1.8324112437069218,-2.0212897106163914,0.331815038322927,-0.736575562543405,1.6872952076183398,0.03438295917628417,0.5946222219955912,0.11178981004178723,0.692489770862007,-0.09038918989431771,-0.606886238434369,-0.46209764504059364,-0.42221745297613755,0.5063538220682972,1.5681129390097743,0.013499993124852089,0.34068565460125017,-0.8915367697414908,0.1786107731238437,-1.2846452336563858,0.5293864074800793,-2.5468149827751407,-0.7824093689987637,0.8329464259317579,1.7082185787293795,-2.476167995979677,1.041681924654354,0.08063287253346466,-2.0299094422822788,-0.939714893149719,-0.18914089737186826,0.9099712287743175,2.1049416198062456,0.5903387781059164,0.18602790852412465,0.0854971117344111,0.12282087252184085,1.7418879508129845,3.3859857531984097,1.6983552639033075,-0.10154510393714372,-3.3244806189269824,0.7687531498359867,-1.6848216935513642,1.143928385066737,0.3263817179705776,-0.9152986357626633,0.5772500589811952,2.931823907634211,-1.7857715708612139,-1.1335627355323095,-2.2465359582079905,-1.2191013640188155,1.5003515610029745,2.584722186912842,0.3017153957988893,-0.8587770921200077,-0.7945476213599855,0.39132328602899025,-0.5205334053213101,-2.159059439545565,-2.2765947275779777,1.2067226317256237,-0.5804265724323426,-0.33935830296672576,-1.7946001234243,0.0030900835754571615,-0.026472235899217628,-0.2821399339197717,-0.6410193333275724,1.3417567746953152,-0.9309624072823499,-1.6260781611314261,-0.6820815803750979,-1.7174767748909223,0.06401366616456539,-1.1495324016863508,-0.9163725745183509,0.9392985001092633,-3.9513778266017074,-2.8201124160381625,0.23506350229761397,1.1387226370327865,-3.1016708053935154,3.298505927969922,0.7766160888724718,0.10264872521571566,-0.20715516305068077,-1.273809416597154,-0.6002019478551751,1.4031579019546652,1.9029536816220445,-1.6360852959255465,-0.376977191392729,-0.5109650585774372,0.17302844324286124,-2.2171353285480344,0.7725678136485881,-0.33906538130969455,0.39022272738644076,1.4188424724732354,0.127492568140596,-0.5553945032705838,-1.945879927611846,-0.27144054610888757,0.5726981221854851,-1.30328968050792,-0.23133929678812926,-1.2075304087812415,-0.4070849449662902,0.6211555251563001,0.9006091058868869,0.371954948120803,2.9572989873489886,0.2463547675475711,0.36937298007688835,-1.4189899371993233,-0.007316571290008678,-0.015807857067996922,0.1535014596130742,-0.08618296526915417,-2.404695951179009,-1.9490406263211573,-0.8489746980400449,-1.625848979449617;3.4808065776743202,0.8723372919804471,-0.4293885430846588,1.6128651979442328,0.8318245037690412,-1.2453068219403038,2.0560628672339445,-0.4866284179142582,-0.7133791044129464,0.8010172661180419,1.4424108573847378,-0.6103551075070955,-0.33607871592092176,-0.5521695245585503,-2.7977532815928297,-0.9489672034263006,-2.1090291179007346,1.3862290758476772,1.532797521543101,0.12739393906015883,-1.3017290374098225,0.9413449165405718,2.1919640940881613,-0.9988376871432829,-0.9115548171311805,-0.8819451844821791,-0.8948716360537634,0.7359859480473583,-1.5282052389177028,-2.116501696541168,-0.10224040750268937,0.09096539428520323,-1.9511964654913818,0.9063667163114919,-0.3830722727934296,0.39087216407308617,-0.09551086209198983,0.07690072671678563,-2.144346315606136,0.7592810526736657,0.29987936221110745,0.6841510046985967,0.9757755996708546,-1.7063235568486457,-1.3183123260116705,0.2633782406049863,0.7085895783107468,0.5707101606332952,-0.28681229405074504,-1.1778461179397661,0.4937736947171985,0.9726388243685711,-1.0831866479660615,-0.2841487424073051,-1.7310396008811508,0.5148383782141979,2.1244127611160812,0.8191727403948448,-2.0575899096911034,1.652299783069465,-0.1742536578452664,-1.397142366975874,0.4386134895796823,0.5543735539674428,0.9206246507358162,1.739202297871384,1.984850583755654,-0.8791051450211873,-1.1353619629367668,-0.9865315127971894,0.4147591393272914,2.5052064922767885,0.9333584837796104,0.14839077568167225,-3.665872786919659,1.1595270831190352,-1.8995521773218804,1.6791254526106865,0.8369622308569841,-0.2787848019463761,-0.35232972795107964,1.5303121657301522,-1.0852627657914886,-1.097556802939968,-2.2410361277878104,0.30309142568239106,1.766974713357016,1.4101536994115342,1.6901863993420951,-1.66844628371785,-3.1185637045974692,-0.07150675433025971,-0.29102217953127785,-2.468022185728434,-2.209678430291211,0.5595790499900356,-0.4106524460931102,-1.1650189015083812,-2.414348030627518,0.48596529667899124,-1.7389824383905492,-0.130119524374894,-0.673523220388486,1.036760224464647,-1.5078116966889867,-2.38030231596883,1.7315177337150025,-0.4158392307493001,1.197024085641991,-2.6359819441903043,-1.5029172256508878,-0.62341844668839,-1.7763310825202934,-2.1838903735046222,2.5438394435997687,-1.115223010031041,-1.6939649215478008,3.106131119206164,0.5461515206340716,0.8305627840175557,-0.2820627484522819,1.4527155113088093,1.8397980495908186,-0.79069820211579,1.3183284360356766,-2.0791958202943137,-0.05596644222363596,-0.5543298899183197,0.5039581261403177,-2.12557653857707,-0.5140396887876956,-1.2005417486665866,0.6160799490103331,0.8500832562407705,-1.7105345194567676,-0.573799697463271,-0.45887724737028646,-0.42630540311469145,0.28243380563304055,-0.33833115597464386,-0.5953100586126833,-1.874630652437709,-1.5670740907654928,0.6620831833619711,0.7959972645297522,-0.66012443648237,3.3983162667910882,-0.5593194951991675,-0.049495828510796855,-1.815687655577179,0.04898795334449846,-1.9244571187924735,2.342469956025628,-0.5267219926347473,-0.8791652150709732,-0.7788196078283778,-0.690777679366964,-0.6739376972334357
3;190;102881.7493467331;3877;5342;0.047412;0.372919;0.048803/0.136727/0.09831/0.049126/0.051755/0.0732/0.098791/0.090501/0.134462/0.054506/0.082967/0.075432/0.12735/0.051746/0.076651/0.123068/0.051019/0.065789/0.04891/0.079944/0.075787/0.047412/0.074626/0.102207/0.050343/0.049265/0.067338/0.054346/0.054822/0.050124/0.157951/0.050228/0.096244/0.052933/0.054969/0.052684/0.049546/0.069622/0.0539/0.05177/0.049137/0.049584/0.048892/0.05161/0.081742/0.133857/0.049327/0.0987/0.048719/0.050074/0.052419/0.050674/0.108741/0.087798/0.073784/0.052548/0.065428/0.074388/0.051291/0.052207/0.049398/0.05307/0.048246/0.051838/0.048653/0.077541/0.051404/0.048832/0.123112/0.048038/0.04968/0.050821/0.053494/0.049725/0.048072/0.050886/0.108106/0.04913/0.04934/0.04894/0.052052/0.052727/0.049648/0.049255/0.049645/0.065442/0.058229/0.050768/0.09997/0.052102/0.080385/0.05064/0.092893/0.049344/0.047861/0.098705/0.054796/0.055117/0.048114/0.049464;0.0/0.580559/0.652556/0.0/0.435754/0.504203/0.509912/0.60153/0.516988/0.583256/0.506995/0.870447/0.709778/0.480296/0.431967/0.575989/0.394243/0.558212/4.8e-05/0.594109/0.545694/0.372919/0.411246/0.514062/0.467062/0.224576/0.425541/0.385561/0.399206/0.327774/0.756873/0.221573/0.473402/0.323911/0.418178/0.416333/0.374898/0.458781/0.699316/0.361377/0.305302/0.035907/0.0/0.425628/0.44306/0.554243/0.036481/0.447421/0.22121/0.421497/0.31431/0.3246/0.512082/0.51934/0.444188/0.376935/0.468439/0.444236/0.34514/0.297385/0.249515/0.383323/0.0/0.319417/0.1965/0.680574/0.432828/0.183027/0.808099/0.003031/0.376409/0.270677/0.447535/0.096964/0.228372/0.279484/0.478613/0.266163/0.149701/0.36744/0.308123/0.307645/0.289266/0.302137/0.278527/0.419632/0.534315/0.362113/0.692881/0.418255/0.455549/0.392599/0.735176/0.017968/0.0/0.468735/0.408845/0.700005/0.007076/0.191996;0.075432/0.055117/0.0539/0.051746/0.050343/0.050074/0.04968/0.049546/0.047412;0.870447/0.700005/0.699316/0.480296/0.467062/0.421497/0.376409/0.374898/0.372919;3.962348258312918,0.8339885646398719,-1.007793362480925,-0.2184625022447242,1.5379335089084878,-1.2219682106178884,2.086643429391695,0.3990205524591274,0.7373856257481506,1.0031905822232812,-0.9170014086173379,-0.33301527269660747,-0.06658958552078464,-0.7441993918064447,-1.7580419581499847,-1.0709039252833055,-0.13633235006261368,1.0671874518563818,1.416036010040315,-0.6764373579911961,-0.2528779273230124,1.3864902327515567,0.7124389429934609,-0.9134811966593819,0.3126317086033736,-1.9008880944614903,-2.1061867267013232,1.5131046708525724,-2.3973883765155226,-2.3075623322269703,-1.0309901352510602,-1.3807585547892005,-0.7927658302926817,1.8324112437069218,-2.0212897106163914,0.331815038322927,-0.736575562543405,1.6872952076183398,0.03438295917628417,0.5946222219955912,0.11178981004178723,0.692489770862007,-0.09038918989431771,-0.606886238434369,-0.46209764504059364,-0.42221745297613755,0.5063538220682972,1.5681129390097743,0.013499993124852089,0.34068565460125017,-0.8915367697414908,0.1786107731238437,-1.2846452336563858,0.5293864074800793,-2.5468149827751407,-0.7824093689987637,0.8329464259317579,1.7082185787293795,-2.476167995979677,1.041681924654354,0.08063287253346466,-2.0299094422822788,-0.939714893149719,-0.18914089737186826,0.9099712287743175,2.1049416198062456,0.5903387781059164,0.18602790852412465,0.0854971117344111,0.12282087252184085,1.7418879508129845,3.3859857531984097,1.6983552639033075,-0.10154510393714372,-3.3244806189269824,0.7687531498359867,-1.6848216935513642,1.143928385066737,0.3263817179705776,-0.9152986357626633,0.5772500589811952,2.931823907634211,-1.7857715708612139,-1.1335627355323095,-2.2465359582079905,-1.2191013640188155,1.5003515610029745,2.584722186912842,0.3017153957988893,-0.8587770921200077,-0.7945476213599855,0.39132328602899025,-0.5205334053213101,-2.159059439545565,-2.2765947275779777,1.2067226317256237,-0.5804265724323426,-0.33935830296672576,-1.7946001234243,0.0030900835754571615,-0.026472235899217628,-0.2821399339197717,-0.6410193333275724,1.3417567746953152,-0.9309624072823499,-1.6260781611314261,-0.6820815803750979,-1.7174767748909223,0.06401366616456539,-1.1495324016863508,-0.9163725745183509,0.9392985001092633,-3.9513778266017074,-2.8201124160381625,0.23506350229761397,1.1387226370327865,-3.1016708053935154,3.298505927969922,0.7766160888724718,0.10264872521571566,-0.20715516305068077,-1.273809416597154,-0.6002019478551751,1.4031579019546652,1.9029536816220445,-1.6360852959255465,-0.376977191392729,-0.5109650585774372,0.17302844324286124,-2.2171353285480344,0.7725678136485881,-0.33906538130969455,0.39022272738644076,1.4188424724732354,0.127492568140596,-0.5553945032705838,-1.945879927611846,-0.27144054610888757,0.5726981221854851,-1.30328968050792,-0.23133929678812926,-1.2075304087812415,-0.4070849449662902,0.6211555251563001,0.9006091058868869,0.371954948120803,2.9572989873489886,0.2463547675475711,0.36937298007688835,-1.4189899371993233,-0.007316571290008678,-0.015807857067996922,0.1535014596130742,-0.08618296526915417,-2.404695951179009,-1.9490406263211573,-0.8489746980400449,-1.625848979449617;3.4808065776743202,0.8723372919804471,-0.4293885430846588,1.6128651979442328,0.8318245037690412,-1.2453068219403038,2.0560628672339445,-0.4866284179142582,-0.7133791044129464,0.8010172661180419,1.4424108573847378,-0.6103551075070955,-0.33607871592092176,-0.5521695245585503,-2.7977532815928297,-0.9489672034263006,-2.1090291179007346,1.3862290758476772,1.532797521543101,0.12739393906015883,-1.3017290374098225,0.9413449165405718,2.1919640940881613,-0.9988376871432829,-0.9115548171311805,-0.8819451844821791,-0.8948716360537634,0.7359859480473583,-1.5282052389177028,-2.116501696541168,-0.10224040750268937,0.09096539428520323,-1.9511964654913818,0.9063667163114919,-0.3830722727934296,0.39087216407308617,-0.09551086209198983,0.07690072671678563,-2.144346315606136,0.7592810526736657,0.29987936221110745,0.6841510046985967,0.9757755996708546,-1.7063235568486457,-1.3183123260116705,0.2633782406049863,0.7085895783107468,0.5707101606332952,-0.28681229405074504,-1.1778461179397661,0.4937736947171985,0.9726388243685711,-1.0831866479660615,-0.2841487424073051,-1.7310396008811508,0.5148383782141979,2.1244127611160812,0.8191727403948448,-2.0575899096911034,1.652299783069465,-0.1742536578452664,-1.397142366975874,0.4386134895796823,0.5543735539674428,0.9206246507358162,1.739202297871384,1.984850583755654,-0.8791051450211873,-1.1353619629367668,-0.9865315127971894,0.4147591393272914,2.5052064922767885,0.9333584837796104,0.14839077568167225,-3.665872786919659,1.1595270831190352,-1.8995521773218804,1.6791254526106865,0.8369622308569841,-0.2787848019463761,-0.35232972795107964,1.5303121657301522,-1.0852627657914886,-1.097556802939968,-2.2410361277878104,0.30309142568239106,1.766974713357016,1.4101536994115342,1.6901863993420951,-1.66844628371785,-3.1185637045974692,-0.07150675433025971,-0.29102217953127785,-2.468022185728434,-2.209678430291211,0.5595790499900356,-0.4106524460931102,-1.1650189015083812,-2.414348030627518,0.48596529667899124,-1.7389824383905492,-0.130119524374894,-0.673523220388486,1.036760224464647,-1.5078116966889867,-2.38030231596883,1.7315177337150025,-0.4158392307493001,1.197024085641991,-2.6359819441903043,-1.5029172256508878,-0.62341844668839,-1.7763310825202934,-2.1838903735046222,2.5438394435997687,-1.115223010031041,-1.6939649215478008,3.106131119206164,0.5461515206340716,0.8305627840175557,-0.2820627484522819,1.4527155113088093,1.8397980495908186,-0.79069820211579,1.3183284360356766,-2.0791958202943137,-0.05596644222363596,-0.5543298899183197,0.5039581261403177,-2.12557653857707,-0.5140396887876956,-1.2005417486665866,0.6160799490103331,0.8500832562407705,-1.7105345194567676,-0.573799697463271,-0.45887724737028646,-0.42630540311469145,0.28243380563304055,-0.33833115597464386,-0.5953100586126833,-1.874630652437709,-1.5670740907654928,0.6620831833619711,0.7959972645297522,-0.66012443648237,3.3983162667910882,-0.5593194951991675,-0.049495828510796855,-1.815687655577179,0.04898795334449846,-1.9244571187924735,2.342469956025628,-0.5267219926347473,-0.8791652150709732,-0.7788196078283778,-0.690777679366964,-0.6739376972334357
3;191;103428.85603046417;3877;5342;0.047412;0.372919;0.048803/0.136727/0.09831/0.049126/0.051755/0.0732/0.098791/0.090501/0.134462/0.054506/0.082967/0.075432/0.12735/0.051746/0.076651/0.123068/0.051019/0.065789/0.04891/0.079944/0.075787/0.047412/0.074626/0.102207/0.050343/0.049265/0.067338/0.054346/0.054822/0.050124/0.157951/0.050228/0.096244/0.052933/0.054969/0.052684/0.049546/0.069622/0.0539/0.05177/0.049137/0.049584/0.048892/0.05161/0.081742/0.133857/0.049327/0.0987/0.048719/0.050074/0.052419/0.050674/0.108741/0.087798/0.073784/0.052548/0.065428/0.074388/0.051291/0.052207/0.049398/0.05307/0.048246/0.051838/0.048653/0.077541/0.051404/0.048832/0.123112/0.048038/0.04968/0.050821/0.053494/0.048072/0.050886/0.108106/0.04913/0.04934/0.04894/0.052052/0.052727/0.049648/0.049255/0.049645/0.065442/0.058229/0.050768/0.09997/0.052102/0.080385/0.05064/0.092893/0.049344/0.047861/0.098705/0.054796/0.055117/0.048114/0.049464/0.079774;0.0/0.580559/0.652556/0.0/0.435754/0.504203/0.509912/0.60153/0.516988/0.583256/0.506995/0.870447/0.709778/0.480296/0.431967/0.575989/0.394243/0.558212/4.8e-05/0.594109/0.545694/0.372919/0.411246/0.514062/0.467062/0.224576/0.425541/0.385561/0.399206/0.327774/0.756873/0.221573/0.473402/0.323911/0.418178/0.416333/0.374898/0.458781/0.699316/0.361377/0.305302/0.035907/0.0/0.425628/0.44306/0.554243/0.036481/0.447421/0.22121/0.421497/0.31431/0.3246/0.512082/0.51934/0.444188/0.376935/0.468439/0.444236/0.34514/0.297385/0.249515/0.383323/0.0/0.319417/0.1965/0.680574/0.432828/0.183027/0.808099/0.003031/0.376409/0.270677/0.447535/0.228372/0.279484/0.478613/0.266163/0.149701/0.36744/0.308123/0.307645/0.289266/0.302137/0.278527/0.419632/0.534315/0.362113/0.692881/0.418255/0.455549/0.392599/0.735176/0.017968/0.0/0.468735/0.408845/0.700005/0.007076/0.191996/0.483787;0.075432/0.055117/0.0539/0.051746/0.050343/0.050074/0.04968/0.049546/0.047412;0.870447/0.700005/0.699316/0.480296/0.467062/0.421497/0.376409/0.374898/0.372919;3.962348258312918,0.8339885646398719,-1.007793362480925,-0.2184625022447242,1.5379335089084878,-1.2219682106178884,2.086643429391695,0.3990205524591274,0.7373856257481506,1.0031905822232812,-0.9170014086173379,-0.33301527269660747,-0.06658958552078464,-0.7441993918064447,-1.7580419581499847,-1.0709039252833055,-0.13633235006261368,1.0671874518563818,1.416036010040315,-0.6764373579911961,-0.2528779273230124,1.3864902327515567,0.7124389429934609,-0.9134811966593819,0.3126317086033736,-1.9008880944614903,-2.1061867267013232,1.5131046708525724,-2.3973883765155226,-2.3075623322269703,-1.0309901352510602,-1.3807585547892005,-0.7927658302926817,1.8324112437069218,-2.0212897106163914,0.331815038322927,-0.736575562543405,1.6872952076183398,0.03438295917628417,0.5946222219955912,0.11178981004178723,0.692489770862007,-0.09038918989431771,-0.606886238434369,-0.46209764504059364,-0.42221745297613755,0.5063538220682972,1.5681129390097743,0.013499993124852089,0.34068565460125017,-0.8915367697414908,0.1786107731238437,-1.2846452336563858,0.5293864074800793,-2.5468149827751407,-0.7824093689987637,0.8329464259317579,1.7082185787293795,-2.476167995979677,1.041681924654354,0.08063287253346466,-2.0299094422822788,-0.939714893149719,-0.18914089737186826,0.9099712287743175,2.1049416198062456,0.5903387781059164,0.18602790852412465,0.0854971117344111,0.12282087252184085,1.7418879508129845,3.3859857531984097,1.6983552639033075,-0.10154510393714372,-3.3244806189269824,0.7687531498359867,-1.6848216935513642,1.143928385066737,0.3263817179705776,-0.9152986357626633,0.5772500589811952,2.931823907634211,-1.7857715708612139,-1.1335627355323095,-2.2465359582079905,-1.2191013640188155,1.5003515610029745,2.584722186912842,0.3017153957988893,-0.8587770921200077,-0.7945476213599855,0.39132328602899025,-0.5205334053213101,-2.159059439545565,-2.2765947275779777,1.2067226317256237,-0.5804265724323426,-0.33935830296672576,-1.7946001234243,0.0030900835754571615,-0.026472235899217628,-0.2821399339197717,-0.6410193333275724,1.3417567746953152,-0.9309624072823499,-1.6260781611314261,-0.6820815803750979,-1.7174767748909223,0.06401366616456539,-1.1495324016863508,-0.9163725745183509,0.9392985001092633,-3.9513778266017074,-2.8201124160381625,0.23506350229761397,1.1387226370327865,-3.1016708053935154,3.298505927969922,0.7766160888724718,0.10264872521571566,-0.20715516305068077,-1.273809416597154,-0.6002019478551751,1.4031579019546652,1.9029536816220445,-1.6360852959255465,-0.376977191392729,-0.5109650585774372,0.17302844324286124,-2.2171353285480344,0.7725678136485881,-0.33906538130969455,0.39022272738644076,1.4188424724732354,0.127492568140596,-0.5553945032705838,-1.945879927611846,-0.27144054610888757,0.5726981221854851,-1.30328968050792,-0.23133929678812926,-1.2075304087812415,-0.4070849449662902,0.6211555251563001,0.9006091058868869,0.371954948120803,2.9572989873489886,0.2463547675475711,0.36937298007688835,-1.4189899371993233,-0.007316571290008678,-0.015807857067996922,0.1535014596130742,-0.08618296526915417,-2.404695951179009,-1.9490406263211573,-0.8489746980400449,-1.625848979449617;3.4808065776743202,0.8723372919804471,-0.4293885430846588,1.6128651979442328,0.8318245037690412,-1.2453068219403038,2.0560628672339445,-0.4866284179142582,-0.7133791044129464,0.8010172661180419,1.4424108573847378,-0.6103551075070955,-0.33607871592092176,-0.5521695245585503,-2.7977532815928297,-0.9489672034263006,-2.1090291179007346,1.3862290758476772,1.532797521543101,0.12739393906015883,-1.3017290374098225,0.9413449165405718,2.1919640940881613,-0.9988376871432829,-0.9115548171311805,-0.8819451844821791,-0.8948716360537634,0.7359859480473583,-1.5282052389177028,-2.116501696541168,-0.10224040750268937,0.09096539428520323,-1.9511964654913818,0.9063667163114919,-0.3830722727934296,0.39087216407308617,-0.09551086209198983,0.07690072671678563,-2.144346315606136,0.7592810526736657,0.29987936221110745,0.6841510046985967,0.9757755996708546,-1.7063235568486457,-1.3183123260116705,0.2633782406049863,0.7085895783107468,0.5707101606332952,-0.28681229405074504,-1.1778461179397661,0.4937736947171985,0.9726388243685711,-1.0831866479660615,-0.2841487424073051,-1.7310396008811508,0.5148383782141979,2.1244127611160812,0.8191727403948448,-2.0575899096911034,1.652299783069465,-0.1742536578452664,-1.397142366975874,0.4386134895796823,0.5543735539674428,0.9206246507358162,1.739202297871384,1.984850583755654,-0.8791051450211873,-1.1353619629367668,-0.9865315127971894,0.4147591393272914,2.5052064922767885,0.9333584837796104,0.14839077568167225,-3.665872786919659,1.1595270831190352,-1.8995521773218804,1.6791254526106865,0.8369622308569841,-0.2787848019463761,-0.35232972795107964,1.5303121657301522,-1.0852627657914886,-1.097556802939968,-2.2410361277878104,0.30309142568239106,1.766974713357016,1.4101536994115342,1.6901863993420951,-1.66844628371785,-3.1185637045974692,-0.07150675433025971,-0.29102217953127785,-2.468022185728434,-2.209678430291211,0.5595790499900356,-0.4106524460931102,-1.1650189015083812,-2.414348030627518,0.48596529667899124,-1.7389824383905492,-0.130119524374894,-0.673523220388486,1.036760224464647,-1.5078116966889867,-2.38030231596883,1.7315177337150025,-0.4158392307493001,1.197024085641991,-2.6359819441903043,-1.5029172256508878,-0.62341844668839,-1.7763310825202934,-2.1838903735046222,2.5438394435997687,-1.115223010031041,-1.6939649215478008,3.106131119206164,0.5461515206340716,0.8305627840175557,-0.2820627484522819,1.4527155113088093,1.8397980495908186,-0.79069820211579,1.3183284360356766,-2.0791958202943137,-0.05596644222363596,-0.5543298899183197,0.5039581261403177,-2.12557653857707,-0.5140396887876956,-1.2005417486665866,0.6160799490103331,0.8500832562407705,-1.7105345194567676,-0.573799697463271,-0.45887724737028646,-0.42630540311469145,0.28243380563304055,-0.33833115597464386,-0.5953100586126833,-1.874630652437709,-1.5670740907654928,0.6620831833619711,0.7959972645297522,-0.66012443648237,3.3983162667910882,-0.5593194951991675,-0.049495828510796855,-1.815687655577179,0.04898795334449846,-1.9244571187924735,2.342469956025628,-0.5267219926347473,-0.8791652150709732,-0.7788196078283778,-0.690777679366964,-0.6739376972334357
3;192;103993.25140571594;3877;5342;0.047412;0.372919;0.048803/0.136727/0.09831/0.051755/0.0732/0.098791/0.090501/0.134462/0.054506/0.082967/0.075432/0.12735/0.051746/0.076651/0.123068/0.051019/0.065789/0.04891/0.079944/0.075787/0.047412/0.074626/0.102207/0.050343/0.049265/0.067338/0.054346/0.054822/0.050124/0.157951/0.050228/0.096244/0.052933/0.054969/0.052684/0.049546/0.069622/0.0539/0.05177/0.049137/0.048892/0.05161/0.081742/0.133857/0.049327/0.0987/0.048719/0.050074/0.052419/0.050674/0.108741/0.087798/0.073784/0.052548/0.065428/0.074388/0.051291/0.049398/0.05307/0.048246/0.051838/0.048653/0.077541/0.051404/0.048832/0.123112/0.048038/0.04968/0.050821/0.053494/0.048072/0.050886/0.108106/0.04913/0.04934/0.04894/0.052052/0.049648/0.049255/0.049645/0.065442/0.058229/0.050768/0.09997/0.052102/0.080385/0.05064/0.092893/0.049344/0.047861/0.098705/0.054796/0.055117/0.048114/0.049464/0.079774/0.048735/0.054761/0.048342/0.050303;0.0/0.580559/0.652556/0.435754/0.504203/0.509912/0.60153/0.516988/0.583256/0.506995/0.870447/0.709778/0.480296/0.431967/0.575989/0.394243/0.558212/4.8e-05/0.594109/0.545694/0.372919/0.411246/0.514062/0.467062/0.224576/0.425541/0.385561/0.399206/0.327774/0.756873/0.221573/0.473402/0.323911/0.418178/0.416333/0.374898/0.458781/0.699316/0.361377/0.305302/0.0/0.425628/0.44306/0.554243/0.036481/0.447421/0.22121/0.421497/0.31431/0.3246/0.512082/0.51934/0.444188/0.376935/0.468439/0.444236/0.34514/0.249515/0.383323/0.0/0.319417/0.1965/0.680574/0.432828/0.183027/0.808099/0.003031/0.376409/0.270677/0.447535/0.228372/0.279484/0.478613/0.266163/0.149701/0.36744/0.308123/0.289266/0.302137/0.278527/0.419632/0.534315/0.362113/0.692881/0.418255/0.455549/0.392599/0.735176/0.017968/0.0/0.468735/0.408845/0.700005/0.007076/0.191996/0.483787/0.013349/0.423591/0.0/0.344557;0.075432/0.055117/0.0539/0.051746/0.050343/0.050074/0.04968/0.049546/0.047412;0.870447/0.700005/0.699316/0.480296/0.467062/0.421497/0.376409/0.374898/0.372919;3.962348258312918,0.8339885646398719,-1.007793362480925,-0.2184625022447242,1.5379335089084878,-1.2219682106178884,2.086643429391695,0.3990205524591274,0.7373856257481506,1.0031905822232812,-0.9170014086173379,-0.33301527269660747,-0.06658958552078464,-0.7441993918064447,-1.7580419581499847,-1.0709039252833055,-0.13633235006261368,1.0671874518563818,1.416036010040315,-0.6764373579911961,-0.2528779273230124,1.3864902327515567,0.7124389429934609,-0.9134811966593819,0.3126317086033736,-1.9008880944614903,-2.1061867267013232,1.5131046708525724,-2.3973883765155226,-2.3075623322269703,-1.0309901352510602,-1.3807585547892005,-0.7927658302926817,1.8324112437069218,-2.0212897106163914,0.331815038322927,-0.736575562543405,1.6872952076183398,0.03438295917628417,0.5946222219955912,0.11178981004178723,0.692489770862007,-0.09038918989431771,-0.606886238434369,-0.46209764504059364,-0.42221745297613755,0.5063538220682972,1.5681129390097743,0.013499993124852089,0.34068565460125017,-0.8915367697414908,0.1786107731238437,-1.2846452336563858,0.5293864074800793,-2.5468149827751407,-0.7824093689987637,0.8329464259317579,1.7082185787293795,-2.476167995979677,1.041681924654354,0.08063287253346466,-2.0299094422822788,-0.939714893149719,-0.18914089737186826,0.9099712287743175,2.1049416198062456,0.5903387781059164,0.18602790852412465,0.0854971117344111,0.12282087252184085,1.7418879508129845,3.3859857531984097,1.6983552639033075,-0.10154510393714372,-3.3244806189269824,0.7687531498359867,-1.6848216935513642,1.143928385066737,0.3263817179705776,-0.9152986357626633,0.5772500589811952,2.931823907634211,-1.7857715708612139,-1.1335627355323095,-2.2465359582079905,-1.2191013640188155,1.5003515610029745,2.584722186912842,0.3017153957988893,-0.8587770921200077,-0.7945476213599855,0.39132328602899025,-0.5205334053213101,-2.159059439545565,-2.2765947275779777,1.2067226317256237,-0.5804265724323426,-0.33935830296672576,-1.7946001234243,0.0030900835754571615,-0.026472235899217628,-0.2821399339197717,-0.6410193333275724,1.3417567746953152,-0.9309624072823499,-1.6260781611314261,-0.6820815803750979,-1.7174767748909223,0.06401366616456539,-1.1495324016863508,-0.9163725745183509,0.9392985001092633,-3.9513778266017074,-2.8201124160381625,0.23506350229761397,1.1387226370327865,-3.1016708053935154,3.298505927969922,0.7766160888724718,0.10264872521571566,-0.20715516305068077,-1.273809416597154,-0.6002019478551751,1.4031579019546652,1.9029536816220445,-1.6360852959255465,-0.376977191392729,-0.5109650585774372,0.17302844324286124,-2.2171353285480344,0.7725678136485881,-0.33906538130969455,0.39022272738644076,1.4188424724732354,0.127492568140596,-0.5553945032705838,-1.945879927611846,-0.27144054610888757,0.5726981221854851,-1.30328968050792,-0.23133929678812926,-1.2075304087812415,-0.4070849449662902,0.6211555251563001,0.9006091058868869,0.371954948120803,2.9572989873489886,0.2463547675475711,0.36937298007688835,-1.4189899371993233,-0.007316571290008678,-0.015807857067996922,0.1535014596130742,-0.08618296526915417,-2.404695951179009,-1.9490406263211573,-0.8489746980400449,-1.625848979449617;3.4808065776743202,0.8723372919804471,-0.4293885430846588,1.6128651979442328,0.8318245037690412,-1.2453068219403038,2.0560628672339445,-0.4866284179142582,-0.7133791044129464,0.8010172661180419,1.4424108573847378,-0.6103551075070955,-0.33607871592092176,-0.5521695245585503,-2.7977532815928297,-0.9489672034263006,-2.1090291179007346,1.3862290758476772,1.532797521543101,0.12739393906015883,-1.3017290374098225,0.9413449165405718,2.1919640940881613,-0.9988376871432829,-0.9115548171311805,-0.8819451844821791,-0.8948716360537634,0.7359859480473583,-1.5282052389177028,-2.116501696541168,-0.10224040750268937,0.09096539428520323,-1.9511964654913818,0.9063667163114919,-0.3830722727934296,0.39087216407308617,-0.09551086209198983,0.07690072671678563,-2.144346315606136,0.7592810526736657,0.29987936221110745,0.6841510046985967,0.9757755996708546,-1.7063235568486457,-1.3183123260116705,0.2633782406049863,0.7085895783107468,0.5707101606332952,-0.28681229405074504,-1.1778461179397661,0.4937736947171985,0.9726388243685711,-1.0831866479660615,-0.2841487424073051,-1.7310396008811508,0.5148383782141979,2.1244127611160812,0.8191727403948448,-2.0575899096911034,1.652299783069465,-0.1742536578452664,-1.397142366975874,0.4386134895796823,0.5543735539674428,0.9206246507358162,1.739202297871384,1.984850583755654,-0.8791051450211873,-1.1353619629367668,-0.9865315127971894,0.4147591393272914,2.5052064922767885,0.9333584837796104,0.14839077568167225,-3.665872786919659,1.1595270831190352,-1.8995521773218804,1.6791254526106865,0.8369622308569841,-0.2787848019463761,-0.35232972795107964,1.5303121657301522,-1.0852627657914886,-1.097556802939968,-2.2410361277878104,0.30309142568239106,1.766974713357016,1.4101536994115342,1.6901863993420951,-1.66844628371785,-3.1185637045974692,-0.07150675433025971,-0.29102217953127785,-2.468022185728434,-2.209678430291211,0.5595790499900356,-0.4106524460931102,-1.1650189015083812,-2.414348030627518,0.48596529667899124,-1.7389824383905492,-0.130119524374894,-0.673523220388486,1.036760224464647,-1.5078116966889867,-2.38030231596883,1.7315177337150025,-0.4158392307493001,1.197024085641991,-2.6359819441903043,-1.5029172256508878,-0.62341844668839,-1.7763310825202934,-2.1838903735046222,2.5438394435997687,-1.115223010031041,-1.6939649215478008,3.106131119206164,0.5461515206340716,0.8305627840175557,-0.2820627484522819,1.4527155113088093,1.8397980495908186,-0.79069820211579,1.3183284360356766,-2.0791958202943137,-0.05596644222363596,-0.5543298899183197,0.5039581261403177,-2.12557653857707,-0.5140396887876956,-1.2005417486665866,0.6160799490103331,0.8500832562407705,-1.7105345194567676,-0.573799697463271,-0.45887724737028646,-0.42630540311469145,0.28243380563304055,-0.33833115597464386,-0.5953100586126833,-1.874630652437709,-1.5670740907654928,0.6620831833619711,0.7959972645297522,-0.66012443648237,3.3983162667910882,-0.5593194951991675,-0.049495828510796855,-1.815687655577179,0.04898795334449846,-1.9244571187924735,2.342469956025628,-0.5267219926347473,-0.8791652150709732,-0.7788196078283778,-0.690777679366964,-0.6739376972334357
3;193;104538.7655365467;3877;5342;0.047412;0.372919;0.048803/0.136727/0.09831/0.051755/0.0732/0.098791/0.090501/0.134462/0.054506/0.082967/0.075432/0.12735/0.051746/0.076651/0.123068/0.051019/0.065789/0.04891/0.079944/0.075787/0.047412/0.074626/0.102207/0.050343/0.049265/0.067338/0.054346/0.054822/0.050124/0.157951/0.050228/0.096244/0.052933/0.054969/0.052684/0.049546/0.069622/0.0539/0.05177/0.049137/0.048892/0.05161/0.081742/0.133857/0.049327/0.0987/0.048719/0.050074/0.052419/0.050674/0.108741/0.087798/0.073784/0.052548/0.065428/0.074388/0.051291/0.049398/0.05307/0.048246/0.051838/0.048653/0.077541/0.051404/0.048832/0.123112/0.048038/0.04968/0.050821/0.053494/0.048072/0.050886/0.108106/0.04913/0.04934/0.04894/0.052052/0.049648/0.049255/0.049645/0.065442/0.058229/0.050768/0.09997/0.052102/0.080385/0.05064/0.092893/0.047861/0.098705/0.054796/0.055117/0.048114/0.049464/0.079774/0.048735/0.054761/0.048342/0.050303/0.175803;0.0/0.580559/0.652556/0.435754/0.504203/0.509912/0.60153/0.516988/0.583256/0.506995/0.870447/0.709778/0.480296/0.431967/0.575989/0.394243/0.558212/4.8e-05/0.594109/0.545694/0.372919/0.411246/0.514062/0.467062/0.224576/0.425541/0.385561/0.399206/0.327774/0.756873/0.221573/0.473402/0.323911/0.418178/0.416333/0.374898/0.458781/0.699316/0.361377/0.305302/0.0/0.425628/0.44306/0.554243/0.036481/0.447421/0.22121/0.421497/0.31431/0.3246/0.512082/0.51934/0.444188/0.376935/0.468439/0.444236/0.34514/0.249515/0.383323/0.0/0.319417/0.1965/0.680574/0.432828/0.183027/0.808099/0.003031/0.376409/0.270677/0.447535/0.228372/0.279484/0.478613/0.266163/0.149701/0.36744/0.308123/0.289266/0.302137/0.278527/0.419632/0.534315/0.362113/0.692881/0.418255/0.455549/0.392599/0.735176/0.0/0.468735/0.408845/0.700005/0.007076/0.191996/0.483787/0.013349/0.423591/0.0/0.344557/0.531638;0.075432/0.055117/0.0539/0.051746/0.050343/0.050074/0.04968/0.049546/0.047412;0.870447/0.700005/0.699316/0.480296/0.467062/0.421497/0.376409/0.374898/0.372919;3.962348258312918,0.8339885646398719,-1.007793362480925,-0.2184625022447242,1.5379335089084878,-1.2219682106178884,2.086643429391695,0.3990205524591274,0.7373856257481506,1.0031905822232812,-0.9170014086173379,-0.33301527269660747,-0.06658958552078464,-0.7441993918064447,-1.7580419581499847,-1.0709039252833055,-0.13633235006261368,1.0671874518563818,1.416036010040315,-0.6764373579911961,-0.2528779273230124,1.3864902327515567,0.7124389429934609,-0.9134811966593819,0.3126317086033736,-1.9008880944614903,-2.1061867267013232,1.5131046708525724,-2.3973883765155226,-2.3075623322269703,-1.0309901352510602,-1.3807585547892005,-0.7927658302926817,1.8324112437069218,-2.0212897106163914,0.331815038322927,-0.736575562543405,1.6872952076183398,0.03438295917628417,0.5946222219955912,0.11178981004178723,0.692489770862007,-0.09038918989431771,-0.606886238434369,-0.46209764504059364,-0.42221745297613755,0.5063538220682972,1.5681129390097743,0.013499993124852089,0.34068565460125017,-0.8915367697414908,0.1786107731238437,-1.2846452336563858,0.5293864074800793,-2.5468149827751407,-0.7824093689987637,0.8329464259317579,1.7082185787293795,-2.476167995979677,1.041681924654354,0.08063287253346466,-2.0299094422822788,-0.939714893149719,-0.18914089737186826,0.9099712287743175,2.1049416198062456,0.5903387781059164,0.18602790852412465,0.0854971117344111,0.12282087252184085,1.7418879508129845,3.3859857531984097,1.6983552639033075,-0.10154510393714372,-3.3244806189269824,0.7687531498359867,-1.6848216935513642,1.143928385066737,0.3263817179705776,-0.9152986357626633,0.5772500589811952,2.931823907634211,-1.7857715708612139,-1.1335627355323095,-2.2465359582079905,-1.2191013640188155,1.5003515610029745,2.584722186912842,0.3017153957988893,-0.8587770921200077,-0.7945476213599855,0.39132328602899025,-0.5205334053213101,-2.159059439545565,-2.2765947275779777,1.2067226317256237,-0.5804265724323426,-0.33935830296672576,-1.7946001234243,0.0030900835754571615,-0.026472235899217628,-0.2821399339197717,-0.6410193333275724,1.3417567746953152,-0.9309624072823499,-1.6260781611314261,-0.6820815803750979,-1.7174767748909223,0.06401366616456539,-1.1495324016863508,-0.9163725745183509,0.9392985001092633,-3.9513778266017074,-2.8201124160381625,0.23506350229761397,1.1387226370327865,-3.1016708053935154,3.298505927969922,0.7766160888724718,0.10264872521571566,-0.20715516305068077,-1.273809416597154,-0.6002019478551751,1.4031579019546652,1.9029536816220445,-1.6360852959255465,-0.376977191392729,-0.5109650585774372,0.17302844324286124,-2.2171353285480344,0.7725678136485881,-0.33906538130969455,0.39022272738644076,1.4188424724732354,0.127492568140596,-0.5553945032705838,-1.945879927611846,-0.27144054610888757,0.5726981221854851,-1.30328968050792,-0.23133929678812926,-1.2075304087812415,-0.4070849449662902,0.6211555251563001,0.9006091058868869,0.371954948120803,2.9572989873489886,0.2463547675475711,0.36937298007688835,-1.4189899371993233,-0.007316571290008678,-0.015807857067996922,0.1535014596130742,-0.08618296526915417,-2.404695951179009,-1.9490406263211573,-0.8489746980400449,-1.625848979449617;3.4808065776743202,0.8723372919804471,-0.4293885430846588,1.6128651979442328,0.8318245037690412,-1.2453068219403038,2.0560628672339445,-0.4866284179142582,-0.7133791044129464,0.8010172661180419,1.4424108573847378,-0.6103551075070955,-0.33607871592092176,-0.5521695245585503,-2.7977532815928297,-0.9489672034263006,-2.1090291179007346,1.3862290758476772,1.532797521543101,0.12739393906015883,-1.3017290374098225,0.9413449165405718,2.1919640940881613,-0.9988376871432829,-0.9115548171311805,-0.8819451844821791,-0.8948716360537634,0.7359859480473583,-1.5282052389177028,-2.116501696541168,-0.10224040750268937,0.09096539428520323,-1.9511964654913818,0.9063667163114919,-0.3830722727934296,0.39087216407308617,-0.09551086209198983,0.07690072671678563,-2.144346315606136,0.7592810526736657,0.29987936221110745,0.6841510046985967,0.9757755996708546,-1.7063235568486457,-1.3183123260116705,0.2633782406049863,0.7085895783107468,0.5707101606332952,-0.28681229405074504,-1.1778461179397661,0.4937736947171985,0.9726388243685711,-1.0831866479660615,-0.2841487424073051,-1.7310396008811508,0.5148383782141979,2.1244127611160812,0.8191727403948448,-2.0575899096911034,1.652299783069465,-0.1742536578452664,-1.397142366975874,0.4386134895796823,0.5543735539674428,0.9206246507358162,1.739202297871384,1.984850583755654,-0.8791051450211873,-1.1353619629367668,-0.9865315127971894,0.4147591393272914,2.5052064922767885,0.9333584837796104,0.14839077568167225,-3.665872786919659,1.1595270831190352,-1.8995521773218804,1.6791254526106865,0.8369622308569841,-0.2787848019463761,-0.35232972795107964,1.5303121657301522,-1.0852627657914886,-1.097556802939968,-2.2410361277878104,0.30309142568239106,1.766974713357016,1.4101536994115342,1.6901863993420951,-1.66844628371785,-3.1185637045974692,-0.07150675433025971,-0.29102217953127785,-2.468022185728434,-2.209678430291211,0.5595790499900356,-0.4106524460931102,-1.1650189015083812,-2.414348030627518,0.48596529667899124,-1.7389824383905492,-0.130119524374894,-0.673523220388486,1.036760224464647,-1.5078116966889867,-2.38030231596883,1.7315177337150025,-0.4158392307493001,1.197024085641991,-2.6359819441903043,-1.5029172256508878,-0.62341844668839,-1.7763310825202934,-2.1838903735046222,2.5438394435997687,-1.115223010031041,-1.6939649215478008,3.106131119206164,0.5461515206340716,0.8305627840175557,-0.2820627484522819,1.4527155113088093,1.8397980495908186,-0.79069820211579,1.3183284360356766,-2.0791958202943137,-0.05596644222363596,-0.5543298899183197,0.5039581261403177,-2.12557653857707,-0.5140396887876956,-1.2005417486665866,0.6160799490103331,0.8500832562407705,-1.7105345194567676,-0.573799697463271,-0.45887724737028646,-0.42630540311469145,0.28243380563304055,-0.33833115597464386,-0.5953100586126833,-1.874630652437709,-1.5670740907654928,0.6620831833619711,0.7959972645297522,-0.66012443648237,3.3983162667910882,-0.5593194951991675,-0.049495828510796855,-1.815687655577179,0.04898795334449846,-1.9244571187924735,2.342469956025628,-0.5267219926347473,-0.8791652150709732,-0.7788196078283778,-0.690777679366964,-0.6739376972334357
3;194;105104.50554251671;3877;5342;0.047412;0.372919;0.048803/0.136727/0.09831/0.051755/0.0732/0.098791/0.090501/0.134462/0.054506/0.082967/0.075432/0.12735/0.051746/0.076651/0.123068/0.051019/0.065789/0.04891/0.079944/0.075787/0.047412/0.074626/0.102207/0.050343/0.049265/0.067338/0.054346/0.054822/0.050124/0.157951/0.050228/0.096244/0.052933/0.054969/0.052684/0.049546/0.069622/0.0539/0.05177/0.049137/0.048892/0.05161/0.081742/0.133857/0.049327/0.0987/0.048719/0.050074/0.052419/0.050674/0.108741/0.087798/0.073784/0.052548/0.065428/0.074388/0.051291/0.049398/0.05307/0.048246/0.051838/0.048653/0.077541/0.051404/0.048832/0.123112/0.048038/0.04968/0.050821/0.053494/0.048072/0.050886/0.108106/0.04913/0.04934/0.04894/0.052052/0.049648/0.049255/0.049645/0.065442/0.058229/0.050768/0.09997/0.052102/0.080385/0.05064/0.092893/0.047861/0.098705/0.054796/0.055117/0.048114/0.049464/0.079774/0.048735/0.054761/0.048342/0.050303/0.175803;0.0/0.580559/0.652556/0.435754/0.504203/0.509912/0.60153/0.516988/0.583256/0.506995/0.870447/0.709778/0.480296/0.431967/0.575989/0.394243/0.558212/4.8e-05/0.594109/0.545694/0.372919/0.411246/0.514062/0.467062/0.224576/0.425541/0.385561/0.399206/0.327774/0.756873/0.221573/0.473402/0.323911/0.418178/0.416333/0.374898/0.458781/0.699316/0.361377/0.305302/0.0/0.425628/0.44306/0.554243/0.036481/0.447421/0.22121/0.421497/0.31431/0.3246/0.512082/0.51934/0.444188/0.376935/0.468439/0.444236/0.34514/0.249515/0.383323/0.0/0.319417/0.1965/0.680574/0.432828/0.183027/0.808099/0.003031/0.376409/0.270677/0.447535/0.228372/0.279484/0.478613/0.266163/0.149701/0.36744/0.308123/0.289266/0.302137/0.278527/0.419632/0.534315/0.362113/0.692881/0.418255/0.455549/0.392599/0.735176/0.0/0.468735/0.408845/0.700005/0.007076/0.191996/0.483787/0.013349/0.423591/0.0/0.344557/0.531638;0.075432/0.055117/0.0539/0.051746/0.050343/0.050074/0.04968/0.049546/0.047412;0.870447/0.700005/0.699316/0.480296/0.467062/0.421497/0.376409/0.374898/0.372919;3.962348258312918,0.8339885646398719,-1.007793362480925,-0.2184625022447242,1.5379335089084878,-1.2219682106178884,2.086643429391695,0.3990205524591274,0.7373856257481506,1.0031905822232812,-0.9170014086173379,-0.33301527269660747,-0.06658958552078464,-0.7441993918064447,-1.7580419581499847,-1.0709039252833055,-0.13633235006261368,1.0671874518563818,1.416036010040315,-0.6764373579911961,-0.2528779273230124,1.3864902327515567,0.7124389429934609,-0.9134811966593819,0.3126317086033736,-1.9008880944614903,-2.1061867267013232,1.5131046708525724,-2.3973883765155226,-2.3075623322269703,-1.0309901352510602,-1.3807585547892005,-0.7927658302926817,1.8324112437069218,-2.0212897106163914,0.331815038322927,-0.736575562543405,1.6872952076183398,0.03438295917628417,0.5946222219955912,0.11178981004178723,0.692489770862007,-0.09038918989431771,-0.606886238434369,-0.46209764504059364,-0.42221745297613755,0.5063538220682972,1.5681129390097743,0.013499993124852089,0.34068565460125017,-0.8915367697414908,0.1786107731238437,-1.2846452336563858,0.5293864074800793,-2.5468149827751407,-0.7824093689987637,0.8329464259317579,1.7082185787293795,-2.476167995979677,1.041681924654354,0.08063287253346466,-2.0299094422822788,-0.939714893149719,-0.18914089737186826,0.9099712287743175,2.1049416198062456,0.5903387781059164,0.18602790852412465,0.0854971117344111,0.12282087252184085,1.7418879508129845,3.3859857531984097,1.6983552639033075,-0.10154510393714372,-3.3244806189269824,0.7687531498359867,-1.6848216935513642,1.143928385066737,0.3263817179705776,-0.9152986357626633,0.5772500589811952,2.931823907634211,-1.7857715708612139,-1.1335627355323095,-2.2465359582079905,-1.2191013640188155,1.5003515610029745,2.584722186912842,0.3017153957988893,-0.8587770921200077,-0.7945476213599855,0.39132328602899025,-0.5205334053213101,-2.159059439545565,-2.2765947275779777,1.2067226317256237,-0.5804265724323426,-0.33935830296672576,-1.7946001234243,0.0030900835754571615,-0.026472235899217628,-0.2821399339197717,-0.6410193333275724,1.3417567746953152,-0.9309624072823499,-1.6260781611314261,-0.6820815803750979,-1.7174767748909223,0.06401366616456539,-1.1495324016863508,-0.9163725745183509,0.9392985001092633,-3.9513778266017074,-2.8201124160381625,0.23506350229761397,1.1387226370327865,-3.1016708053935154,3.298505927969922,0.7766160888724718,0.10264872521571566,-0.20715516305068077,-1.273809416597154,-0.6002019478551751,1.4031579019546652,1.9029536816220445,-1.6360852959255465,-0.376977191392729,-0.5109650585774372,0.17302844324286124,-2.2171353285480344,0.7725678136485881,-0.33906538130969455,0.39022272738644076,1.4188424724732354,0.127492568140596,-0.5553945032705838,-1.945879927611846,-0.27144054610888757,0.5726981221854851,-1.30328968050792,-0.23133929678812926,-1.2075304087812415,-0.4070849449662902,0.6211555251563001,0.9006091058868869,0.371954948120803,2.9572989873489886,0.2463547675475711,0.36937298007688835,-1.4189899371993233,-0.007316571290008678,-0.015807857067996922,0.1535014596130742,-0.08618296526915417,-2.404695951179009,-1.9490406263211573,-0.8489746980400449,-1.625848979449617;3.4808065776743202,0.8723372919804471,-0.4293885430846588,1.6128651979442328,0.8318245037690412,-1.2453068219403038,2.0560628672339445,-0.4866284179142582,-0.7133791044129464,0.8010172661180419,1.4424108573847378,-0.6103551075070955,-0.33607871592092176,-0.5521695245585503,-2.7977532815928297,-0.9489672034263006,-2.1090291179007346,1.3862290758476772,1.532797521543101,0.12739393906015883,-1.3017290374098225,0.9413449165405718,2.1919640940881613,-0.9988376871432829,-0.9115548171311805,-0.8819451844821791,-0.8948716360537634,0.7359859480473583,-1.5282052389177028,-2.116501696541168,-0.10224040750268937,0.09096539428520323,-1.9511964654913818,0.9063667163114919,-0.3830722727934296,0.39087216407308617,-0.09551086209198983,0.07690072671678563,-2.144346315606136,0.7592810526736657,0.29987936221110745,0.6841510046985967,0.9757755996708546,-1.7063235568486457,-1.3183123260116705,0.2633782406049863,0.7085895783107468,0.5707101606332952,-0.28681229405074504,-1.1778461179397661,0.4937736947171985,0.9726388243685711,-1.0831866479660615,-0.2841487424073051,-1.7310396008811508,0.5148383782141979,2.1244127611160812,0.8191727403948448,-2.0575899096911034,1.652299783069465,-0.1742536578452664,-1.397142366975874,0.4386134895796823,0.5543735539674428,0.9206246507358162,1.739202297871384,1.984850583755654,-0.8791051450211873,-1.1353619629367668,-0.9865315127971894,0.4147591393272914,2.5052064922767885,0.9333584837796104,0.14839077568167225,-3.665872786919659,1.1595270831190352,-1.8995521773218804,1.6791254526106865,0.8369622308569841,-0.2787848019463761,-0.35232972795107964,1.5303121657301522,-1.0852627657914886,-1.097556802939968,-2.2410361277878104,0.30309142568239106,1.766974713357016,1.4101536994115342,1.6901863993420951,-1.66844628371785,-3.1185637045974692,-0.07150675433025971,-0.29102217953127785,-2.468022185728434,-2.209678430291211,0.5595790499900356,-0.4106524460931102,-1.1650189015083812,-2.414348030627518,0.48596529667899124,-1.7389824383905492,-0.130119524374894,-0.673523220388486,1.036760224464647,-1.5078116966889867,-2.38030231596883,1.7315177337150025,-0.4158392307493001,1.197024085641991,-2.6359819441903043,-1.5029172256508878,-0.62341844668839,-1.7763310825202934,-2.1838903735046222,2.5438394435997687,-1.115223010031041,-1.6939649215478008,3.106131119206164,0.5461515206340716,0.8305627840175557,-0.2820627484522819,1.4527155113088093,1.8397980495908186,-0.79069820211579,1.3183284360356766,-2.0791958202943137,-0.05596644222363596,-0.5543298899183197,0.5039581261403177,-2.12557653857707,-0.5140396887876956,-1.2005417486665866,0.6160799490103331,0.8500832562407705,-1.7105345194567676,-0.573799697463271,-0.45887724737028646,-0.42630540311469145,0.28243380563304055,-0.33833115597464386,-0.5953100586126833,-1.874630652437709,-1.5670740907654928,0.6620831833619711,0.7959972645297522,-0.66012443648237,3.3983162667910882,-0.5593194951991675,-0.049495828510796855,-1.815687655577179,0.04898795334449846,-1.9244571187924735,2.342469956025628,-0.5267219926347473,-0.8791652150709732,-0.7788196078283778,-0.690777679366964,-0.6739376972334357
3;195;105661.11009573936;3877;5342;0.047412;0.372919;0.048803/0.136727/0.09831/0.051755/0.0732/0.098791/0.090501/0.134462/0.054506/0.082967/0.075432/0.12735/0.051746/0.076651/0.123068/0.051019/0.065789/0.04891/0.079944/0.075787/0.047412/0.074626/0.102207/0.050343/0.049265/0.067338/0.054346/0.054822/0.050124/0.157951/0.050228/0.096244/0.052933/0.054969/0.052684/0.049546/0.069622/0.0539/0.05177/0.049137/0.048892/0.05161/0.081742/0.133857/0.049327/0.0987/0.048719/0.050074/0.052419/0.050674/0.108741/0.087798/0.073784/0.052548/0.065428/0.074388/0.051291/0.049398/0.05307/0.048246/0.051838/0.048653/0.077541/0.051404/0.048832/0.123112/0.048038/0.04968/0.050821/0.053494/0.048072/0.050886/0.108106/0.04913/0.04934/0.04894/0.052052/0.049648/0.049255/0.049645/0.065442/0.058229/0.050768/0.09997/0.052102/0.080385/0.05064/0.092893/0.047861/0.098705/0.054796/0.055117/0.048114/0.049464/0.079774/0.048735/0.054761/0.048342/0.050303/0.175803;0.0/0.580559/0.652556/0.435754/0.504203/0.509912/0.60153/0.516988/0.583256/0.506995/0.870447/0.709778/0.480296/0.431967/0.575989/0.394243/0.558212/4.8e-05/0.594109/0.545694/0.372919/0.411246/0.514062/0.467062/0.224576/0.425541/0.385561/0.399206/0.327774/0.756873/0.221573/0.473402/0.323911/0.418178/0.416333/0.374898/0.458781/0.699316/0.361377/0.305302/0.0/0.425628/0.44306/0.554243/0.036481/0.447421/0.22121/0.421497/0.31431/0.3246/0.512082/0.51934/0.444188/0.376935/0.468439/0.444236/0.34514/0.249515/0.383323/0.0/0.319417/0.1965/0.680574/0.432828/0.183027/0.808099/0.003031/0.376409/0.270677/0.447535/0.228372/0.279484/0.478613/0.266163/0.149701/0.36744/0.308123/0.289266/0.302137/0.278527/0.419632/0.534315/0.362113/0.692881/0.418255/0.455549/0.392599/0.735176/0.0/0.468735/0.408845/0.700005/0.007076/0.191996/0.483787/0.013349/0.423591/0.0/0.344557/0.531638;0.075432/0.055117/0.0539/0.051746/0.050343/0.050074/0.04968/0.049546/0.047412;0.870447/0.700005/0.699316/0.480296/0.467062/0.421497/0.376409/0.374898/0.372919;3.962348258312918,0.8339885646398719,-1.007793362480925,-0.2184625022447242,1.5379335089084878,-1.2219682106178884,2.086643429391695,0.3990205524591274,0.7373856257481506,1.0031905822232812,-0.9170014086173379,-0.33301527269660747,-0.06658958552078464,-0.7441993918064447,-1.7580419581499847,-1.0709039252833055,-0.13633235006261368,1.0671874518563818,1.416036010040315,-0.6764373579911961,-0.2528779273230124,1.3864902327515567,0.7124389429934609,-0.9134811966593819,0.3126317086033736,-1.9008880944614903,-2.1061867267013232,1.5131046708525724,-2.3973883765155226,-2.3075623322269703,-1.0309901352510602,-1.3807585547892005,-0.7927658302926817,1.8324112437069218,-2.0212897106163914,0.331815038322927,-0.736575562543405,1.6872952076183398,0.03438295917628417,0.5946222219955912,0.11178981004178723,0.692489770862007,-0.09038918989431771,-0.606886238434369,-0.46209764504059364,-0.42221745297613755,0.5063538220682972,1.5681129390097743,0.013499993124852089,0.34068565460125017,-0.8915367697414908,0.1786107731238437,-1.2846452336563858,0.5293864074800793,-2.5468149827751407,-0.7824093689987637,0.8329464259317579,1.7082185787293795,-2.476167995979677,1.041681924654354,0.08063287253346466,-2.0299094422822788,-0.939714893149719,-0.18914089737186826,0.9099712287743175,2.1049416198062456,0.5903387781059164,0.18602790852412465,0.0854971117344111,0.12282087252184085,1.7418879508129845,3.3859857531984097,1.6983552639033075,-0.10154510393714372,-3.3244806189269824,0.7687531498359867,-1.6848216935513642,1.143928385066737,0.3263817179705776,-0.9152986357626633,0.5772500589811952,2.931823907634211,-1.7857715708612139,-1.1335627355323095,-2.2465359582079905,-1.2191013640188155,1.5003515610029745,2.584722186912842,0.3017153957988893,-0.8587770921200077,-0.7945476213599855,0.39132328602899025,-0.5205334053213101,-2.159059439545565,-2.2765947275779777,1.2067226317256237,-0.5804265724323426,-0.33935830296672576,-1.7946001234243,0.0030900835754571615,-0.026472235899217628,-0.2821399339197717,-0.6410193333275724,1.3417567746953152,-0.9309624072823499,-1.6260781611314261,-0.6820815803750979,-1.7174767748909223,0.06401366616456539,-1.1495324016863508,-0.9163725745183509,0.9392985001092633,-3.9513778266017074,-2.8201124160381625,0.23506350229761397,1.1387226370327865,-3.1016708053935154,3.298505927969922,0.7766160888724718,0.10264872521571566,-0.20715516305068077,-1.273809416597154,-0.6002019478551751,1.4031579019546652,1.9029536816220445,-1.6360852959255465,-0.376977191392729,-0.5109650585774372,0.17302844324286124,-2.2171353285480344,0.7725678136485881,-0.33906538130969455,0.39022272738644076,1.4188424724732354,0.127492568140596,-0.5553945032705838,-1.945879927611846,-0.27144054610888757,0.5726981221854851,-1.30328968050792,-0.23133929678812926,-1.2075304087812415,-0.4070849449662902,0.6211555251563001,0.9006091058868869,0.371954948120803,2.9572989873489886,0.2463547675475711,0.36937298007688835,-1.4189899371993233,-0.007316571290008678,-0.015807857067996922,0.1535014596130742,-0.08618296526915417,-2.404695951179009,-1.9490406263211573,-0.8489746980400449,-1.625848979449617;3.4808065776743202,0.8723372919804471,-0.4293885430846588,1.6128651979442328,0.8318245037690412,-1.2453068219403038,2.0560628672339445,-0.4866284179142582,-0.7133791044129464,0.8010172661180419,1.4424108573847378,-0.6103551075070955,-0.33607871592092176,-0.5521695245585503,-2.7977532815928297,-0.9489672034263006,-2.1090291179007346,1.3862290758476772,1.532797521543101,0.12739393906015883,-1.3017290374098225,0.9413449165405718,2.1919640940881613,-0.9988376871432829,-0.9115548171311805,-0.8819451844821791,-0.8948716360537634,0.7359859480473583,-1.5282052389177028,-2.116501696541168,-0.10224040750268937,0.09096539428520323,-1.9511964654913818,0.9063667163114919,-0.3830722727934296,0.39087216407308617,-0.09551086209198983,0.07690072671678563,-2.144346315606136,0.7592810526736657,0.29987936221110745,0.6841510046985967,0.9757755996708546,-1.7063235568486457,-1.3183123260116705,0.2633782406049863,0.7085895783107468,0.5707101606332952,-0.28681229405074504,-1.1778461179397661,0.4937736947171985,0.9726388243685711,-1.0831866479660615,-0.2841487424073051,-1.7310396008811508,0.5148383782141979,2.1244127611160812,0.8191727403948448,-2.0575899096911034,1.652299783069465,-0.1742536578452664,-1.397142366975874,0.4386134895796823,0.5543735539674428,0.9206246507358162,1.739202297871384,1.984850583755654,-0.8791051450211873,-1.1353619629367668,-0.9865315127971894,0.4147591393272914,2.5052064922767885,0.9333584837796104,0.14839077568167225,-3.665872786919659,1.1595270831190352,-1.8995521773218804,1.6791254526106865,0.8369622308569841,-0.2787848019463761,-0.35232972795107964,1.5303121657301522,-1.0852627657914886,-1.097556802939968,-2.2410361277878104,0.30309142568239106,1.766974713357016,1.4101536994115342,1.6901863993420951,-1.66844628371785,-3.1185637045974692,-0.07150675433025971,-0.29102217953127785,-2.468022185728434,-2.209678430291211,0.5595790499900356,-0.4106524460931102,-1.1650189015083812,-2.414348030627518,0.48596529667899124,-1.7389824383905492,-0.130119524374894,-0.673523220388486,1.036760224464647,-1.5078116966889867,-2.38030231596883,1.7315177337150025,-0.4158392307493001,1.197024085641991,-2.6359819441903043,-1.5029172256508878,-0.62341844668839,-1.7763310825202934,-2.1838903735046222,2.5438394435997687,-1.115223010031041,-1.6939649215478008,3.106131119206164,0.5461515206340716,0.8305627840175557,-0.2820627484522819,1.4527155113088093,1.8397980495908186,-0.79069820211579,1.3183284360356766,-2.0791958202943137,-0.05596644222363596,-0.5543298899183197,0.5039581261403177,-2.12557653857707,-0.5140396887876956,-1.2005417486665866,0.6160799490103331,0.8500832562407705,-1.7105345194567676,-0.573799697463271,-0.45887724737028646,-0.42630540311469145,0.28243380563304055,-0.33833115597464386,-0.5953100586126833,-1.874630652437709,-1.5670740907654928,0.6620831833619711,0.7959972645297522,-0.66012443648237,3.3983162667910882,-0.5593194951991675,-0.049495828510796855,-1.815687655577179,0.04898795334449846,-1.9244571187924735,2.342469956025628,-0.5267219926347473,-0.8791652150709732,-0.7788196078283778,-0.690777679366964,-0.6739376972334357
3;196;106215.22778534889;3877;5342;0.047412;0.372919;0.048803/0.136727/0.09831/0.051755/0.0732/0.098791/0.090501/0.134462/0.054506/0.082967/0.075432/0.12735/0.051746/0.076651/0.123068/0.051019/0.065789/0.04891/0.079944/0.075787/0.047412/0.074626/0.102207/0.050343/0.049265/0.067338/0.054346/0.054822/0.050124/0.157951/0.050228/0.096244/0.052933/0.054969/0.052684/0.049546/0.069622/0.0539/0.05177/0.049137/0.048892/0.05161/0.081742/0.133857/0.049327/0.0987/0.048719/0.050074/0.052419/0.050674/0.108741/0.087798/0.073784/0.052548/0.065428/0.074388/0.051291/0.049398/0.05307/0.048246/0.051838/0.048653/0.077541/0.051404/0.048832/0.123112/0.048038/0.04968/0.050821/0.053494/0.048072/0.050886/0.108106/0.04913/0.04934/0.04894/0.052052/0.049648/0.049255/0.049645/0.065442/0.058229/0.050768/0.09997/0.052102/0.080385/0.05064/0.092893/0.047861/0.098705/0.054796/0.055117/0.048114/0.049464/0.079774/0.048735/0.054761/0.048342/0.050303/0.175803;0.0/0.580559/0.652556/0.435754/0.504203/0.509912/0.60153/0.516988/0.583256/0.506995/0.870447/0.709778/0.480296/0.431967/0.575989/0.394243/0.558212/4.8e-05/0.594109/0.545694/0.372919/0.411246/0.514062/0.467062/0.224576/0.425541/0.385561/0.399206/0.327774/0.756873/0.221573/0.473402/0.323911/0.418178/0.416333/0.374898/0.458781/0.699316/0.361377/0.305302/0.0/0.425628/0.44306/0.554243/0.036481/0.447421/0.22121/0.421497/0.31431/0.3246/0.512082/0.51934/0.444188/0.376935/0.468439/0.444236/0.34514/0.249515/0.383323/0.0/0.319417/0.1965/0.680574/0.432828/0.183027/0.808099/0.003031/0.376409/0.270677/0.447535/0.228372/0.279484/0.478613/0.266163/0.149701/0.36744/0.308123/0.289266/0.302137/0.278527/0.419632/0.534315/0.362113/0.692881/0.418255/0.455549/0.392599/0.735176/0.0/0.468735/0.408845/0.700005/0.007076/0.191996/0.483787/0.013349/0.423591/0.0/0.344557/0.531638;0.075432/0.055117/0.0539/0.051746/0.050343/0.050074/0.04968/0.049546/0.047412;0.870447/0.700005/0.699316/0.480296/0.467062/0.421497/0.376409/0.374898/0.372919;3.962348258312918,0.8339885646398719,-1.007793362480925,-0.2184625022447242,1.5379335089084878,-1.2219682106178884,2.086643429391695,0.3990205524591274,0.7373856257481506,1.0031905822232812,-0.9170014086173379,-0.33301527269660747,-0.06658958552078464,-0.7441993918064447,-1.7580419581499847,-1.0709039252833055,-0.13633235006261368,1.0671874518563818,1.416036010040315,-0.6764373579911961,-0.2528779273230124,1.3864902327515567,0.7124389429934609,-0.9134811966593819,0.3126317086033736,-1.9008880944614903,-2.1061867267013232,1.5131046708525724,-2.3973883765155226,-2.3075623322269703,-1.0309901352510602,-1.3807585547892005,-0.7927658302926817,1.8324112437069218,-2.0212897106163914,0.331815038322927,-0.736575562543405,1.6872952076183398,0.03438295917628417,0.5946222219955912,0.11178981004178723,0.692489770862007,-0.09038918989431771,-0.606886238434369,-0.46209764504059364,-0.42221745297613755,0.5063538220682972,1.5681129390097743,0.013499993124852089,0.34068565460125017,-0.8915367697414908,0.1786107731238437,-1.2846452336563858,0.5293864074800793,-2.5468149827751407,-0.7824093689987637,0.8329464259317579,1.7082185787293795,-2.476167995979677,1.041681924654354,0.08063287253346466,-2.0299094422822788,-0.939714893149719,-0.18914089737186826,0.9099712287743175,2.1049416198062456,0.5903387781059164,0.18602790852412465,0.0854971117344111,0.12282087252184085,1.7418879508129845,3.3859857531984097,1.6983552639033075,-0.10154510393714372,-3.3244806189269824,0.7687531498359867,-1.6848216935513642,1.143928385066737,0.3263817179705776,-0.9152986357626633,0.5772500589811952,2.931823907634211,-1.7857715708612139,-1.1335627355323095,-2.2465359582079905,-1.2191013640188155,1.5003515610029745,2.584722186912842,0.3017153957988893,-0.8587770921200077,-0.7945476213599855,0.39132328602899025,-0.5205334053213101,-2.159059439545565,-2.2765947275779777,1.2067226317256237,-0.5804265724323426,-0.33935830296672576,-1.7946001234243,0.0030900835754571615,-0.026472235899217628,-0.2821399339197717,-0.6410193333275724,1.3417567746953152,-0.9309624072823499,-1.6260781611314261,-0.6820815803750979,-1.7174767748909223,0.06401366616456539,-1.1495324016863508,-0.9163725745183509,0.9392985001092633,-3.9513778266017074,-2.8201124160381625,0.23506350229761397,1.1387226370327865,-3.1016708053935154,3.298505927969922,0.7766160888724718,0.10264872521571566,-0.20715516305068077,-1.273809416597154,-0.6002019478551751,1.4031579019546652,1.9029536816220445,-1.6360852959255465,-0.376977191392729,-0.5109650585774372,0.17302844324286124,-2.2171353285480344,0.7725678136485881,-0.33906538130969455,0.39022272738644076,1.4188424724732354,0.127492568140596,-0.5553945032705838,-1.945879927611846,-0.27144054610888757,0.5726981221854851,-1.30328968050792,-0.23133929678812926,-1.2075304087812415,-0.4070849449662902,0.6211555251563001,0.9006091058868869,0.371954948120803,2.9572989873489886,0.2463547675475711,0.36937298007688835,-1.4189899371993233,-0.007316571290008678,-0.015807857067996922,0.1535014596130742,-0.08618296526915417,-2.404695951179009,-1.9490406263211573,-0.8489746980400449,-1.625848979449617;3.4808065776743202,0.8723372919804471,-0.4293885430846588,1.6128651979442328,0.8318245037690412,-1.2453068219403038,2.0560628672339445,-0.4866284179142582,-0.7133791044129464,0.8010172661180419,1.4424108573847378,-0.6103551075070955,-0.33607871592092176,-0.5521695245585503,-2.7977532815928297,-0.9489672034263006,-2.1090291179007346,1.3862290758476772,1.532797521543101,0.12739393906015883,-1.3017290374098225,0.9413449165405718,2.1919640940881613,-0.9988376871432829,-0.9115548171311805,-0.8819451844821791,-0.8948716360537634,0.7359859480473583,-1.5282052389177028,-2.116501696541168,-0.10224040750268937,0.09096539428520323,-1.9511964654913818,0.9063667163114919,-0.3830722727934296,0.39087216407308617,-0.09551086209198983,0.07690072671678563,-2.144346315606136,0.7592810526736657,0.29987936221110745,0.6841510046985967,0.9757755996708546,-1.7063235568486457,-1.3183123260116705,0.2633782406049863,0.7085895783107468,0.5707101606332952,-0.28681229405074504,-1.1778461179397661,0.4937736947171985,0.9726388243685711,-1.0831866479660615,-0.2841487424073051,-1.7310396008811508,0.5148383782141979,2.1244127611160812,0.8191727403948448,-2.0575899096911034,1.652299783069465,-0.1742536578452664,-1.397142366975874,0.4386134895796823,0.5543735539674428,0.9206246507358162,1.739202297871384,1.984850583755654,-0.8791051450211873,-1.1353619629367668,-0.9865315127971894,0.4147591393272914,2.5052064922767885,0.9333584837796104,0.14839077568167225,-3.665872786919659,1.1595270831190352,-1.8995521773218804,1.6791254526106865,0.8369622308569841,-0.2787848019463761,-0.35232972795107964,1.5303121657301522,-1.0852627657914886,-1.097556802939968,-2.2410361277878104,0.30309142568239106,1.766974713357016,1.4101536994115342,1.6901863993420951,-1.66844628371785,-3.1185637045974692,-0.07150675433025971,-0.29102217953127785,-2.468022185728434,-2.209678430291211,0.5595790499900356,-0.4106524460931102,-1.1650189015083812,-2.414348030627518,0.48596529667899124,-1.7389824383905492,-0.130119524374894,-0.673523220388486,1.036760224464647,-1.5078116966889867,-2.38030231596883,1.7315177337150025,-0.4158392307493001,1.197024085641991,-2.6359819441903043,-1.5029172256508878,-0.62341844668839,-1.7763310825202934,-2.1838903735046222,2.5438394435997687,-1.115223010031041,-1.6939649215478008,3.106131119206164,0.5461515206340716,0.8305627840175557,-0.2820627484522819,1.4527155113088093,1.8397980495908186,-0.79069820211579,1.3183284360356766,-2.0791958202943137,-0.05596644222363596,-0.5543298899183197,0.5039581261403177,-2.12557653857707,-0.5140396887876956,-1.2005417486665866,0.6160799490103331,0.8500832562407705,-1.7105345194567676,-0.573799697463271,-0.45887724737028646,-0.42630540311469145,0.28243380563304055,-0.33833115597464386,-0.5953100586126833,-1.874630652437709,-1.5670740907654928,0.6620831833619711,0.7959972645297522,-0.66012443648237,3.3983162667910882,-0.5593194951991675,-0.049495828510796855,-1.815687655577179,0.04898795334449846,-1.9244571187924735,2.342469956025628,-0.5267219926347473,-0.8791652150709732,-0.7788196078283778,-0.690777679366964,-0.6739376972334357
3;197;106770.91198301315;3877;5342;0.047412;0.372919;0.048803/0.136727/0.09831/0.051755/0.0732/0.098791/0.090501/0.134462/0.054506/0.082967/0.075432/0.12735/0.051746/0.076651/0.123068/0.051019/0.065789/0.04891/0.079944/0.075787/0.047412/0.074626/0.102207/0.050343/0.049265/0.067338/0.054346/0.054822/0.050124/0.157951/0.050228/0.096244/0.052933/0.054969/0.052684/0.049546/0.069622/0.0539/0.05177/0.049137/0.048892/0.05161/0.081742/0.133857/0.049327/0.0987/0.048719/0.050074/0.052419/0.050674/0.108741/0.087798/0.073784/0.052548/0.065428/0.074388/0.051291/0.049398/0.05307/0.048246/0.051838/0.048653/0.077541/0.051404/0.048832/0.123112/0.048038/0.04968/0.050821/0.053494/0.048072/0.050886/0.108106/0.04913/0.04934/0.04894/0.052052/0.049648/0.049255/0.049645/0.065442/0.058229/0.050768/0.09997/0.052102/0.080385/0.05064/0.092893/0.047861/0.098705/0.054796/0.055117/0.048114/0.049464/0.079774/0.048735/0.054761/0.048342/0.050303/0.175803;0.0/0.580559/0.652556/0.435754/0.504203/0.509912/0.60153/0.516988/0.583256/0.506995/0.870447/0.709778/0.480296/0.431967/0.575989/0.394243/0.558212/4.8e-05/0.594109/0.545694/0.372919/0.411246/0.514062/0.467062/0.224576/0.425541/0.385561/0.399206/0.327774/0.756873/0.221573/0.473402/0.323911/0.418178/0.416333/0.374898/0.458781/0.699316/0.361377/0.305302/0.0/0.425628/0.44306/0.554243/0.036481/0.447421/0.22121/0.421497/0.31431/0.3246/0.512082/0.51934/0.444188/0.376935/0.468439/0.444236/0.34514/0.249515/0.383323/0.0/0.319417/0.1965/0.680574/0.432828/0.183027/0.808099/0.003031/0.376409/0.270677/0.447535/0.228372/0.279484/0.478613/0.266163/0.149701/0.36744/0.308123/0.289266/0.302137/0.278527/0.419632/0.534315/0.362113/0.692881/0.418255/0.455549/0.392599/0.735176/0.0/0.468735/0.408845/0.700005/0.007076/0.191996/0.483787/0.013349/0.423591/0.0/0.344557/0.531638;0.075432/0.055117/0.0539/0.051746/0.050343/0.050074/0.04968/0.049546/0.047412;0.870447/0.700005/0.699316/0.480296/0.467062/0.421497/0.376409/0.374898/0.372919;3.962348258312918,0.8339885646398719,-1.007793362480925,-0.2184625022447242,1.5379335089084878,-1.2219682106178884,2.086643429391695,0.3990205524591274,0.7373856257481506,1.0031905822232812,-0.9170014086173379,-0.33301527269660747,-0.06658958552078464,-0.7441993918064447,-1.7580419581499847,-1.0709039252833055,-0.13633235006261368,1.0671874518563818,1.416036010040315,-0.6764373579911961,-0.2528779273230124,1.3864902327515567,0.7124389429934609,-0.9134811966593819,0.3126317086033736,-1.9008880944614903,-2.1061867267013232,1.5131046708525724,-2.3973883765155226,-2.3075623322269703,-1.0309901352510602,-1.3807585547892005,-0.7927658302926817,1.8324112437069218,-2.0212897106163914,0.331815038322927,-0.736575562543405,1.6872952076183398,0.03438295917628417,0.5946222219955912,0.11178981004178723,0.692489770862007,-0.09038918989431771,-0.606886238434369,-0.46209764504059364,-0.42221745297613755,0.5063538220682972,1.5681129390097743,0.013499993124852089,0.34068565460125017,-0.8915367697414908,0.1786107731238437,-1.2846452336563858,0.5293864074800793,-2.5468149827751407,-0.7824093689987637,0.8329464259317579,1.7082185787293795,-2.476167995979677,1.041681924654354,0.08063287253346466,-2.0299094422822788,-0.939714893149719,-0.18914089737186826,0.9099712287743175,2.1049416198062456,0.5903387781059164,0.18602790852412465,0.0854971117344111,0.12282087252184085,1.7418879508129845,3.3859857531984097,1.6983552639033075,-0.10154510393714372,-3.3244806189269824,0.7687531498359867,-1.6848216935513642,1.143928385066737,0.3263817179705776,-0.9152986357626633,0.5772500589811952,2.931823907634211,-1.7857715708612139,-1.1335627355323095,-2.2465359582079905,-1.2191013640188155,1.5003515610029745,2.584722186912842,0.3017153957988893,-0.8587770921200077,-0.7945476213599855,0.39132328602899025,-0.5205334053213101,-2.159059439545565,-2.2765947275779777,1.2067226317256237,-0.5804265724323426,-0.33935830296672576,-1.7946001234243,0.0030900835754571615,-0.026472235899217628,-0.2821399339197717,-0.6410193333275724,1.3417567746953152,-0.9309624072823499,-1.6260781611314261,-0.6820815803750979,-1.7174767748909223,0.06401366616456539,-1.1495324016863508,-0.9163725745183509,0.9392985001092633,-3.9513778266017074,-2.8201124160381625,0.23506350229761397,1.1387226370327865,-3.1016708053935154,3.298505927969922,0.7766160888724718,0.10264872521571566,-0.20715516305068077,-1.273809416597154,-0.6002019478551751,1.4031579019546652,1.9029536816220445,-1.6360852959255465,-0.376977191392729,-0.5109650585774372,0.17302844324286124,-2.2171353285480344,0.7725678136485881,-0.33906538130969455,0.39022272738644076,1.4188424724732354,0.127492568140596,-0.5553945032705838,-1.945879927611846,-0.27144054610888757,0.5726981221854851,-1.30328968050792,-0.23133929678812926,-1.2075304087812415,-0.4070849449662902,0.6211555251563001,0.9006091058868869,0.371954948120803,2.9572989873489886,0.2463547675475711,0.36937298007688835,-1.4189899371993233,-0.007316571290008678,-0.015807857067996922,0.1535014596130742,-0.08618296526915417,-2.404695951179009,-1.9490406263211573,-0.8489746980400449,-1.625848979449617;3.4808065776743202,0.8723372919804471,-0.4293885430846588,1.6128651979442328,0.8318245037690412,-1.2453068219403038,2.0560628672339445,-0.4866284179142582,-0.7133791044129464,0.8010172661180419,1.4424108573847378,-0.6103551075070955,-0.33607871592092176,-0.5521695245585503,-2.7977532815928297,-0.9489672034263006,-2.1090291179007346,1.3862290758476772,1.532797521543101,0.12739393906015883,-1.3017290374098225,0.9413449165405718,2.1919640940881613,-0.9988376871432829,-0.9115548171311805,-0.8819451844821791,-0.8948716360537634,0.7359859480473583,-1.5282052389177028,-2.116501696541168,-0.10224040750268937,0.09096539428520323,-1.9511964654913818,0.9063667163114919,-0.3830722727934296,0.39087216407308617,-0.09551086209198983,0.07690072671678563,-2.144346315606136,0.7592810526736657,0.29987936221110745,0.6841510046985967,0.9757755996708546,-1.7063235568486457,-1.3183123260116705,0.2633782406049863,0.7085895783107468,0.5707101606332952,-0.28681229405074504,-1.1778461179397661,0.4937736947171985,0.9726388243685711,-1.0831866479660615,-0.2841487424073051,-1.7310396008811508,0.5148383782141979,2.1244127611160812,0.8191727403948448,-2.0575899096911034,1.652299783069465,-0.1742536578452664,-1.397142366975874,0.4386134895796823,0.5543735539674428,0.9206246507358162,1.739202297871384,1.984850583755654,-0.8791051450211873,-1.1353619629367668,-0.9865315127971894,0.4147591393272914,2.5052064922767885,0.9333584837796104,0.14839077568167225,-3.665872786919659,1.1595270831190352,-1.8995521773218804,1.6791254526106865,0.8369622308569841,-0.2787848019463761,-0.35232972795107964,1.5303121657301522,-1.0852627657914886,-1.097556802939968,-2.2410361277878104,0.30309142568239106,1.766974713357016,1.4101536994115342,1.6901863993420951,-1.66844628371785,-3.1185637045974692,-0.07150675433025971,-0.29102217953127785,-2.468022185728434,-2.209678430291211,0.5595790499900356,-0.4106524460931102,-1.1650189015083812,-2.414348030627518,0.48596529667899124,-1.7389824383905492,-0.130119524374894,-0.673523220388486,1.036760224464647,-1.5078116966889867,-2.38030231596883,1.7315177337150025,-0.4158392307493001,1.197024085641991,-2.6359819441903043,-1.5029172256508878,-0.62341844668839,-1.7763310825202934,-2.1838903735046222,2.5438394435997687,-1.115223010031041,-1.6939649215478008,3.106131119206164,0.5461515206340716,0.8305627840175557,-0.2820627484522819,1.4527155113088093,1.8397980495908186,-0.79069820211579,1.3183284360356766,-2.0791958202943137,-0.05596644222363596,-0.5543298899183197,0.5039581261403177,-2.12557653857707,-0.5140396887876956,-1.2005417486665866,0.6160799490103331,0.8500832562407705,-1.7105345194567676,-0.573799697463271,-0.45887724737028646,-0.42630540311469145,0.28243380563304055,-0.33833115597464386,-0.5953100586126833,-1.874630652437709,-1.5670740907654928,0.6620831833619711,0.7959972645297522,-0.66012443648237,3.3983162667910882,-0.5593194951991675,-0.049495828510796855,-1.815687655577179,0.04898795334449846,-1.9244571187924735,2.342469956025628,-0.5267219926347473,-0.8791652150709732,-0.7788196078283778,-0.690777679366964,-0.6739376972334357
3;198;107312.10765147209;3877;5342;0.047412;0.372919;0.048803/0.136727/0.09831/0.051755/0.0732/0.098791/0.090501/0.134462/0.054506/0.082967/0.075432/0.12735/0.051746/0.076651/0.123068/0.051019/0.065789/0.04891/0.079944/0.075787/0.047412/0.074626/0.102207/0.050343/0.049265/0.067338/0.054346/0.050124/0.157951/0.050228/0.096244/0.052933/0.054969/0.052684/0.049546/0.069622/0.0539/0.05177/0.049137/0.048892/0.05161/0.081742/0.133857/0.049327/0.0987/0.048719/0.050074/0.052419/0.050674/0.108741/0.087798/0.073784/0.052548/0.065428/0.074388/0.051291/0.049398/0.05307/0.048246/0.051838/0.048653/0.077541/0.051404/0.048832/0.123112/0.048038/0.04968/0.050821/0.053494/0.048072/0.050886/0.04913/0.04934/0.04894/0.052052/0.049648/0.049255/0.049645/0.065442/0.058229/0.050768/0.09997/0.052102/0.080385/0.05064/0.092893/0.047861/0.098705/0.054796/0.055117/0.048114/0.049464/0.079774/0.048735/0.054761/0.048342/0.050303/0.175803/0.054432/0.05969;0.0/0.580559/0.652556/0.435754/0.504203/0.509912/0.60153/0.516988/0.583256/0.506995/0.870447/0.709778/0.480296/0.431967/0.575989/0.394243/0.558212/4.8e-05/0.594109/0.545694/0.372919/0.411246/0.514062/0.467062/0.224576/0.425541/0.385561/0.327774/0.756873/0.221573/0.473402/0.323911/0.418178/0.416333/0.374898/0.458781/0.699316/0.361377/0.305302/0.0/0.425628/0.44306/0.554243/0.036481/0.447421/0.22121/0.421497/0.31431/0.3246/0.512082/0.51934/0.444188/0.376935/0.468439/0.444236/0.34514/0.249515/0.383323/0.0/0.319417/0.1965/0.680574/0.432828/0.183027/0.808099/0.003031/0.376409/0.270677/0.447535/0.228372/0.279484/0.266163/0.149701/0.36744/0.308123/0.289266/0.302137/0.278527/0.419632/0.534315/0.362113/0.692881/0.418255/0.455549/0.392599/0.735176/0.0/0.468735/0.408845/0.700005/0.007076/0.191996/0.483787/0.013349/0.423591/0.0/0.344557/0.531638/0.416467/0.434932;0.075432/0.055117/0.0539/0.051746/0.050343/0.050074/0.04968/0.049546/0.047412;0.870447/0.700005/0.699316/0.480296/0.467062/0.421497/0.376409/0.374898/0.372919;3.962348258312918,0.8339885646398719,-1.007793362480925,-0.2184625022447242,1.5379335089084878,-1.2219682106178884,2.086643429391695,0.3990205524591274,0.7373856257481506,1.0031905822232812,-0.9170014086173379,-0.33301527269660747,-0.06658958552078464,-0.7441993918064447,-1.7580419581499847,-1.0709039252833055,-0.13633235006261368,1.0671874518563818,1.416036010040315,-0.6764373579911961,-0.2528779273230124,1.3864902327515567,0.7124389429934609,-0.9134811966593819,0.3126317086033736,-1.9008880944614903,-2.1061867267013232,1.5131046708525724,-2.3973883765155226,-2.3075623322269703,-1.0309901352510602,-1.3807585547892005,-0.7927658302926817,1.8324112437069218,-2.0212897106163914,0.331815038322927,-0.736575562543405,1.6872952076183398,0.03438295917628417,0.5946222219955912,0.11178981004178723,0.692489770862007,-0.09038918989431771,-0.606886238434369,-0.46209764504059364,-0.42221745297613755,0.5063538220682972,1.5681129390097743,0.013499993124852089,0.34068565460125017,-0.8915367697414908,0.1786107731238437,-1.2846452336563858,0.5293864074800793,-2.5468149827751407,-0.7824093689987637,0.8329464259317579,1.7082185787293795,-2.476167995979677,1.041681924654354,0.08063287253346466,-2.0299094422822788,-0.939714893149719,-0.18914089737186826,0.9099712287743175,2.1049416198062456,0.5903387781059164,0.18602790852412465,0.0854971117344111,0.12282087252184085,1.7418879508129845,3.3859857531984097,1.6983552639033075,-0.10154510393714372,-3.3244806189269824,0.7687531498359867,-1.6848216935513642,1.143928385066737,0.3263817179705776,-0.9152986357626633,0.5772500589811952,2.931823907634211,-1.7857715708612139,-1.1335627355323095,-2.2465359582079905,-1.2191013640188155,1.5003515610029745,2.584722186912842,0.3017153957988893,-0.8587770921200077,-0.7945476213599855,0.39132328602899025,-0.5205334053213101,-2.159059439545565,-2.2765947275779777,1.2067226317256237,-0.5804265724323426,-0.33935830296672576,-1.7946001234243,0.0030900835754571615,-0.026472235899217628,-0.2821399339197717,-0.6410193333275724,1.3417567746953152,-0.9309624072823499,-1.6260781611314261,-0.6820815803750979,-1.7174767748909223,0.06401366616456539,-1.1495324016863508,-0.9163725745183509,0.9392985001092633,-3.9513778266017074,-2.8201124160381625,0.23506350229761397,1.1387226370327865,-3.1016708053935154,3.298505927969922,0.7766160888724718,0.10264872521571566,-0.20715516305068077,-1.273809416597154,-0.6002019478551751,1.4031579019546652,1.9029536816220445,-1.6360852959255465,-0.376977191392729,-0.5109650585774372,0.17302844324286124,-2.2171353285480344,0.7725678136485881,-0.33906538130969455,0.39022272738644076,1.4188424724732354,0.127492568140596,-0.5553945032705838,-1.945879927611846,-0.27144054610888757,0.5726981221854851,-1.30328968050792,-0.23133929678812926,-1.2075304087812415,-0.4070849449662902,0.6211555251563001,0.9006091058868869,0.371954948120803,2.9572989873489886,0.2463547675475711,0.36937298007688835,-1.4189899371993233,-0.007316571290008678,-0.015807857067996922,0.1535014596130742,-0.08618296526915417,-2.404695951179009,-1.9490406263211573,-0.8489746980400449,-1.625848979449617;3.4808065776743202,0.8723372919804471,-0.4293885430846588,1.6128651979442328,0.8318245037690412,-1.2453068219403038,2.0560628672339445,-0.4866284179142582,-0.7133791044129464,0.8010172661180419,1.4424108573847378,-0.6103551075070955,-0.33607871592092176,-0.5521695245585503,-2.7977532815928297,-0.9489672034263006,-2.1090291179007346,1.3862290758476772,1.532797521543101,0.12739393906015883,-1.3017290374098225,0.9413449165405718,2.1919640940881613,-0.9988376871432829,-0.9115548171311805,-0.8819451844821791,-0.8948716360537634,0.7359859480473583,-1.5282052389177028,-2.116501696541168,-0.10224040750268937,0.09096539428520323,-1.9511964654913818,0.9063667163114919,-0.3830722727934296,0.39087216407308617,-0.09551086209198983,0.07690072671678563,-2.144346315606136,0.7592810526736657,0.29987936221110745,0.6841510046985967,0.9757755996708546,-1.7063235568486457,-1.3183123260116705,0.2633782406049863,0.7085895783107468,0.5707101606332952,-0.28681229405074504,-1.1778461179397661,0.4937736947171985,0.9726388243685711,-1.0831866479660615,-0.2841487424073051,-1.7310396008811508,0.5148383782141979,2.1244127611160812,0.8191727403948448,-2.0575899096911034,1.652299783069465,-0.1742536578452664,-1.397142366975874,0.4386134895796823,0.5543735539674428,0.9206246507358162,1.739202297871384,1.984850583755654,-0.8791051450211873,-1.1353619629367668,-0.9865315127971894,0.4147591393272914,2.5052064922767885,0.9333584837796104,0.14839077568167225,-3.665872786919659,1.1595270831190352,-1.8995521773218804,1.6791254526106865,0.8369622308569841,-0.2787848019463761,-0.35232972795107964,1.5303121657301522,-1.0852627657914886,-1.097556802939968,-2.2410361277878104,0.30309142568239106,1.766974713357016,1.4101536994115342,1.6901863993420951,-1.66844628371785,-3.1185637045974692,-0.07150675433025971,-0.29102217953127785,-2.468022185728434,-2.209678430291211,0.5595790499900356,-0.4106524460931102,-1.1650189015083812,-2.414348030627518,0.48596529667899124,-1.7389824383905492,-0.130119524374894,-0.673523220388486,1.036760224464647,-1.5078116966889867,-2.38030231596883,1.7315177337150025,-0.4158392307493001,1.197024085641991,-2.6359819441903043,-1.5029172256508878,-0.62341844668839,-1.7763310825202934,-2.1838903735046222,2.5438394435997687,-1.115223010031041,-1.6939649215478008,3.106131119206164,0.5461515206340716,0.8305627840175557,-0.2820627484522819,1.4527155113088093,1.8397980495908186,-0.79069820211579,1.3183284360356766,-2.0791958202943137,-0.05596644222363596,-0.5543298899183197,0.5039581261403177,-2.12557653857707,-0.5140396887876956,-1.2005417486665866,0.6160799490103331,0.8500832562407705,-1.7105345194567676,-0.573799697463271,-0.45887724737028646,-0.42630540311469145,0.28243380563304055,-0.33833115597464386,-0.5953100586126833,-1.874630652437709,-1.5670740907654928,0.6620831833619711,0.7959972645297522,-0.66012443648237,3.3983162667910882,-0.5593194951991675,-0.049495828510796855,-1.815687655577179,0.04898795334449846,-1.9244571187924735,2.342469956025628,-0.5267219926347473,-0.8791652150709732,-0.7788196078283778,-0.690777679366964,-0.6739376972334357
3;199;107867.5665011406;3877;5342;0.047412;0.372919;0.048803/0.136727/0.09831/0.051755/0.0732/0.098791/0.090501/0.134462/0.054506/0.082967/0.075432/0.12735/0.051746/0.076651/0.123068/0.051019/0.065789/0.04891/0.079944/0.075787/0.047412/0.102207/0.050343/0.049265/0.067338/0.054346/0.050124/0.157951/0.050228/0.096244/0.052933/0.054969/0.052684/0.049546/0.069622/0.0539/0.05177/0.049137/0.048892/0.05161/0.081742/0.133857/0.049327/0.0987/0.048719/0.050074/0.052419/0.050674/0.108741/0.087798/0.073784/0.052548/0.065428/0.074388/0.051291/0.049398/0.05307/0.048246/0.051838/0.048653/0.077541/0.051404/0.048832/0.123112/0.048038/0.04968/0.050821/0.053494/0.048072/0.050886/0.04913/0.04934/0.04894/0.052052/0.049648/0.049255/0.049645/0.065442/0.058229/0.050768/0.09997/0.052102/0.080385/0.05064/0.092893/0.047861/0.054796/0.055117/0.048114/0.049464/0.079774/0.048735/0.054761/0.048342/0.050303/0.175803/0.054432/0.05969/0.048246/0.08643;0.0/0.580559/0.652556/0.435754/0.504203/0.509912/0.60153/0.516988/0.583256/0.506995/0.870447/0.709778/0.480296/0.431967/0.575989/0.394243/0.558212/4.8e-05/0.594109/0.545694/0.372919/0.514062/0.467062/0.224576/0.425541/0.385561/0.327774/0.756873/0.221573/0.473402/0.323911/0.418178/0.416333/0.374898/0.458781/0.699316/0.361377/0.305302/0.0/0.425628/0.44306/0.554243/0.036481/0.447421/0.22121/0.421497/0.31431/0.3246/0.512082/0.51934/0.444188/0.376935/0.468439/0.444236/0.34514/0.249515/0.383323/0.0/0.319417/0.1965/0.680574/0.432828/0.183027/0.808099/0.003031/0.376409/0.270677/0.447535/0.228372/0.279484/0.266163/0.149701/0.36744/0.308123/0.289266/0.302137/0.278527/0.419632/0.534315/0.362113/0.692881/0.418255/0.455549/0.392599/0.735176/0.0/0.408845/0.700005/0.007076/0.191996/0.483787/0.013349/0.423591/0.0/0.344557/0.531638/0.416467/0.434932/0.0/0.550657;0.075432/0.055117/0.0539/0.051746/0.050343/0.050074/0.04968/0.049546/0.047412;0.870447/0.700005/0.699316/0.480296/0.467062/0.421497/0.376409/0.374898/0.372919;3.962348258312918,0.8339885646398719,-1.007793362480925,-0.2184625022447242,1.5379335089084878,-1.2219682106178884,2.086643429391695,0.3990205524591274,0.7373856257481506,1.0031905822232812,-0.9170014086173379,-0.33301527269660747,-0.06658958552078464,-0.7441993918064447,-1.7580419581499847,-1.0709039252833055,-0.13633235006261368,1.0671874518563818,1.416036010040315,-0.6764373579911961,-0.2528779273230124,1.3864902327515567,0.7124389429934609,-0.9134811966593819,0.3126317086033736,-1.9008880944614903,-2.1061867267013232,1.5131046708525724,-2.3973883765155226,-2.3075623322269703,-1.0309901352510602,-1.3807585547892005,-0.7927658302926817,1.8324112437069218,-2.0212897106163914,0.331815038322927,-0.736575562543405,1.6872952076183398,0.03438295917628417,0.5946222219955912,0.11178981004178723,0.692489770862007,-0.09038918989431771,-0.606886238434369,-0.46209764504059364,-0.42221745297613755,0.5063538220682972,1.5681129390097743,0.013499993124852089,0.34068565460125017,-0.8915367697414908,0.1786107731238437,-1.2846452336563858,0.5293864074800793,-2.5468149827751407,-0.7824093689987637,0.8329464259317579,1.7082185787293795,-2.476167995979677,1.041681924654354,0.08063287253346466,-2.0299094422822788,-0.939714893149719,-0.18914089737186826,0.9099712287743175,2.1049416198062456,0.5903387781059164,0.18602790852412465,0.0854971117344111,0.12282087252184085,1.7418879508129845,3.3859857531984097,1.6983552639033075,-0.10154510393714372,-3.3244806189269824,0.7687531498359867,-1.6848216935513642,1.143928385066737,0.3263817179705776,-0.9152986357626633,0.5772500589811952,2.931823907634211,-1.7857715708612139,-1.1335627355323095,-2.2465359582079905,-1.2191013640188155,1.5003515610029745,2.584722186912842,0.3017153957988893,-0.8587770921200077,-0.7945476213599855,0.39132328602899025,-0.5205334053213101,-2.159059439545565,-2.2765947275779777,1.2067226317256237,-0.5804265724323426,-0.33935830296672576,-1.7946001234243,0.0030900835754571615,-0.026472235899217628,-0.2821399339197717,-0.6410193333275724,1.3417567746953152,-0.9309624072823499,-1.6260781611314261,-0.6820815803750979,-1.7174767748909223,0.06401366616456539,-1.1495324016863508,-0.9163725745183509,0.9392985001092633,-3.9513778266017074,-2.8201124160381625,0.23506350229761397,1.1387226370327865,-3.1016708053935154,3.298505927969922,0.7766160888724718,0.10264872521571566,-0.20715516305068077,-1.273809416597154,-0.6002019478551751,1.4031579019546652,1.9029536816220445,-1.6360852959255465,-0.376977191392729,-0.5109650585774372,0.17302844324286124,-2.2171353285480344,0.7725678136485881,-0.33906538130969455,0.39022272738644076,1.4188424724732354,0.127492568140596,-0.5553945032705838,-1.945879927611846,-0.27144054610888757,0.5726981221854851,-1.30328968050792,-0.23133929678812926,-1.2075304087812415,-0.4070849449662902,0.6211555251563001,0.9006091058868869,0.371954948120803,2.9572989873489886,0.2463547675475711,0.36937298007688835,-1.4189899371993233,-0.007316571290008678,-0.015807857067996922,0.1535014596130742,-0.08618296526915417,-2.404695951179009,-1.9490406263211573,-0.8489746980400449,-1.625848979449617;3.4808065776743202,0.8723372919804471,-0.4293885430846588,1.6128651979442328,0.8318245037690412,-1.2453068219403038,2.0560628672339445,-0.4866284179142582,-0.7133791044129464,0.8010172661180419,1.4424108573847378,-0.6103551075070955,-0.33607871592092176,-0.5521695245585503,-2.7977532815928297,-0.9489672034263006,-2.1090291179007346,1.3862290758476772,1.532797521543101,0.12739393906015883,-1.3017290374098225,0.9413449165405718,2.1919640940881613,-0.9988376871432829,-0.9115548171311805,-0.8819451844821791,-0.8948716360537634,0.7359859480473583,-1.5282052389177028,-2.116501696541168,-0.10224040750268937,0.09096539428520323,-1.9511964654913818,0.9063667163114919,-0.3830722727934296,0.39087216407308617,-0.09551086209198983,0.07690072671678563,-2.144346315606136,0.7592810526736657,0.29987936221110745,0.6841510046985967,0.9757755996708546,-1.7063235568486457,-1.3183123260116705,0.2633782406049863,0.7085895783107468,0.5707101606332952,-0.28681229405074504,-1.1778461179397661,0.4937736947171985,0.9726388243685711,-1.0831866479660615,-0.2841487424073051,-1.7310396008811508,0.5148383782141979,2.1244127611160812,0.8191727403948448,-2.0575899096911034,1.652299783069465,-0.1742536578452664,-1.397142366975874,0.4386134895796823,0.5543735539674428,0.9206246507358162,1.739202297871384,1.984850583755654,-0.8791051450211873,-1.1353619629367668,-0.9865315127971894,0.4147591393272914,2.5052064922767885,0.9333584837796104,0.14839077568167225,-3.665872786919659,1.1595270831190352,-1.8995521773218804,1.6791254526106865,0.8369622308569841,-0.2787848019463761,-0.35232972795107964,1.5303121657301522,-1.0852627657914886,-1.097556802939968,-2.2410361277878104,0.30309142568239106,1.766974713357016,1.4101536994115342,1.6901863993420951,-1.66844628371785,-3.1185637045974692,-0.07150675433025971,-0.29102217953127785,-2.468022185728434,-2.209678430291211,0.5595790499900356,-0.4106524460931102,-1.1650189015083812,-2.414348030627518,0.48596529667899124,-1.7389824383905492,-0.130119524374894,-0.673523220388486,1.036760224464647,-1.5078116966889867,-2.38030231596883,1.7315177337150025,-0.4158392307493001,1.197024085641991,-2.6359819441903043,-1.5029172256508878,-0.62341844668839,-1.7763310825202934,-2.1838903735046222,2.5438394435997687,-1.115223010031041,-1.6939649215478008,3.106131119206164,0.5461515206340716,0.8305627840175557,-0.2820627484522819,1.4527155113088093,1.8397980495908186,-0.79069820211579,1.3183284360356766,-2.0791958202943137,-0.05596644222363596,-0.5543298899183197,0.5039581261403177,-2.12557653857707,-0.5140396887876956,-1.2005417486665866,0.6160799490103331,0.8500832562407705,-1.7105345194567676,-0.573799697463271,-0.45887724737028646,-0.42630540311469145,0.28243380563304055,-0.33833115597464386,-0.5953100586126833,-1.874630652437709,-1.5670740907654928,0.6620831833619711,0.7959972645297522,-0.66012443648237,3.3983162667910882,-0.5593194951991675,-0.049495828510796855,-1.815687655577179,0.04898795334449846,-1.9244571187924735,2.342469956025628,-0.5267219926347473,-0.8791652150709732,-0.7788196078283778,-0.690777679366964,-0.6739376972334357
3;199;108424.85044574738;3877;5342;0.047412;0.372919;0.048803/0.136727/0.09831/0.051755/0.0732/0.098791/0.090501/0.134462/0.054506/0.082967/0.075432/0.12735/0.051746/0.076651/0.123068/0.051019/0.065789/0.04891/0.079944/0.075787/0.047412/0.102207/0.050343/0.049265/0.067338/0.054346/0.050124/0.157951/0.050228/0.096244/0.052933/0.054969/0.052684/0.049546/0.069622/0.0539/0.05177/0.049137/0.048892/0.05161/0.081742/0.133857/0.049327/0.0987/0.048719/0.050074/0.052419/0.050674/0.108741/0.087798/0.073784/0.052548/0.065428/0.074388/0.051291/0.049398/0.05307/0.048246/0.051838/0.048653/0.077541/0.051404/0.048832/0.123112/0.048038/0.04968/0.050821/0.053494/0.048072/0.050886/0.04913/0.04934/0.04894/0.052052/0.049648/0.049255/0.049645/0.065442/0.058229/0.050768/0.09997/0.052102/0.080385/0.05064/0.092893/0.047861/0.054796/0.055117/0.048114/0.049464/0.079774/0.048735/0.054761/0.048342/0.050303/0.175803/0.054432/0.05969/0.048246/0.08643;0.0/0.580559/0.652556/0.435754/0.504203/0.509912/0.60153/0.516988/0.583256/0.506995/0.870447/0.709778/0.480296/0.431967/0.575989/0.394243/0.558212/4.8e-05/0.594109/0.545694/0.372919/0.514062/0.467062/0.224576/0.425541/0.385561/0.327774/0.756873/0.221573/0.473402/0.323911/0.418178/0.416333/0.374898/0.458781/0.699316/0.361377/0.305302/0.0/0.425628/0.44306/0.554243/0.036481/0.447421/0.22121/0.421497/0.31431/0.3246/0.512082/0.51934/0.444188/0.376935/0.468439/0.444236/0.34514/0.249515/0.383323/0.0/0.319417/0.1965/0.680574/0.432828/0.183027/0.808099/0.003031/0.376409/0.270677/0.447535/0.228372/0.279484/0.266163/0.149701/0.36744/0.308123/0.289266/0.302137/0.278527/0.419632/0.534315/0.362113/0.692881/0.418255/0.455549/0.392599/0.735176/0.0/0.408845/0.700005/0.007076/0.191996/0.483787/0.013349/0.423591/0.0/0.344557/0.531638/0.416467/0.434932/0.0/0.550657;0.075432/0.055117/0.0539/0.051746/0.050343/0.050074/0.04968/0.049546/0.047412;0.870447/0.700005/0.699316/0.480296/0.467062/0.421497/0.376409/0.374898/0.372919;3.962348258312918,0.8339885646398719,-1.007793362480925,-0.2184625022447242,1.5379335089084878,-1.2219682106178884,2.086643429391695,0.3990205524591274,0.7373856257481506,1.0031905822232812,-0.9170014086173379,-0.33301527269660747,-0.06658958552078464,-0.7441993918064447,-1.7580419581499847,-1.0709039252833055,-0.13633235006261368,1.0671874518563818,1.416036010040315,-0.6764373579911961,-0.2528779273230124,1.3864902327515567,0.7124389429934609,-0.9134811966593819,0.3126317086033736,-1.9008880944614903,-2.1061867267013232,1.5131046708525724,-2.3973883765155226,-2.3075623322269703,-1.0309901352510602,-1.3807585547892005,-0.7927658302926817,1.8324112437069218,-2.0212897106163914,0.331815038322927,-0.736575562543405,1.6872952076183398,0.03438295917628417,0.5946222219955912,0.11178981004178723,0.692489770862007,-0.09038918989431771,-0.606886238434369,-0.46209764504059364,-0.42221745297613755,0.5063538220682972,1.5681129390097743,0.013499993124852089,0.34068565460125017,-0.8915367697414908,0.1786107731238437,-1.2846452336563858,0.5293864074800793,-2.5468149827751407,-0.7824093689987637,0.8329464259317579,1.7082185787293795,-2.476167995979677,1.041681924654354,0.08063287253346466,-2.0299094422822788,-0.939714893149719,-0.18914089737186826,0.9099712287743175,2.1049416198062456,0.5903387781059164,0.18602790852412465,0.0854971117344111,0.12282087252184085,1.7418879508129845,3.3859857531984097,1.6983552639033075,-0.10154510393714372,-3.3244806189269824,0.7687531498359867,-1.6848216935513642,1.143928385066737,0.3263817179705776,-0.9152986357626633,0.5772500589811952,2.931823907634211,-1.7857715708612139,-1.1335627355323095,-2.2465359582079905,-1.2191013640188155,1.5003515610029745,2.584722186912842,0.3017153957988893,-0.8587770921200077,-0.7945476213599855,0.39132328602899025,-0.5205334053213101,-2.159059439545565,-2.2765947275779777,1.2067226317256237,-0.5804265724323426,-0.33935830296672576,-1.7946001234243,0.0030900835754571615,-0.026472235899217628,-0.2821399339197717,-0.6410193333275724,1.3417567746953152,-0.9309624072823499,-1.6260781611314261,-0.6820815803750979,-1.7174767748909223,0.06401366616456539,-1.1495324016863508,-0.9163725745183509,0.9392985001092633,-3.9513778266017074,-2.8201124160381625,0.23506350229761397,1.1387226370327865,-3.1016708053935154,3.298505927969922,0.7766160888724718,0.10264872521571566,-0.20715516305068077,-1.273809416597154,-0.6002019478551751,1.4031579019546652,1.9029536816220445,-1.6360852959255465,-0.376977191392729,-0.5109650585774372,0.17302844324286124,-2.2171353285480344,0.7725678136485881,-0.33906538130969455,0.39022272738644076,1.4188424724732354,0.127492568140596,-0.5553945032705838,-1.945879927611846,-0.27144054610888757,0.5726981221854851,-1.30328968050792,-0.23133929678812926,-1.2075304087812415,-0.4070849449662902,0.6211555251563001,0.9006091058868869,0.371954948120803,2.9572989873489886,0.2463547675475711,0.36937298007688835,-1.4189899371993233,-0.007316571290008678,-0.015807857067996922,0.1535014596130742,-0.08618296526915417,-2.404695951179009,-1.9490406263211573,-0.8489746980400449,-1.625848979449617;3.4808065776743202,0.8723372919804471,-0.4293885430846588,1.6128651979442328,0.8318245037690412,-1.2453068219403038,2.0560628672339445,-0.4866284179142582,-0.7133791044129464,0.8010172661180419,1.4424108573847378,-0.6103551075070955,-0.33607871592092176,-0.5521695245585503,-2.7977532815928297,-0.9489672034263006,-2.1090291179007346,1.3862290758476772,1.532797521543101,0.12739393906015883,-1.3017290374098225,0.9413449165405718,2.1919640940881613,-0.9988376871432829,-0.9115548171311805,-0.8819451844821791,-0.8948716360537634,0.7359859480473583,-1.5282052389177028,-2.116501696541168,-0.10224040750268937,0.09096539428520323,-1.9511964654913818,0.9063667163114919,-0.3830722727934296,0.39087216407308617,-0.09551086209198983,0.07690072671678563,-2.144346315606136,0.7592810526736657,0.29987936221110745,0.6841510046985967,0.9757755996708546,-1.7063235568486457,-1.3183123260116705,0.2633782406049863,0.7085895783107468,0.5707101606332952,-0.28681229405074504,-1.1778461179397661,0.4937736947171985,0.9726388243685711,-1.0831866479660615,-0.2841487424073051,-1.7310396008811508,0.5148383782141979,2.1244127611160812,0.8191727403948448,-2.0575899096911034,1.652299783069465,-0.1742536578452664,-1.397142366975874,0.4386134895796823,0.5543735539674428,0.9206246507358162,1.739202297871384,1.984850583755654,-0.8791051450211873,-1.1353619629367668,-0.9865315127971894,0.4147591393272914,2.5052064922767885,0.9333584837796104,0.14839077568167225,-3.665872786919659,1.1595270831190352,-1.8995521773218804,1.6791254526106865,0.8369622308569841,-0.2787848019463761,-0.35232972795107964,1.5303121657301522,-1.0852627657914886,-1.097556802939968,-2.2410361277878104,0.30309142568239106,1.766974713357016,1.4101536994115342,1.6901863993420951,-1.66844628371785,-3.1185637045974692,-0.07150675433025971,-0.29102217953127785,-2.468022185728434,-2.209678430291211,0.5595790499900356,-0.4106524460931102,-1.1650189015083812,-2.414348030627518,0.48596529667899124,-1.7389824383905492,-0.130119524374894,-0.673523220388486,1.036760224464647,-1.5078116966889867,-2.38030231596883,1.7315177337150025,-0.4158392307493001,1.197024085641991,-2.6359819441903043,-1.5029172256508878,-0.62341844668839,-1.7763310825202934,-2.1838903735046222,2.5438394435997687,-1.115223010031041,-1.6939649215478008,3.106131119206164,0.5461515206340716,0.8305627840175557,-0.2820627484522819,1.4527155113088093,1.8397980495908186,-0.79069820211579,1.3183284360356766,-2.0791958202943137,-0.05596644222363596,-0.5543298899183197,0.5039581261403177,-2.12557653857707,-0.5140396887876956,-1.2005417486665866,0.6160799490103331,0.8500832562407705,-1.7105345194567676,-0.573799697463271,-0.45887724737028646,-0.42630540311469145,0.28243380563304055,-0.33833115597464386,-0.5953100586126833,-1.874630652437709,-1.5670740907654928,0.6620831833619711,0.7959972645297522,-0.66012443648237,3.3983162667910882,-0.5593194951991675,-0.049495828510796855,-1.815687655577179,0.04898795334449846,-1.9244571187924735,2.342469956025628,-0.5267219926347473,-0.8791652150709732,-0.7788196078283778,-0.690777679366964,-0.6739376972334357
